0.00796214341107 20000 129
129
0.00796214341107  0
0.00893367184302  1.37925428814e-26
0.0100237446725  4.36189766018e-25
0.0112468265038  1.09920530923e-24
0.0126191468896  1.8431209842e-24
0.0141589156877  2.67780809996e-24
0.0158865646945  3.61434244741e-24
0.0178250187627  4.66515126834e-24
0.02  5.76011164333e-24
0.022440369086  6.51318718698e-24
0.0251785082359  7.28351008888e-24
0.0282507508925  8.14782660059e-24
0.0316978638492  9.11760567709e-24
0.0355655882008  1.02057156975e-23
0.0399052462994  1.1382227354e-23
0.0447744227714  1.24299368079e-23
0.0502377286302  1.35590381437e-23
0.0563676586253  1.48389290056e-23
0.0632455532034  1.68684135052e-23
0.0709626778467  1.93969710306e-23
0.0796214341107  2.30624037458e-23
0.0893367184302  3.08670227206e-23
0.100237446725  4.13209769317e-23
0.112468265038  5.44799380037e-23
0.126191468896  6.81857648104e-23
0.141589156877  8.06535220603e-23
0.158865646945  9.14545748621e-23
0.178250187627  1.02325553133e-22
0.2  1.15092528834e-22
0.22440369086  1.27705324178e-22
0.251785082359  1.39786652263e-22
0.282507508925  1.48820170832e-22
0.316978638492  1.57810862953e-22
0.355655882008  1.70538820857e-22
0.399052462994  1.81499155296e-22
0.447744227714  1.8565846549e-22
0.502377286302  1.8077571726e-22
0.563676586253  1.81913980431e-22
0.632455532034  1.96366859789e-22
0.709626778467  2.00774966032e-22
0.796214341107  1.94249294753e-22
0.893367184302  1.93209238749e-22
1.00237446725  2.01731247147e-22
1.12468265038  2.05076655963e-22
1.26191468896  2.12071102353e-22
1.41589156877  2.22122062647e-22
1.58865646945  2.31064140907e-22
1.78250187627  2.40353770597e-22
2  2.49921591454e-22
2.2440369086  2.5761121817e-22
2.51785082359  2.63167294664e-22
2.82507508925  2.66310348347e-22
3.16978638492  2.67682762773e-22
3.55655882008  2.67124720328e-22
3.99052462994  2.64775741504e-22
4.47744227714  2.60291546494e-22
5.02377286302  2.54869726858e-22
5.63676586253  2.46224227702e-22
6.32455532034  2.08303825032e-22
7.09626778467  1.59938841916e-22
7.96214341107  1.40184545304e-22
8.93367184302  1.48907159802e-22
10.0237446725  1.60865336362e-22
11.2468265038  1.70565493696e-22
12.6191468896  1.77223944484e-22
14.1589156877  1.68374438472e-22
15.8865646945  1.39498102698e-22
17.8250187627  1.24519489202e-22
20  1.67516783241e-22
22.440369086  2.2092424024e-22
25.1785082359  2.53341550492e-22
28.2507508925  2.48846468724e-22
31.6978638492  2.43731349426e-22
35.5655882008  2.38324561522e-22
39.9052462994  2.3416632065e-22
44.7744227714  2.28077986842e-22
50.2377286302  2.21849179895e-22
56.3676586253  2.17391605486e-22
63.2455532034  2.13247660633e-22
70.9626778467  2.0898542828e-22
79.6214341107  2.04203124925e-22
89.3367184302  2.01895375809e-22
100.237446725  1.99450955491e-22
112.468265038  1.97000244368e-22
126.191468896  1.95021892865e-22
141.589156877  1.93794804542e-22
158.865646945  1.92070078042e-22
178.250187627  1.89451798881e-22
200  1.88452366187e-22
224.40369086  1.87104529972e-22
251.785082359  1.85722695323e-22
282.507508925  1.86271213668e-22
316.978638492  1.86928095249e-22
355.655882008  1.87853957694e-22
399.052462994  1.89816014523e-22
447.744227714  1.9128770498e-22
502.377286302  1.9289600069e-22
563.676586253  1.94041587449e-22
632.455532034  1.95493709685e-22
709.626778467  1.97380638238e-22
796.214341107  1.99877442033e-22
893.367184302  2.02792826421e-22
1002.37446725  2.03878518289e-22
1124.68265038  2.04213131951e-22
1261.91468896  2.04588574654e-22
1415.89156877  2.05009828296e-22
1588.65646945  2.05307120133e-22
1782.50187627  2.05454020776e-22
2000  2.05618846009e-22
2244.0369086  2.05162779706e-22
2517.85082359  2.04651064897e-22
2825.07508925  2.04076911439e-22
3169.78638492  2.03557768833e-22
3556.55882008  2.03119857044e-22
3990.52462994  2.02628511936e-22
4477.44227714  2.02077213658e-22
5023.77286302  2.01478509535e-22
5636.76586253  2.01296634486e-22
6324.55532034  2.01092567324e-22
7096.26778467  2.00863929398e-22
7962.14341107  2.00609985003e-22
8933.67184302  2.00325054705e-22
10023.7446725  2.00010522072e-22
11246.8265038  1.99917834033e-22
12619.1468896  1.99813836342e-22
14158.9156877  1.99697149013e-22
15886.5646945  1.99566223677e-22
17825.0187627  1.99419323034e-22
20000  1.99254497801e-22

