0.893367184302 20000 88
88
0.893367184302  0
1.00237446725  3.68972632952e-29
1.12468265038  2.70962635272e-28
1.26191468896  5.6135543355e-28
1.41589156877  8.87181512214e-28
1.58865646945  1.25276438537e-27
1.78250187627  1.66295511562e-27
2  1.33686637152e-26
2.2440369086  9.01083840572e-26
2.51785082359  1.86196495942e-25
2.82507508925  2.94009130716e-25
3.16978638492  1.25306778137e-24
3.55655882008  3.19072675837e-24
3.99052462994  6.14777720961e-24
4.47744227714  1.42716713011e-23
5.02377286302  2.49981685429e-23
5.63676586253  4.08579123542e-23
6.32455532034  5.8545268415e-23
7.09626778467  7.69117073628e-23
7.96214341107  9.41504938159e-23
8.93367184302  1.09781271713e-22
10.0237446725  1.23588547706e-22
11.2468265038  1.35598111351e-22
12.6191468896  1.45853367509e-22
14.1589156877  1.54531493965e-22
15.8865646945  1.61871201718e-22
17.8250187627  1.68028121791e-22
20  1.67913994163e-22
22.440369086  1.67269294605e-22
25.1785082359  1.67341611933e-22
28.2507508925  1.6797148589e-22
31.6978638492  1.67909248861e-22
35.5655882008  1.67223728458e-22
39.9052462994  1.6597670811e-22
44.7744227714  1.6422411028e-22
50.2377286302  1.62017159379e-22
56.3676586253  1.59403547531e-22
63.2455532034  1.56428624265e-22
70.9626778467  1.5313662602e-22
79.6214341107  1.49571950712e-22
89.3367184302  1.45780463516e-22
100.237446725  1.41810788926e-22
112.468265038  1.37715497501e-22
126.191468896  1.335520328e-22
141.589156877  1.29383150119e-22
158.865646945  1.25276571461e-22
178.250187627  1.21303535183e-22
200  1.17535984756e-22
224.40369086  1.1411865208e-22
251.785082359  1.10953570048e-22
282.507508925  1.08167652586e-22
316.978638492  1.05786545095e-22
355.655882008  1.0381387839e-22
399.052462994  1.02231436727e-22
447.744227714  1.01002604489e-22
502.377286302  1.00079193207e-22
563.676586253  9.95222083264e-23
632.455532034  9.8985974547e-23
709.626778467  9.93706724671e-23
796.214341107  1.00137630132e-22
893.367184302  1.01284498461e-22
1002.37446725  1.05006145883e-22
1124.68265038  1.07759385546e-22
1261.91468896  1.09954911098e-22
1415.89156877  1.11762101194e-22
1588.65646945  1.13034643171e-22
1782.50187627  1.14022696951e-22
2000  1.147097558e-22
2244.0369086  1.15157220277e-22
2517.85082359  1.15414033204e-22
2825.07508925  1.15519927442e-22
3169.78638492  1.15507581221e-22
3556.55882008  1.15404077251e-22
3990.52462994  1.15231914896e-22
4477.44227714  1.1500973775e-22
5023.77286302  1.14752883572e-22
5636.76586253  1.1447382606e-22
6324.55532034  1.1418255187e-22
7096.26778467  1.13886897961e-22
7962.14341107  1.1359286194e-22
8933.67184302  1.13304890116e-22
10023.7446725  1.13026143476e-22
11246.8265038  1.12758739726e-22
12619.1468896  1.12503969218e-22
14158.9156877  1.12262483226e-22
15886.5646945  1.12034454134e-22
17825.0187627  1.1181970832e-22
20000  1.11827716527e-22

