0.893367184302 20000 88
88
0.893367184302  0
1.00237446725  2.9935997894e-31
1.12468265038  2.19858973167e-30
1.26191468896  4.55489865612e-30
1.41589156877  7.19872075339e-30
1.58865646945  1.01651379364e-29
1.78250187627  1.34935127589e-29
2  4.61765954529e-28
2.2440369086  3.4790953986e-27
2.51785082359  7.2592951868e-27
2.82507508925  1.15007491101e-26
3.16978638492  1.10652149018e-25
3.55655882008  3.18939504662e-25
3.99052462994  8.01318589522e-25
4.47744227714  2.86906173312e-24
5.02377286302  6.44519093359e-24
5.63676586253  1.52676884248e-23
6.32455532034  2.8710080479e-23
7.09626778467  4.70918890078e-23
7.96214341107  6.75708848326e-23
8.93367184302  8.77455053857e-23
10.0237446725  1.06427880737e-22
11.2468265038  1.23185123004e-22
12.6191468896  1.3789914946e-22
14.1589156877  1.50621428086e-22
15.8865646945  1.61537542356e-22
17.8250187627  1.70847074816e-22
20  1.73046505696e-22
22.440369086  1.74976234501e-22
25.1785082359  1.77310811422e-22
28.2507508925  1.79257644528e-22
31.6978638492  1.80300613749e-22
35.5655882008  1.80531988965e-22
39.9052462994  1.80034370166e-22
44.7744227714  1.78882193448e-22
50.2377286302  1.77143191278e-22
56.3676586253  1.74879834877e-22
63.2455532034  1.72150784343e-22
70.9626778467  1.69012366512e-22
79.6214341107  1.65520089151e-22
89.3367184302  1.61730179544e-22
100.237446725  1.57701101848e-22
112.468265038  1.53494956946e-22
126.191468896  1.49178599543e-22
141.589156877  1.44824225453e-22
158.865646945  1.40509106041e-22
178.250187627  1.36314114012e-22
200  1.3232075109e-22
224.40369086  1.28689663241e-22
251.785082359  1.25317338168e-22
282.507508925  1.22344725214e-22
316.978638492  1.19802436138e-22
355.655882008  1.17696793904e-22
399.052462994  1.16009923907e-22
447.744227714  1.14703464937e-22
502.377286302  1.13726028277e-22
563.676586253  1.1314548403e-22
632.455532034  1.12584080009e-22
709.626778467  1.13028615304e-22
796.214341107  1.13889547865e-22
893.367184302  1.15164515632e-22
1002.37446725  1.19256789986e-22
1124.68265038  1.22285396115e-22
1261.91468896  1.24701278286e-22
1415.89156877  1.2669043098e-22
1588.65646945  1.28093342252e-22
1782.50187627  1.29183889887e-22
2000  1.29944238801e-22
2244.0369086  1.30441670919e-22
2517.85082359  1.30729804384e-22
2825.07508925  1.30852163572e-22
3169.78638492  1.30844545938e-22
3556.55882008  1.30736622994e-22
3990.52462994  1.3055305003e-22
4477.44227714  1.30314263189e-22
5023.77286302  1.30037081425e-22
5636.76586253  1.29735189718e-22
6324.55532034  1.29419551216e-22
7096.26778467  1.29098775893e-22
7962.14341107  1.28779459674e-22
8933.67184302  1.28466499245e-22
10023.7446725  1.28163382795e-22
11246.8265038  1.2787245468e-22
12619.1468896  1.27595151617e-22
14158.9156877  1.27332208698e-22
15886.5646945  1.27083834751e-22
17825.0187627  1.26849857863e-22
20000  1.26859520286e-22

