0.893367184302 20000 88
88
0.893367184302  0
1.00237446725  4.91656527584e-38
1.12468265038  3.61088150596e-37
1.26191468896  7.48079796501e-37
1.41589156877  1.18229156487e-36
1.58865646945  1.66948518205e-36
1.78250187627  2.21612541135e-36
2  9.19172053175e-33
2.2440369086  7.14759750306e-32
2.51785082359  1.49518775747e-31
2.82507508925  2.37084238377e-31
3.16978638492  2.90270839587e-29
3.55655882008  9.08257997413e-29
3.99052462994  6.92548457116e-28
4.47744227714  4.63579198338e-27
5.02377286302  2.28361745416e-26
5.63676586253  1.07110415818e-25
6.32455532034  5.44702155189e-25
7.09626778467  2.02387843812e-24
7.96214341107  6.7397894939e-24
8.93367184302  1.85233245613e-23
10.0237446725  3.98271736817e-23
11.2468265038  6.83158005092e-23
12.6191468896  9.89862032048e-23
14.1589156877  1.28233947276e-22
15.8865646945  1.5470562886e-22
17.8250187627  1.78115848419e-22
20  1.88064067403e-22
22.440369086  1.98322038061e-22
25.1785082359  2.08882288752e-22
28.2507508925  2.17059443903e-22
31.6978638492  2.23379390904e-22
35.5655882008  2.28040387057e-22
39.9052462994  2.31219154382e-22
44.7744227714  2.33073825727e-22
50.2377286302  2.33746726498e-22
56.3676586253  2.33367040121e-22
63.2455532034  2.32053402095e-22
70.9626778467  2.2991646005e-22
79.6214341107  2.27061422477e-22
89.3367184302  2.23590592295e-22
100.237446725  2.19605837631e-22
112.468265038  2.15210885559e-22
126.191468896  2.10513232286e-22
141.589156877  2.05625351223e-22
158.865646945  2.00664771297e-22
178.250187627  1.95752540319e-22
200  1.91009657532e-22
224.40369086  1.86660300184e-22
251.785082359  1.82581785072e-22
282.507508925  1.78970731684e-22
316.978638492  1.75878353777e-22
355.655882008  1.73322619782e-22
399.052462994  1.71288084638e-22
447.744227714  1.69730643469e-22
502.377286302  1.68587439136e-22
563.676586253  1.67953467909e-22
632.455532034  1.67328227654e-22
709.626778467  1.68032361826e-22
796.214341107  1.69281265927e-22
893.367184302  1.71073074919e-22
1002.37446725  1.76615438127e-22
1124.68265038  1.80725887528e-22
1261.91468896  1.84010055039e-22
1415.89156877  1.86717884773e-22
1588.65646945  1.88638686395e-22
1782.50187627  1.90138018841e-22
2000  1.91192933459e-22
2244.0369086  1.91893528582e-22
2517.85082359  1.92311597733e-22
2825.07508925  1.92505431293e-22
3169.78638492  1.92522993102e-22
3556.55882008  1.9240406539e-22
3990.52462994  1.92181733231e-22
4477.44227714  1.9188344914e-22
5023.77286302  1.91531835876e-22
5636.76586253  1.91145330038e-22
6324.55532034  1.907387305e-22
7096.26778467  1.90323688795e-22
7962.14341107  1.89909160272e-22
8933.67184302  1.89501823099e-22
10023.7446725  1.89106465506e-22
11246.8265038  1.887263386e-22
12619.1468896  1.88363471512e-22
14158.9156877  1.88018946565e-22
15886.5646945  1.87693133735e-22
17825.0187627  1.87385885475e-22
20000  1.8740302006e-22

