0.893367184302 20000 88
88
0.893367184302  0
1.00237446725  2.81302229745e-40
1.12468265038  2.06597281229e-39
1.26191468896  4.28015297218e-39
1.41589156877  6.76450397274e-39
1.58865646945  9.55199164232e-39
1.78250187627  1.26796042487e-38
2  2.99880995686e-34
2.2440369086  2.33240979927e-33
2.51785082359  4.87919136946e-33
2.82507508925  7.73672729028e-33
3.16978638492  2.26575151217e-30
3.55655882008  7.11728291071e-30
3.99052462994  8.32425615193e-29
4.47744227714  6.02545658593e-28
5.02377286302  3.80495405207e-27
5.63676586253  1.96954136829e-26
6.32455532034  1.26645039748e-25
7.09626778467  5.63081897438e-25
7.96214341107  2.28045576018e-24
8.93367184302  7.94500997719e-24
10.0237446725  2.20058027678e-23
11.2468265038  4.67005959029e-23
12.6191468896  7.7892679443e-23
14.1589156877  1.10015451508e-22
15.8865646945  1.40610551062e-22
17.8250187627  1.68083509594e-22
20  1.83168639799e-22
22.440369086  1.99300992242e-22
25.1785082359  2.14675100895e-22
28.2507508925  2.25137655355e-22
31.6978638492  2.33409998346e-22
35.5655882008  2.39727613982e-22
39.9052462994  2.44300277851e-22
44.7744227714  2.47315502121e-22
50.2377286302  2.48941773155e-22
56.3676586253  2.49331636511e-22
63.2455532034  2.48624680548e-22
70.9626778467  2.46950461831e-22
79.6214341107  2.44431399693e-22
89.3367184302  2.41185639023e-22
100.237446725  2.37329833547e-22
112.468265038  2.32981730541e-22
126.191468896  2.28262338889e-22
141.589156877  2.23297341596e-22
158.865646945  2.18217295275e-22
178.250187627  2.13156094538e-22
200  2.08247249499e-22
224.40369086  2.03734167123e-22
251.785082359  1.99489705134e-22
282.507508925  1.95727215441e-22
316.978638492  1.92504545829e-22
355.655882008  1.89843634299e-22
399.052462994  1.87730272449e-22
447.744227714  1.86119164387e-22
502.377286302  1.84944543952e-22
563.676586253  1.84309522171e-22
632.455532034  1.8367859611e-22
709.626778467  1.84468636248e-22
796.214341107  1.85839221671e-22
893.367184302  1.87788831815e-22
1002.37446725  1.93757214226e-22
1124.68265038  1.98187054145e-22
1261.91468896  2.01728460771e-22
1415.89156877  2.0464979761e-22
1588.65646945  2.06725569469e-22
1782.50187627  2.08347831077e-22
2000  2.094921763e-22
2244.0369086  2.10255328046e-22
2517.85082359  2.10714368804e-22
2825.07508925  2.10931894478e-22
3169.78638492  2.10959422776e-22
3556.55882008  2.10839694063e-22
3990.52462994  2.10608263392e-22
4477.44227714  2.1029464205e-22
5023.77286302  2.09923158282e-22
5636.76586253  2.09513647252e-22
6324.55532034  2.09082038979e-22
7096.26778467  2.08640884088e-22
7962.14341107  2.08199837538e-22
8933.67184302  2.07766107968e-22
10023.7446725  2.07344873048e-22
11246.8265038  2.06939657986e-22
12619.1468896  2.06552673691e-22
14158.9156877  2.06185112107e-22
15886.5646945  2.05837397925e-22
17825.0187627  2.05509397791e-22
20000  2.05529111739e-22

