0.893367184302 20000 88
88
0.893367184302  0
1.00237446725  8.46917446237e-31
1.12468265038  6.21999982065e-30
1.26191468896  1.28861949493e-29
1.41589156877  2.03657889036e-29
1.58865646945  2.8758031351e-29
1.78250187627  3.81742822499e-29
2  9.43558021477e-28
2.2440369086  7.02061534842e-27
2.51785082359  1.46336855879e-26
2.82507508925  2.31756908905e-26
3.16978638492  1.86145570474e-25
3.55655882008  5.26684839587e-25
3.99052462994  1.24341307201e-24
4.47744227714  4.10175780281e-24
5.02377286302  8.72921937516e-24
5.63676586253  1.9090123898e-23
6.32455532034  3.36659673023e-23
7.09626778467  5.23579744487e-23
7.96214341107  7.22282645041e-23
8.93367184302  9.12990784839e-23
10.0237446725  1.08645799224e-22
11.2468265038  1.24006730724e-22
12.6191468896  1.37347305679e-22
14.1589156877  1.48853200948e-22
15.8865646945  1.58876723175e-22
17.8250187627  1.67425881824e-22
20  1.69863428554e-22
22.440369086  1.72144476381e-22
25.1785082359  1.74559343045e-22
28.2507508925  1.76198967936e-22
31.6978638492  1.76985131783e-22
35.5655882008  1.77004547268e-22
39.9052462994  1.76334878139e-22
44.7744227714  1.75046168329e-22
50.2377286302  1.7320223126e-22
56.3676586253  1.70862026045e-22
63.2455532034  1.68081045129e-22
70.9626778467  1.6491273235e-22
79.6214341107  1.61409939242e-22
89.3367184302  1.57626407195e-22
100.237446725  1.53618230082e-22
112.468265038  1.49445202317e-22
126.191468896  1.45171889832e-22
141.589156877  1.40868181706e-22
158.865646945  1.36609006328e-22
178.250187627  1.32472864927e-22
200  1.28538901476e-22
224.40369086  1.24963781369e-22
251.785082359  1.21645470394e-22
282.507508925  1.18721402883e-22
316.978638492  1.16220978955e-22
355.655882008  1.14149880741e-22
399.052462994  1.12490182449e-22
447.744227714  1.11203994117e-22
502.377286302  1.10240760791e-22
563.676586253  1.09666630622e-22
632.455532034  1.09111992853e-22
709.626778467  1.09541715569e-22
796.214341107  1.10379155892e-22
893.367184302  1.11621961983e-22
1002.37446725  1.15620637964e-22
1124.68265038  1.18579747375e-22
1261.91468896  1.20940043757e-22
1415.89156877  1.22883314946e-22
1588.65646945  1.24253392555e-22
1782.50187627  1.25318148843e-22
2000  1.26060085952e-22
2244.0369086  1.26544997308e-22
2517.85082359  1.26825318065e-22
2825.07508925  1.26943613475e-22
3169.78638492  1.26934892153e-22
3556.55882008  1.2682817109e-22
3990.52462994  1.2664756066e-22
4477.44227714  1.26413044069e-22
5023.77286302  1.26141066125e-22
5636.76586253  1.25845005954e-22
6324.55532034  1.2553558024e-22
7096.26778467  1.25221203946e-22
7962.14341107  1.24908322155e-22
8933.67184302  1.24601718103e-22
10023.7446725  1.24304797656e-22
11246.8265038  1.24019848245e-22
12619.1468896  1.23748269935e-22
14158.9156877  1.23490776957e-22
15886.5646945  1.23247569221e-22
17825.0187627  1.2301847466e-22
20000  1.23027732798e-22

