0.893367184302 20000 88
88
0.893367184302  0
1.00237446725  2.81302229745e-40
1.12468265038  2.06597281229e-39
1.26191468896  4.28015297218e-39
1.41589156877  6.76450397274e-39
1.58865646945  9.55199164232e-39
1.78250187627  1.26796042487e-38
2  2.99880995686e-34
2.2440369086  2.33240979927e-33
2.51785082359  4.87919136946e-33
2.82507508925  7.73672729028e-33
3.16978638492  2.26575151217e-30
3.55655882008  7.11728291071e-30
3.99052462994  8.32425615193e-29
4.47744227714  6.02545658593e-28
5.02377286302  3.80495405207e-27
5.63676586253  1.96954136829e-26
6.32455532034  1.26645039748e-25
7.09626778467  5.63081897438e-25
7.96214341107  2.28045576018e-24
8.93367184302  7.94500997719e-24
10.0237446725  2.20058027678e-23
11.2468265038  4.67005959029e-23
12.6191468896  7.7892679443e-23
14.1589156877  1.10015451508e-22
15.8865646945  1.40610551062e-22
17.8250187627  1.68083509594e-22
20  1.82822427841e-22
22.440369086  1.98532337804e-22
25.1785082359  2.13732180767e-22
28.2507508925  2.24403674248e-22
31.6978638492  2.32858128282e-22
35.5655882008  2.393340983e-22
39.9052462994  2.44044082937e-22
44.7744227714  2.47178008842e-22
50.2377286302  2.48906504065e-22
56.3676586253  2.49384015345e-22
63.2455532034  2.48751820995e-22
70.9626778467  2.47140982956e-22
79.6214341107  2.44675265759e-22
89.3367184302  2.41474021739e-22
100.237446725  2.37654994974e-22
112.468265038  2.33336924908e-22
126.191468896  2.28641731388e-22
141.589156877  2.23695941742e-22
158.865646945  2.1863090163e-22
178.250187627  2.13581246469e-22
200  2.08681180539e-22
224.40369086  2.04174932602e-22
251.785082359  1.99935579762e-22
282.507508925  1.96177161135e-22
316.978638492  1.92957937673e-22
355.655882008  1.90300158381e-22
399.052462994  1.88189821462e-22
447.744227714  1.86581742108e-22
502.377286302  1.85410191061e-22
563.676586253  1.84778600984e-22
632.455532034  1.84150567634e-22
709.626778467  1.84945742535e-22
796.214341107  1.86322205739e-22
893.367184302  1.88278497071e-22
1002.37446725  1.94261114667e-22
1124.68265038  1.9870198772e-22
1261.91468896  2.0225249176e-22
1415.89156877  2.05181520485e-22
1588.65646945  2.07263143884e-22
1782.50187627  2.08890193993e-22
2000  2.10038226961e-22
2244.0369086  2.10804166823e-22
2517.85082359  2.11265259329e-22
2825.07508925  2.11484235341e-22
3169.78638492  2.11512725539e-22
3556.55882008  2.11393565545e-22
3990.52462994  2.11162390918e-22
4477.44227714  2.10848780851e-22
5023.77286302  2.10477120531e-22
5636.76586253  2.10067292444e-22
6324.55532034  2.0963526547e-22
7096.26778467  2.09193621694e-22
7962.14341107  2.08752041123e-22
8933.67184302  2.08317751966e-22
10023.7446725  2.07895946851e-22
11246.8265038  2.07490162134e-22
12619.1468896  2.07102616785e-22
14158.9156877  2.06734508353e-22
15886.5646945  2.06386265228e-22
17825.0187627  2.06057756307e-22
20000  2.06077649777e-22

