0.893367184302 20000 88
88
0.893367184302  0
1.00237446725  7.44824249756e-30
1.12468265038  5.470091021e-29
1.26191468896  1.13325441911e-28
1.41589156877  1.79103248355e-28
1.58865646945  2.52907161068e-28
1.78250187627  3.35716513132e-28
2  4.32667610113e-27
2.2440369086  3.08524181046e-26
2.51785082359  6.40758233243e-26
2.82507508925  1.01353097096e-25
3.16978638492  5.66210235174e-25
3.55655882008  1.52267486609e-24
3.99052462994  3.18665975536e-24
4.47744227714  8.6803296167e-24
5.02377286302  1.65205212171e-23
5.63676586253  3.04266308766e-23
6.32455532034  4.73278968078e-23
7.09626778467  6.63940278645e-23
7.96214341107  8.51598737513e-23
8.93367184302  1.02516979926e-22
10.0237446725  1.18017323342e-22
11.2468265038  1.31608057414e-22
12.6191468896  1.43326905333e-22
14.1589156877  1.53340237731e-22
15.8865646945  1.61859155536e-22
17.8250187627  1.69059384343e-22
20  1.69687494589e-22
22.440369086  1.69866260274e-22
25.1785082359  1.70662230366e-22
28.2507508925  1.71713122756e-22
31.6978638492  1.72003756458e-22
35.5655882008  1.71610500546e-22
39.9052462994  1.70601834913e-22
44.7744227714  1.69039637507e-22
50.2377286302  1.66980443128e-22
56.3676586253  1.64476698428e-22
63.2455532034  1.61578035699e-22
70.9626778467  1.58332582656e-22
79.6214341107  1.54788314551e-22
89.3367184302  1.50994435411e-22
100.237446725  1.47002743222e-22
112.468265038  1.42868885958e-22
126.191468896  1.38653350414e-22
141.589156877  1.34421949365e-22
158.865646945  1.30245502423e-22
178.250187627  1.26198377772e-22
200  1.22355628037e-22
224.40369086  1.18867182105e-22
251.785082359  1.15633238268e-22
282.507508925  1.12785298149e-22
316.978638492  1.10350624098e-22
355.655882008  1.08333719922e-22
399.052462994  1.06716473128e-22
447.744227714  1.05461687902e-22
502.377286302  1.04520119226e-22
563.676586253  1.03955017287e-22
632.455532034  1.03410181844e-22
709.626778467  1.03814192569e-22
796.214341107  1.04611689178e-22
893.367184302  1.05800312338e-22
1002.37446725  1.09643240668e-22
1124.68265038  1.12486538333e-22
1261.91468896  1.14754102117e-22
1415.89156877  1.16620759987e-22
1588.65646945  1.17935876776e-22
1782.50187627  1.18957384898e-22
2000  1.19668342456e-22
2244.0369086  1.20132076484e-22
2517.85082359  1.20399060767e-22
2825.07508925  1.20510269394e-22
3169.78638492  1.20499401522e-22
3556.55882008  1.2039438703e-22
3990.52462994  1.20218430692e-22
4477.44227714  1.19990762545e-22
5023.77286302  1.19727204866e-22
5636.76586253  1.1944062753e-22
6324.55532034  1.1914133653e-22
7096.26778467  1.18837421574e-22
7962.14341107  1.18535075844e-22
8933.67184302  1.18238892818e-22
10023.7446725  1.17952140345e-22
11246.8265038  1.17677010091e-22
12619.1468896  1.17414840106e-22
14158.9156877  1.17166308896e-22
15886.5646945  1.16931600584e-22
17825.0187627  1.16710541935e-22
20000  1.16719081177e-22

