0.893367184302 20000 88
88
0.893367184302  0
1.00237446725  3.2267460837e-36
1.12468265038  2.3698246854e-35
1.26191468896  4.9096542367e-35
1.41589156877  7.75938986405e-35
1.58865646945  1.09568458278e-34
1.78250187627  1.4544450426e-34
2  1.56362059414e-31
2.2440369086  1.21499206243e-30
2.51785082359  2.54146177713e-30
2.82507508925  4.02978527609e-30
3.16978638492  2.51268988256e-28
3.55655882008  7.81127025606e-28
3.99052462994  4.31891144785e-27
4.47744227714  2.63559837456e-26
5.02377286302  1.06304242081e-25
5.63676586253  4.47876340456e-25
6.32455532034  1.82762205962e-24
7.09626778467  5.66355352751e-24
7.96214341107  1.53551312223e-23
8.93367184302  3.35140827013e-23
10.0237446725  5.87354409366e-23
11.2468265038  8.68327175207e-23
12.6191468896  1.14248474638e-22
14.1589156877  1.39296650377e-22
15.8865646945  1.61557748461e-22
17.8250187627  1.81045648052e-22
20  1.88484056792e-22
22.440369086  1.95993154456e-22
25.1785082359  2.04012591661e-22
28.2507508925  2.10500107805e-22
31.6978638492  2.15378666756e-22
35.5655882008  2.1881878222e-22
39.9052462994  2.2097254359e-22
44.7744227714  2.21976189225e-22
50.2377286302  2.2195254735e-22
56.3676586253  2.21013387595e-22
63.2455532034  2.19261723215e-22
70.9626778467  2.16794097109e-22
79.6214341107  2.13702870712e-22
89.3367184302  2.10078509784e-22
100.237446725  2.06011819609e-22
112.468265038  2.01596019052e-22
126.191468896  1.96928455922e-22
141.589156877  1.92111660753e-22
158.865646945  1.87253334382e-22
178.250187627  1.82464812665e-22
200  1.77857620237e-22
224.40369086  1.73641261341e-22
251.785082359  1.69696619126e-22
282.507508925  1.66207528669e-22
316.978638492  1.63220187856e-22
355.655882008  1.60749589391e-22
399.052462994  1.58779407043e-22
447.744227714  1.57266515524e-22
502.377286302  1.56150352379e-22
563.676586253  1.55519710007e-22
632.455532034  1.54901086281e-22
709.626778467  1.55541047738e-22
796.214341107  1.56698019164e-22
893.367184302  1.58369902999e-22
1002.37446725  1.63585709861e-22
1124.68265038  1.67451596795e-22
1261.91468896  1.70538938085e-22
1415.89156877  1.73083497575e-22
1588.65646945  1.74885975007e-22
1782.50187627  1.76291545353e-22
2000  1.77278386117e-22
2244.0369086  1.77931504957e-22
2517.85082359  1.7831863299e-22
2825.07508925  1.78494754933e-22
3169.78638492  1.78505107026e-22
3556.55882008  1.78387201835e-22
3990.52462994  1.78172229852e-22
4477.44227714  1.77886064853e-22
5023.77286302  1.77550022144e-22
5636.76586253  1.77181466501e-22
6324.55532034  1.76794330249e-22
7096.26778467  1.76399576483e-22
7962.14341107  1.76005625193e-22
8933.67184302  1.75618748979e-22
10023.7446725  1.75243438696e-22
11246.8265038  1.74882736547e-22
12619.1468896  1.74538533556e-22
14158.9156877  1.74211829239e-22
15886.5646945  1.73902952836e-22
17825.0187627  1.73611747077e-22
20000  1.73626969099e-22

