0.893367184302 20000 88
88
0.893367184302  0
1.00237446725  5.3173351524e-36
1.12468265038  3.90521961686e-35
1.26191468896  8.09058921333e-35
1.41589156877  1.27866511387e-34
1.58865646945  1.80557192814e-34
1.78250187627  2.39677109746e-34
2  2.21504720912e-31
2.2440369086  1.72089440159e-30
2.51785082359  3.59963725421e-30
2.82507508925  5.70762140575e-30
3.16978638492  3.28814033819e-28
3.55655882008  1.02107503097e-27
3.99052462994  5.4356122663e-27
4.47744227714  3.27198834645e-26
5.02377286302  1.2875358187e-25
5.63676586253  5.34123278048e-25
6.32455532034  2.11651332959e-24
7.09626778467  6.40035728719e-24
7.96214341107  1.68789456319e-23
8.93367184302  3.5804322403e-23
10.0237446725  6.13391903581e-23
11.2468265038  8.9282557168e-23
12.6191468896  1.16302973381e-22
14.1589156877  1.40890507885e-22
15.8865646945  1.62705272843e-22
17.8250187627  1.81784724659e-22
20  1.889625873e-22
22.440369086  1.96186796409e-22
25.1785082359  2.03933412742e-22
28.2507508925  2.1022455227e-22
31.6978638492  2.14934418161e-22
35.5655882008  2.18230404836e-22
39.9052462994  2.20261833639e-22
44.7744227714  2.21162484672e-22
50.2377286302  2.21052999962e-22
56.3676586253  2.20043200442e-22
63.2455532034  2.18234356304e-22
70.9626778467  2.1572144333e-22
79.6214341107  2.12595403924e-22
89.3367184302  2.08945406588e-22
100.237446725  2.04861056295e-22
112.468265038  2.00434445511e-22
126.191468896  1.9576184903e-22
141.589156877  1.90944761134e-22
158.865646945  1.86089872475e-22
178.250187627  1.81307532605e-22
200  1.76708312591e-22
224.40369086  1.72500319614e-22
251.785082359  1.68564642935e-22
282.507508925  1.65083909193e-22
316.978638492  1.62103796252e-22
355.655882008  1.59638967432e-22
399.052462994  1.57672962819e-22
447.744227714  1.56162698272e-22
502.377286302  1.55047778244e-22
563.676586253  1.54416412701e-22
632.455532034  1.53797480601e-22
709.626778467  1.54430920961e-22
796.214341107  1.55578972717e-22
893.367184302  1.57239502175e-22
1002.37446725  1.62425523702e-22
1124.68265038  1.66268995892e-22
1261.91468896  1.69338233715e-22
1415.89156877  1.71867733195e-22
1588.65646945  1.73659215454e-22
1782.50187627  1.75056028535e-22
2000  1.76036449591e-22
2244.0369086  1.76685028099e-22
2517.85082359  1.77069128735e-22
2825.07508925  1.772434374e-22
3169.78638492  1.77252943289e-22
3556.55882008  1.77134953016e-22
3990.52462994  1.76920484855e-22
4477.44227714  1.7663526882e-22
5023.77286302  1.76300500946e-22
5636.76586253  1.7593344804e-22
6324.55532034  1.75547963033e-22
7096.26778467  1.75154945775e-22
7962.14341107  1.74762766898e-22
8933.67184302  1.74377661432e-22
10023.7446725  1.74004092508e-22
11246.8265038  1.73645082663e-22
12619.1468896  1.73302509715e-22
14158.9156877  1.72977365037e-22
15886.5646945  1.72669973587e-22
17825.0187627  1.7238017667e-22
20000  1.72395196276e-22

