5.63676586253 20000 72
72
5.63676586253  0
6.32455532034  1.34657175089e-25
7.09626778467  6.42435479699e-25
7.96214341107  1.53175928217e-24
8.93367184302  3.67091756549e-24
10.0237446725  8.40695794107e-24
11.2468265038  1.66233428218e-23
12.6191468896  2.49343379699e-23
14.1589156877  2.88586952785e-23
15.8865646945  2.51876784763e-23
17.8250187627  1.56606544122e-23
20  9.14157283566e-24
22.440369086  5.72911788806e-24
25.1785082359  3.85540449885e-24
28.2507508925  2.85648558573e-24
31.6978638492  2.30217351742e-24
35.5655882008  1.96897446874e-24
39.9052462994  1.75152289526e-24
44.7744227714  1.60691589984e-24
50.2377286302  1.50983090749e-24
56.3676586253  1.43998867324e-24
63.2455532034  1.37998525695e-24
70.9626778467  1.31778735511e-24
79.6214341107  1.24757269105e-24
89.3367184302  1.16938046622e-24
100.237446725  1.08945425308e-24
112.468265038  1.02330159164e-24
126.191468896  1.07469738817e-24
141.589156877  1.37096409503e-24
158.865646945  1.95360521218e-24
178.250187627  2.63777395179e-24
200  3.35376908177e-24
224.40369086  4.19960905385e-24
251.785082359  5.23912885214e-24
282.507508925  6.36454093029e-24
316.978638492  7.19225538737e-24
355.655882008  7.25482655183e-24
399.052462994  6.53759655597e-24
447.744227714  5.50926360272e-24
502.377286302  4.5826377686e-24
563.676586253  3.89646806812e-24
632.455532034  3.43478998138e-24
709.626778467  3.13476843279e-24
796.214341107  2.93325277056e-24
893.367184302  2.78356473229e-24
1002.37446725  2.65953749414e-24
1124.68265038  2.55010631907e-24
1261.91468896  2.44942284447e-24
1415.89156877  2.35265229125e-24
1588.65646945  2.25667789623e-24
1782.50187627  2.16110681482e-24
2000  2.06754767136e-24
2244.0369086  1.97815702271e-24
2517.85082359  1.89467209732e-24
2825.07508925  1.81808242621e-24
3169.78638492  1.74873134757e-24
3556.55882008  1.68644389331e-24
3990.52462994  1.63073258501e-24
4477.44227714  1.58101885479e-24
5023.77286302  1.53669148539e-24
5636.76586253  1.49715960096e-24
6324.55532034  1.46190463149e-24
7096.26778467  1.43042637254e-24
7962.14341107  1.40228786458e-24
8933.67184302  1.37712315712e-24
10023.7446725  1.35461697507e-24
11246.8265038  1.33449929873e-24
12619.1468896  1.31655241934e-24
14158.9156877  1.30056432073e-24
15886.5646945  1.28635815565e-24
17825.0187627  1.27378669584e-24
20000  1.26272197143e-24

