5.63676586253 20000 143
143
5.63676586253  0
5.97076523784  1.06568345238e-27
6.32455532034  1.59485752707e-26
6.69930878316  2.24327605397e-26
7.09626778467  3.2342561852e-26
7.51674808577  5.03989815617e-26
7.96214341107  7.23458026939e-26
8.43393006857  1.15841952564e-25
8.93367184302  1.70798379565e-25
9.46302517923  2.73819600245e-25
10.0237446725  4.13448682615e-25
10.6176888846  6.54347125298e-25
11.2468265038  1.01376719743e-24
11.9132428706  1.55789775692e-24
12.6191468896  2.40549126413e-24
13.3668783514  3.59856791814e-24
14.1589156877  5.18695948306e-24
14.9978841866  7.14639810878e-24
15.8865646945  9.29380075532e-24
16.8279028329  1.11334991129e-23
17.8250187627  1.14927910273e-23
18.8812175257  1.0152266396e-23
20  8.06107778706e-24
21.1850745035  6.26828509298e-24
22.440369086  4.88364365837e-24
23.7700445487  3.83727307899e-24
25.1785082359  3.06988143305e-24
26.6704286433  2.5108809204e-24
28.2507508925  2.09066727227e-24
29.9247131219  1.77292826344e-24
31.6978638492  1.52971477691e-24
33.5760803625  1.33407263213e-24
35.5655882008  1.17318540887e-24
37.6729817898  1.03816900972e-24
39.9052462994  9.23431315832e-25
42.2697807967  8.26396082369e-25
44.7744227714  7.44053459466e-25
47.4274741132  6.75042312643e-25
50.2377286302  6.17636042199e-25
53.214501196  5.70626743917e-25
56.3676586253  5.32653870557e-25
59.7076523784  5.02353765779e-25
63.2455532034  4.78563530277e-25
66.9930878316  4.60118155486e-25
70.9626778467  4.46019795622e-25
75.1674808577  4.35241767392e-25
79.6214341107  4.26880948598e-25
84.3393006857  4.20143256047e-25
89.3367184302  4.14366026739e-25
94.6302517923  4.09031530653e-25
100.237446725  4.03831603484e-25
106.176888846  3.92051806141e-25
112.468265038  3.89570818447e-25
119.132428706  3.89221570105e-25
126.191468896  3.94257806291e-25
133.668783514  4.10440261128e-25
141.589156877  4.4650860519e-25
149.978841866  5.12449598267e-25
158.865646945  6.13924301453e-25
168.279028329  7.46212475877e-25
178.250187627  8.96188396893e-25
188.812175257  1.05242145784e-24
200  1.21193207174e-24
211.850745035  1.37893487405e-24
224.40369086  1.55959765811e-24
237.700445487  1.75851061967e-24
251.785082359  1.97604493684e-24
266.704286433  2.20582105349e-24
282.507508925  2.43231279964e-24
299.247131219  2.63030365915e-24
316.978638492  2.76898238711e-24
335.760803625  2.82194844855e-24
355.655882008  2.77909479577e-24
376.729817898  2.65202083829e-24
399.052462994  2.46832708723e-24
422.697807967  2.26021968149e-24
447.744227714  2.05419461518e-24
474.274741132  1.86638510269e-24
502.377286302  1.70446539463e-24
532.14501196  1.57026660812e-24
563.676586253  1.46218540014e-24
597.076523784  1.37685024605e-24
632.455532034  1.31011722797e-24
669.930878316  1.25765482262e-24
709.626778467  1.21533386406e-24
751.674808577  1.17955418814e-24
796.214341107  1.14752935377e-24
843.393006857  1.1173982946e-24
893.367184302  1.08828274954e-24
946.302517923  1.06007804821e-24
1002.37446725  1.0330903511e-24
1061.76888846  1.0077143229e-24
1124.68265038  9.84207260248e-25
1191.32428706  9.62591752337e-25
1261.91468896  9.42671358685e-25
1336.68783514  9.2411377768e-25
1415.89156877  9.06547616057e-25
1499.78841866  8.89639909602e-25
1588.65646945  8.73145156204e-25
1682.79028329  8.56905785232e-25
1782.50187627  8.40857742149e-25
1888.12175257  8.2500313964e-25
2000  8.09385484579e-25
2118.50745035  7.94068648697e-25
2244.0369086  7.7912193121e-25
2377.00445487  7.64609801102e-25
2517.85082359  7.50585926439e-25
2667.04286433  7.37091088733e-25
2825.07508925  7.24152747724e-25
2992.47131219  7.11786213677e-25
3169.78638492  7.00007177246e-25
3357.60803625  6.8880051384e-25
3556.55882008  6.7815510548e-25
3767.29817898  6.68055377303e-25
3990.52462994  6.58482094512e-25
4226.97807967  6.4941390323e-25
4477.44227714  6.40828039024e-25
4742.74741132  6.32701236067e-25
5023.77286302  6.25010269089e-25
5321.4501196  6.17732381493e-25
5636.76586253  6.10845278405e-25
5970.76523784  6.04329572141e-25
6324.55532034  5.98168025431e-25
6699.30878316  5.9233606818e-25
7096.26778467  5.86815883547e-25
7516.74808577  5.8159058543e-25
7962.14341107  5.76644581061e-25
8433.93006857  5.71963186242e-25
8933.67184302  5.67532749969e-25
9463.02517923  5.63340575989e-25
10023.7446725  5.59374975164e-25
10617.6888846  5.55624873519e-25
11246.8265038  5.52080215254e-25
11913.2428706  5.48733356446e-25
12619.1468896  5.45575315093e-25
13366.8783514  5.42596082689e-25
14158.9156877  5.39788048389e-25
14997.8841866  5.37144265658e-25
15886.5646945  5.34658103278e-25
16827.9028329  5.32323566561e-25
17825.0187627  5.30134916672e-25
18881.2175257  5.28086961629e-25
20000  5.26174590886e-25

