6.32455532034 20000 141
141
6.32455532034  0
6.69930878316  3.38694814479e-26
7.09626778467  1.88551887639e-25
7.51674808577  3.02890658146e-25
7.96214341107  4.42366397395e-25
8.43393006857  7.21985358357e-25
8.93367184302  1.07536900259e-24
9.46302517923  1.73480847895e-24
10.0237446725  2.61673392688e-24
10.6176888846  4.08968061969e-24
11.2468265038  6.12570175976e-24
11.9132428706  8.94120846638e-24
12.6191468896  1.25179820176e-23
13.3668783514  1.66004598351e-23
14.1589156877  2.11102526103e-23
14.9978841866  2.56421628086e-23
15.8865646945  2.79053766264e-23
16.8279028329  2.54475741081e-23
17.8250187627  2.01704380468e-23
18.8812175257  1.49475096864e-23
20  1.09334897827e-23
21.1850745035  8.18554413235e-24
22.440369086  6.22329442313e-24
23.7700445487  4.8102610018e-24
25.1785082359  3.81268730922e-24
26.6704286433  3.10975593776e-24
28.2507508925  2.59644328213e-24
29.9247131219  2.22013223684e-24
31.6978638492  1.94161797431e-24
33.5760803625  1.72482734388e-24
35.5655882008  1.55254959836e-24
37.6729817898  1.41287218403e-24
39.9052462994  1.29821961407e-24
42.2697807967  1.20477982947e-24
44.7744227714  1.1284207632e-24
47.4274741132  1.06694406842e-24
50.2377286302  1.01780448713e-24
53.214501196  9.79006787926e-25
56.3676586253  9.48419964343e-25
59.7076523784  9.23986857522e-25
63.2455532034  9.03920811469e-25
66.9930878316  8.8658585704e-25
70.9626778467  8.70622837558e-25
75.1674808577  8.54885609221e-25
79.6214341107  8.38539254281e-25
84.3393006857  8.21047370638e-25
89.3367184302  8.02178366751e-25
94.6302517923  7.82043052183e-25
100.237446725  7.61190141687e-25
106.176888846  7.32747871753e-25
112.468265038  7.18360829077e-25
119.132428706  7.12359242181e-25
126.191468896  7.23647905911e-25
133.668783514  7.66114131477e-25
141.589156877  8.57013910594e-25
149.978841866  1.00905480021e-24
158.865646945  1.2187777616e-24
168.279028329  1.46505291533e-24
178.250187627  1.72441250606e-24
188.812175257  1.98647252913e-24
200  2.25502304338e-24
211.850745035  2.54110700047e-24
224.40369086  2.85498764324e-24
237.700445487  3.2026822453e-24
251.785082359  3.58269073677e-24
266.704286433  3.98238449558e-24
282.507508925  4.37460907269e-24
299.247131219  4.71730177163e-24
316.978638492  4.96017875314e-24
335.760803625  5.06005680899e-24
355.655882008  4.99891969338e-24
376.729817898  4.79281145613e-24
399.052462994  4.48429253997e-24
422.697807967  4.12562780607e-24
447.744227714  3.76233807992e-24
474.274741132  3.42387289122e-24
502.377286302  3.12570854811e-24
532.14501196  2.87307066758e-24
563.676586253  2.66484155634e-24
597.076523784  2.49648755623e-24
632.455532034  2.36192090056e-24
669.930878316  2.25459847729e-24
709.626778467  2.16818045713e-24
751.674808577  2.09697797231e-24
796.214341107  2.03633569175e-24
843.393006857  1.98263416395e-24
893.367184302  1.93346168476e-24
946.302517923  1.88752265042e-24
1002.37446725  1.84422940834e-24
1061.76888846  1.8033531334e-24
1124.68265038  1.76474530013e-24
1191.32428706  1.728170517e-24
1261.91468896  1.69327333461e-24
1336.68783514  1.65962710216e-24
1415.89156877  1.6268178211e-24
1499.78841866  1.59451708096e-24
1588.65646945  1.56252273018e-24
1682.79028329  1.53075866167e-24
1782.50187627  1.49926028574e-24
1888.12175257  1.46813800548e-24
2000  1.43753839912e-24
2118.50745035  1.40761882761e-24
2244.0369086  1.3785259812e-24
2377.00445487  1.35038417731e-24
2517.85082359  1.32329027255e-24
2667.04286433  1.29731066096e-24
2825.07508925  1.27248508488e-24
2992.47131219  1.24883003819e-24
3169.78638492  1.22636489645e-24
3357.60803625  1.2050472173e-24
3556.55882008  1.18484690031e-24
3767.29817898  1.16572410024e-24
3990.52462994  1.14763535292e-24
4226.97807967  1.13053348295e-24
4477.44227714  1.11437014667e-24
4742.74741132  1.09909508693e-24
5023.77286302  1.08466079777e-24
5321.4501196  1.0710208555e-24
5636.76586253  1.05812930338e-24
5970.76523784  1.04594687692e-24
6324.55532034  1.03443892229e-24
6699.30878316  1.02355702028e-24
7096.26778467  1.01326573623e-24
7516.74808577  1.00353150128e-24
7962.14341107  9.94324041893e-25
8433.93006857  9.85613959738e-25
8933.67184302  9.77374203795e-25
9463.02517923  9.69580432996e-25
10023.7446725  9.62209923776e-25
10617.6888846  9.55240945698e-25
11246.8265038  9.48653891076e-25
11913.2428706  9.42433854484e-25
12619.1468896  9.36563230327e-25
13366.8783514  9.31022862275e-25
14158.9156877  9.25798103688e-25
14997.8841866  9.20875513573e-25
15886.5646945  9.16242326185e-25
16827.9028329  9.11886993274e-25
17825.0187627  9.0779847918e-25
18881.2175257  9.03966625419e-25
20000  9.0038191428e-25

