4.47744227714 20000 74
74
4.47744227714  0
5.02377286302  3.6542487805e-26
5.63676586253  9.25467636208e-26
6.32455532034  2.09985800335e-25
7.09626778467  4.79260457717e-25
7.96214341107  1.14082787047e-24
8.93367184302  2.74166980155e-24
10.0237446725  6.36688588104e-24
11.2468265038  1.30461770518e-23
12.6191468896  2.04017588057e-23
14.1589156877  2.32002718149e-23
15.8865646945  2.28378473719e-23
17.8250187627  1.69243718735e-23
20  9.83177358138e-24
22.440369086  5.94238441385e-24
25.1785082359  3.86774106056e-24
28.2507508925  2.78691373729e-24
31.6978638492  2.19510373232e-24
35.5655882008  1.84195842327e-24
39.9052462994  1.61245707694e-24
44.7744227714  1.46079851948e-24
50.2377286302  1.36123315139e-24
56.3676586253  1.29371187342e-24
63.2455532034  1.24058526927e-24
70.9626778467  1.18881383405e-24
79.6214341107  1.13103831399e-24
89.3367184302  1.06561599845e-24
100.237446725  9.96881724819e-25
112.468265038  9.35106233108e-25
126.191468896  9.71995363176e-25
141.589156877  1.2188939397e-24
158.865646945  1.73660823659e-24
178.250187627  2.36987726455e-24
200  3.03261247506e-24
224.40369086  3.8070347199e-24
251.785082359  4.75577565802e-24
282.507508925  5.78416378944e-24
316.978638492  6.54155435167e-24
355.655882008  6.59730327679e-24
399.052462994  5.93901817696e-24
447.744227714  4.99983330592e-24
502.377286302  4.15769516204e-24
563.676586253  3.53726805543e-24
632.455532034  3.12199051675e-24
709.626778467  2.85308053994e-24
796.214341107  2.67197935391e-24
893.367184302  2.53599420497e-24
1002.37446725  2.42211329757e-24
1124.68265038  2.32138370318e-24
1261.91468896  2.22918601524e-24
1415.89156877  2.14123934768e-24
1588.65646945  2.05450511219e-24
1782.50187627  1.96837042085e-24
2000  1.88411651192e-24
2244.0369086  1.80360739085e-24
2517.85082359  1.72838236286e-24
2825.07508925  1.65933187232e-24
3169.78638492  1.59677293459e-24
3556.55882008  1.54055749101e-24
3990.52462994  1.49025412315e-24
4477.44227714  1.44534829398e-24
5023.77286302  1.40529334668e-24
5636.76586253  1.36956080794e-24
6324.55532034  1.33768527706e-24
7096.26778467  1.30921822157e-24
7962.14341107  1.28376694476e-24
8933.67184302  1.26100245654e-24
10023.7446725  1.24064139647e-24
11246.8265038  1.22244088468e-24
12619.1468896  1.20620511726e-24
14158.9156877  1.19174319704e-24
15886.5646945  1.17889604888e-24
17825.0187627  1.16753101387e-24
20000  1.15753279369e-24

