11.9132428706 20000 130
130
11.9132428706  0
12.6191468896  4.63980797662e-26
13.3668783514  3.48560750578e-25
14.1589156877  6.00219140291e-25
14.9978841866  8.78829180631e-25
15.8865646945  1.03244199165e-24
16.8279028329  1.15918521557e-24
17.8250187627  1.37548679494e-24
18.8812175257  1.66079242431e-24
20  1.9526178207e-24
21.1850745035  2.15839481001e-24
22.440369086  2.21487826896e-24
23.7700445487  2.11769131729e-24
25.1785082359  1.91588025034e-24
26.6704286433  1.68041511785e-24
28.2507508925  1.45671550191e-24
29.9247131219  1.26042092293e-24
31.6978638492  1.09498103286e-24
33.5760803625  9.53428533691e-25
35.5655882008  8.31486887253e-25
37.6729817898  7.2540287521e-25
39.9052462994  6.32503186816e-25
42.2697807967  5.51634940577e-25
44.7744227714  4.80998311338e-25
47.4274741132  4.19812268101e-25
50.2377286302  3.66934004327e-25
53.214501196  3.21579832323e-25
56.3676586253  2.82848659257e-25
59.7076523784  2.4984664133e-25
63.2455532034  2.21862479465e-25
66.9930878316  1.98203177279e-25
70.9626778467  1.78345061098e-25
75.1674808577  1.61742454041e-25
79.6214341107  1.47946424419e-25
84.3393006857  1.365745118e-25
89.3367184302  1.27313310621e-25
94.6302517923  1.19886789108e-25
100.237446725  1.14067387044e-25
106.176888846  1.0572947776e-25
112.468265038  1.03953919732e-25
119.132428706  1.03471170968e-25
126.191468896  1.04847552405e-25
133.668783514  1.09259896851e-25
141.589156877  1.18787495739e-25
149.978841866  1.36392644609e-25
158.865646945  1.64926656787e-25
168.279028329  2.05071758748e-25
178.250187627  2.54185170015e-25
188.812175257  3.08212128904e-25
200  3.64801837097e-25
211.850745035  4.24350773875e-25
224.40369086  4.88647961526e-25
237.700445487  5.59354734802e-25
251.785082359  6.36626768208e-25
266.704286433  7.17781960859e-25
282.507508925  7.96097541944e-25
299.247131219  8.607237155e-25
316.978638492  8.99234893015e-25
335.760803625  9.0295106475e-25
355.655882008  8.71831762885e-25
376.729817898  8.14644591917e-25
399.052462994  7.44266725803e-25
422.697807967  6.72492326116e-25
447.744227714  6.06988433345e-25
474.274741132  5.51389156701e-25
502.377286302  5.06670251609e-25
532.14501196  4.72278113397e-25
563.676586253  4.46862482654e-25
597.076523784  4.286552586e-25
632.455532034  4.15655370816e-25
669.930878316  4.05776126412e-25
709.626778467  3.97059817861e-25
751.674808577  3.87968691793e-25
796.214341107  3.77635273644e-25
843.393006857  3.65988138639e-25
893.367184302  3.53583377554e-25
946.302517923  3.41225200457e-25
1002.37446725  3.29662496954e-25
1061.76888846  3.19395483982e-25
1124.68265038  3.10624011122e-25
1191.32428706  3.03294529543e-25
1261.91468896  2.97189794599e-25
1336.68783514  2.92020158043e-25
1415.89156877  2.874941459e-25
1499.78841866  2.83362256373e-25
1588.65646945  2.79437423926e-25
1682.79028329  2.75591400634e-25
1782.50187627  2.71754933622e-25
1888.12175257  2.67899915367e-25
2000  2.64025927293e-25
2118.50745035  2.60148479015e-25
2244.0369086  2.56291043903e-25
2377.00445487  2.52479124201e-25
2517.85082359  2.48736782306e-25
2667.04286433  2.45084867981e-25
2825.07508925  2.41539910958e-25
2992.47131219  2.38114354575e-25
3169.78638492  2.34819447713e-25
3357.60803625  2.31657695271e-25
3556.55882008  2.28631517594e-25
3767.29817898  2.25740918306e-25
3990.52462994  2.22984273185e-25
4226.97807967  2.20358791336e-25
4477.44227714  2.17860648127e-25
4742.74741132  2.15485484202e-25
5023.77286302  2.13228638448e-25
5321.4501196  2.11085131183e-25
5636.76586253  2.09050017173e-25
5970.76523784  2.07118715167e-25
6324.55532034  2.05287482739e-25
6699.30878316  2.03549884027e-25
7096.26778467  2.01901645303e-25
7516.74808577  2.00338428682e-25
7962.14341107  1.98856289268e-25
8433.93006857  1.97451388508e-25
8933.67184302  1.9612016458e-25
9463.02517923  1.94859307165e-25
10023.7446725  1.93665690243e-25
10617.6888846  1.92536417109e-25
11246.8265038  1.91468747099e-25
11913.2428706  1.90460649746e-25
12619.1468896  1.89509702119e-25
13366.8783514  1.88613135882e-25
14158.9156877  1.87768845915e-25
14997.8841866  1.86974981987e-25
15886.5646945  1.86229668487e-25
16827.9028329  1.85531228098e-25
17825.0187627  1.84878128075e-25
18881.2175257  1.84268840487e-25
20000  1.83701978812e-25

