5.3214501196 20000 144
144
5.3214501196  0
5.63676586253  1.22005938939e-25
5.97076523784  2.73781095709e-25
6.32455532034  4.56432019439e-25
6.69930878316  6.72921234093e-25
7.09626778467  1.01213809592e-24
7.51674808577  1.64461149957e-24
7.96214341107  2.41452855066e-24
8.43393006857  3.94572108993e-24
8.93367184302  5.86180274132e-24
9.46302517923  9.27296313528e-24
10.0237446725  1.36277976544e-23
10.6176888846  2.01214637086e-23
11.2468265038  2.81575738092e-23
11.9132428706  3.81122409963e-23
12.6191468896  4.96503550674e-23
13.3668783514  5.63959403623e-23
14.1589156877  5.44847149834e-23
14.9978841866  4.36622865272e-23
15.8865646945  3.26576978776e-23
16.8279028329  2.4020630182e-23
17.8250187627  1.77670618305e-23
18.8812175257  1.32738369955e-23
20  1.0072526681e-23
21.1850745035  7.86238165596e-24
22.440369086  6.24921318704e-24
23.7700445487  5.06221395965e-24
25.1785082359  4.20837081853e-24
26.6704286433  3.59904027966e-24
28.2507508925  3.15214268195e-24
29.9247131219  2.82530982097e-24
31.6978638492  2.58567819461e-24
33.5760803625  2.40153501498e-24
35.5655882008  2.257335399e-24
37.6729817898  2.14201251016e-24
39.9052462994  2.04824725644e-24
42.2697807967  1.97186389906e-24
44.7744227714  1.90843467275e-24
47.4274741132  1.85508653985e-24
50.2377286302  1.80880719547e-24
53.214501196  1.76712518902e-24
56.3676586253  1.72774094961e-24
59.7076523784  1.68876048617e-24
63.2455532034  1.64878403524e-24
66.9930878316  1.60685588655e-24
70.9626778467  1.56245384915e-24
75.1674808577  1.51545582069e-24
79.6214341107  1.46608455895e-24
84.3393006857  1.41488403912e-24
89.3367184302  1.36276292465e-24
94.6302517923  1.31115276637e-24
100.237446725  1.26240699395e-24
106.176888846  1.21385664611e-24
112.468265038  1.19466056602e-24
119.132428706  1.20725753398e-24
126.191468896  1.27424205766e-24
133.668783514  1.42194759819e-24
141.589156877  1.66642846283e-24
149.978841866  1.99636887033e-24
158.865646945  2.37521899999e-24
168.279028329  2.7671409924e-24
178.250187627  3.1582832204e-24
188.812175257  3.556066249e-24
200  3.97775959164e-24
211.850745035  4.44227765054e-24
224.40369086  4.96236047696e-24
237.700445487  5.54325513693e-24
251.785082359  6.17825885834e-24
266.704286433  6.84332313875e-24
282.507508925  7.49218339653e-24
299.247131219  8.05646453796e-24
316.978638492  8.45653350766e-24
335.760803625  8.62476858954e-24
355.655882008  8.53235992675e-24
376.729817898  8.20266233277e-24
399.052462994  7.70060307715e-24
422.697807967  7.10809804792e-24
447.744227714  6.49906005719e-24
474.274741132  5.92319706387e-24
502.377286302  5.4082790545e-24
532.14501196  4.96527942926e-24
563.676586253  4.59437492846e-24
597.076523784  4.28970614923e-24
632.455532034  4.04254300076e-24
669.930878316  3.84318534121e-24
709.626778467  3.68207329347e-24
751.674808577  3.55044414181e-24
796.214341107  3.4408933704e-24
843.393006857  3.34719423505e-24
893.367184302  3.26458133401e-24
946.302517923  3.18984996678e-24
1002.37446725  3.12084030523e-24
1061.76888846  3.05608558058e-24
1124.68265038  2.99450241346e-24
1191.32428706  2.93518626347e-24
1261.91468896  2.87733149866e-24
1336.68783514  2.82024871462e-24
1415.89156877  2.76341659657e-24
1499.78841866  2.70652579495e-24
1588.65646945  2.64948905428e-24
1682.79028329  2.59242309467e-24
1782.50187627  2.53558355991e-24
1888.12175257  2.47930496813e-24
2000  2.42394483186e-24
2118.50745035  2.36984350998e-24
2244.0369086  2.31729783909e-24
2377.00445487  2.26654610761e-24
2517.85082359  2.21776436454e-24
2667.04286433  2.17107008662e-24
2825.07508925  2.12652645944e-24
2992.47131219  2.08415453257e-24
3169.78638492  2.0439786058e-24
3357.60803625  2.00591274349e-24
3556.55882008  1.969893552e-24
3767.29817898  1.93584291805e-24
3990.52462994  1.90367489791e-24
4226.97807967  1.87329826535e-24
4477.44227714  1.84461966714e-24
4742.74741132  1.81754816956e-24
5023.77286302  1.79199120477e-24
5321.4501196  1.76786207479e-24
5636.76586253  1.74507739015e-24
5970.76523784  1.72356403669e-24
6324.55532034  1.70325634803e-24
6699.30878316  1.68406582043e-24
7096.26778467  1.66592747805e-24
7516.74808577  1.64878042638e-24
7962.14341107  1.63256782037e-24
8433.93006857  1.61723696171e-24
8933.67184302  1.6027396123e-24
9463.02517923  1.58902972617e-24
10023.7446725  1.57606557028e-24
10617.6888846  1.56380872941e-24
11246.8265038  1.55222294339e-24
11913.2428706  1.54128087048e-24
12619.1468896  1.53095146282e-24
13366.8783514  1.52119909616e-24
14158.9156877  1.51199807935e-24
14997.8841866  1.50332232023e-24
15886.5646945  1.49515141536e-24
16827.9028329  1.48746226541e-24
17825.0187627  1.48023593521e-24
18881.2175257  1.47345389515e-24
20000  1.46709904879e-24

