4.47744227714 20000 74
74
4.47744227714  0
5.02377286302  2.28623505937e-26
5.63676586253  7.55239428019e-26
6.32455532034  1.70417465721e-25
7.09626778467  3.87767522374e-25
7.96214341107  9.21915631915e-25
8.93367184302  2.21920113001e-24
10.0237446725  5.19844844974e-24
11.2468265038  1.09358714149e-23
12.6191468896  1.82154615227e-23
14.1589156877  2.33738116101e-23
15.8865646945  2.53671219205e-23
17.8250187627  1.83673448751e-23
20  1.0324496323e-23
22.440369086  6.09161392067e-24
25.1785082359  3.87658317435e-24
28.2507508925  2.73932299931e-24
31.6978638492  2.12205635506e-24
35.5655882008  1.75537387895e-24
39.9052462994  1.51732068968e-24
44.7744227714  1.35996785729e-24
50.2377286302  1.25733966213e-24
56.3676586253  1.18981565916e-24
63.2455532034  1.13994587956e-24
70.9626778467  1.09432022951e-24
79.6214341107  1.04466635618e-24
89.3367184302  9.88144498033e-25
100.237446725  9.27689217022e-25
112.468265038  8.71338555797e-25
126.191468896  8.97738965813e-25
141.589156877  1.10894302215e-24
158.865646945  1.57971343684e-24
178.250187627  2.17618056907e-24
200  2.8004073885e-24
224.40369086  3.5231926463e-24
251.785082359  4.40629796416e-24
282.507508925  5.36453510544e-24
316.978638492  6.07107955163e-24
355.655882008  6.1218958095e-24
399.052462994  5.50622949564e-24
447.744227714  4.63150114741e-24
502.377286302  3.85044993439e-24
563.676586253  3.27755653682e-24
632.455532034  2.89582787447e-24
709.626778467  2.64941242233e-24
796.214341107  2.48307146579e-24
893.367184302  2.35699388385e-24
1002.37446725  2.25044905351e-24
1124.68265038  2.156010942e-24
1261.91468896  2.06994871192e-24
1415.89156877  1.98838195712e-24
1588.65646945  1.90832861188e-24
1782.50187627  1.82901669089e-24
2000  1.75149072323e-24
2244.0369086  1.67740319162e-24
2517.85082359  1.60815029732e-24
2825.07508925  1.54455084232e-24
3169.78638492  1.48690280985e-24
3556.55882008  1.4350775975e-24
3990.52462994  1.38868431978e-24
4477.44227714  1.34725473569e-24
5023.77286302  1.31028886745e-24
5636.76586253  1.27730336045e-24
6324.55532034  1.2478712569e-24
7096.26778467  1.22158138459e-24
7962.14341107  1.19807305003e-24
8933.67184302  1.17704398654e-24
10023.7446725  1.15823390885e-24
11246.8265038  1.14141955991e-24
12619.1468896  1.12642097365e-24
14158.9156877  1.1130625225e-24
15886.5646945  1.10119798108e-24
17825.0187627  1.09070522447e-24
20000  1.08147811627e-24

