5.63676586253 20000 72
72
5.63676586253  0
6.32455532034  5.64046168558e-25
7.09626778467  1.57522505614e-24
7.96214341107  3.75183042242e-24
8.93367184302  8.77960923462e-24
10.0237446725  1.85759132179e-23
11.2468265038  3.13220108248e-23
12.6191468896  4.03364806208e-23
14.1589156877  4.06416340249e-23
15.8865646945  2.76515451937e-23
17.8250187627  1.59885652971e-23
20  9.515179184e-24
22.440369086  6.15135540219e-24
25.1785082359  4.30364035673e-24
28.2507508925  3.33150570831e-24
31.6978638492  2.80791038402e-24
35.5655882008  2.50382560653e-24
39.9052462994  2.3074778801e-24
44.7744227714  2.1705556503e-24
50.2377286302  2.06467663646e-24
56.3676586253  1.96942722351e-24
63.2455532034  1.87064013642e-24
70.9626778467  1.7616389538e-24
79.6214341107  1.64242285762e-24
89.3367184302  1.51839704166e-24
100.237446725  1.40279820187e-24
112.468265038  1.3391389056e-24
126.191468896  1.45894178381e-24
141.589156877  1.94781892389e-24
158.865646945  2.75305548351e-24
178.250187627  3.60558234453e-24
200  4.50747054823e-24
224.40369086  5.60782830568e-24
251.785082359  6.9716096933e-24
282.507508925  8.44304537927e-24
316.978638492  9.52097259474e-24
355.655882008  9.60755066492e-24
399.052462994  8.68032585819e-24
447.744227714  7.3340014838e-24
502.377286302  6.1052577676e-24
563.676586253  5.18331959598e-24
632.455532034  4.55473056191e-24
709.626778467  4.14245814359e-24
796.214341107  3.86712343283e-24
893.367184302  3.66792017078e-24
1002.37446725  3.50742439511e-24
1124.68265038  3.36691824734e-24
1261.91468896  3.23599416574e-24
1415.89156877  3.10771962005e-24
1588.65646945  2.97866191472e-24
1782.50187627  2.84923020747e-24
2000  2.72223611317e-24
2244.0369086  2.60090982e-24
2517.85082359  2.48771287044e-24
2825.07508925  2.38399967299e-24
3169.78638492  2.2902116285e-24
3556.55882008  2.20607942598e-24
3990.52462994  2.13091358516e-24
4477.44227714  2.06390609324e-24
5023.77286302  2.00421199547e-24
5636.76586253  1.9510172701e-24
6324.55532034  1.90361028595e-24
7096.26778467  1.86130527927e-24
7962.14341107  1.82350563691e-24
8933.67184302  1.789711836e-24
10023.7446725  1.75949405472e-24
11246.8265038  1.73248408932e-24
12619.1468896  1.7083849774e-24
14158.9156877  1.68690860378e-24
15886.5646945  1.66781453557e-24
17825.0187627  1.65090273723e-24
20000  1.63599901396e-24

