7.09626778467 20000 139
139
7.09626778467  0
7.51674808577  7.81668404111e-26
7.96214341107  1.70290054276e-25
8.43393006857  2.76235254907e-25
8.93367184302  4.10341561112e-25
9.46302517923  6.62819585212e-25
10.0237446725  1.0047486249e-24
10.6176888846  1.59273589772e-24
11.2468265038  2.45700140245e-24
11.9132428706  3.74126752219e-24
12.6191468896  5.65349433294e-24
13.3668783514  8.21505165501e-24
14.1589156877  1.14742740383e-23
14.9978841866  1.51438289881e-23
15.8865646945  1.77085877537e-23
16.8279028329  1.71758143232e-23
17.8250187627  1.43885159172e-23
18.8812175257  1.11974911272e-23
20  8.51805906631e-24
21.1850745035  6.56659763971e-24
22.440369086  5.11489158332e-24
23.7700445487  4.03307570299e-24
25.1785082359  3.24445117998e-24
26.6704286433  2.6715985337e-24
28.2507508925  2.24170796768e-24
29.9247131219  1.91728631687e-24
31.6978638492  1.66962870311e-24
33.5760803625  1.47109042373e-24
35.5655882008  1.3085683463e-24
37.6729817898  1.17299930333e-24
39.9052462994  1.05868510619e-24
42.2697807967  9.62999550692e-25
44.7744227714  8.82809398908e-25
47.4274741132  8.16629799698e-25
50.2377286302  7.62549661278e-25
53.214501196  7.1914507949e-25
56.3676586253  6.84801879928e-25
59.7076523784  6.57892034261e-25
63.2455532034  6.36983967217e-25
66.9930878316  6.20669880536e-25
70.9626778467  6.0772722861e-25
75.1674808577  5.96978441276e-25
79.6214341107  5.87438164973e-25
84.3393006857  5.78309365537e-25
89.3367184302  5.69007140857e-25
94.6302517923  5.5918755657e-25
100.237446725  5.48822284304e-25
106.176888846  5.26633484897e-25
112.468265038  5.19449370197e-25
119.132428706  5.16867336425e-25
126.191468896  5.24373405051e-25
133.668783514  5.50938468746e-25
141.589156877  6.08666313234e-25
149.978841866  7.08618466949e-25
158.865646945  8.52853371331e-25
168.279028329  1.03016865519e-24
178.250187627  1.22335328739e-24
188.812175257  1.42139008972e-24
200  1.62397361911e-24
211.850745035  1.83801583084e-24
224.40369086  2.07130230174e-24
237.700445487  2.32898695153e-24
251.785082359  2.61070177836e-24
266.704286433  2.90759872158e-24
282.507508925  3.19955821117e-24
299.247131219  3.45470915686e-24
316.978638492  3.63454825414e-24
335.760803625  3.70604548045e-24
355.655882008  3.65596949853e-24
376.729817898  3.49767543866e-24
399.052462994  3.26467328059e-24
422.697807967  2.99709275491e-24
447.744227714  2.7289450401e-24
474.274741132  2.48162355824e-24
502.377286302  2.26588452687e-24
532.14501196  2.08489995764e-24
563.676586253  1.93725834874e-24
597.076523784  1.81912910985e-24
632.455532034  1.72560046439e-24
669.930878316  1.65146726782e-24
709.626778467  1.59172709848e-24
751.674808577  1.54195471303e-24
796.214341107  1.49862542187e-24
843.393006857  1.45918356179e-24
893.367184302  1.42214513139e-24
946.302517923  1.38693501805e-24
1002.37446725  1.35350630845e-24
1061.76888846  1.32200737647e-24
1124.68265038  1.292535211e-24
1191.32428706  1.26501049375e-24
1261.91468896  1.23917397258e-24
1336.68783514  1.21465607607e-24
1415.89156877  1.19106858104e-24
1499.78841866  1.16808032208e-24
1588.65646945  1.14546292141e-24
1682.79028329  1.12309098811e-24
1782.50187627  1.10093975823e-24
1888.12175257  1.07905412128e-24
2000  1.05751829939e-24
2118.50745035  1.03643309435e-24
2244.0369086  1.01589837639e-24
2377.00445487  9.96002255782e-25
2517.85082359  9.7681546094e-25
2667.04286433  9.58388890826e-25
2825.07508925  9.40754857051e-25
2992.47131219  9.23929137427e-25
3169.78638492  9.07928878218e-25
3357.60803625  8.92728163778e-25
3556.55882008  8.78308377686e-25
3767.29817898  8.64644357797e-25
3990.52462994  8.51707298236e-25
4226.97807967  8.39465645108e-25
4477.44227714  8.27886529688e-25
4742.74741132  8.16936024038e-25
5023.77286302  8.06581311536e-25
5321.4501196  7.96790286616e-25
5636.76586253  7.87531307501e-25
5970.76523784  7.78777134774e-25
6324.55532034  7.70503651278e-25
6699.30878316  7.6267686605e-25
7096.26778467  7.55272002862e-25
7516.74808577  7.4826558559e-25
7962.14341107  7.41636222275e-25
8433.93006857  7.35363416343e-25
8933.67184302  7.29428223521e-25
9463.02517923  7.23813347622e-25
10023.7446725  7.18502740694e-25
10617.6888846  7.13481119246e-25
11246.8265038  7.08734654296e-25
11913.2428706  7.04252833484e-25
12619.1468896  7.00023268318e-25
13366.8783514  6.96032336719e-25
14158.9156877  6.92269648566e-25
14997.8841866  6.88725691885e-25
15886.5646945  6.85391412197e-25
16827.9028329  6.82258621049e-25
17825.0187627  6.79319487253e-25
18881.2175257  6.76566856963e-25
20000  6.73993878716e-25

