5.97076523784 20000 142
142
5.97076523784  0
6.32455532034  1.62689669009e-27
6.69930878316  3.49748286206e-27
7.09626778467  4.60530679839e-27
7.51674808577  6.41530403182e-27
7.96214341107  8.55059445184e-27
8.43393006857  1.2357536715e-26
8.93367184302  1.70500678204e-26
9.46302517923  2.52578634452e-26
10.0237446725  3.61292255051e-26
10.6176888846  5.42317987142e-26
11.2468265038  8.09745856341e-26
11.9132428706  1.21456642705e-25
12.6191468896  1.86637706359e-25
13.3668783514  2.86889803693e-25
14.1589156877  4.40187196027e-25
14.9978841866  6.77938493115e-25
15.8865646945  1.03981313775e-24
16.8279028329  1.57219562037e-24
17.8250187627  2.31111210955e-24
18.8812175257  3.21256953444e-24
20  4.0353554475e-24
21.1850745035  4.13880766531e-24
22.440369086  3.6815804354e-24
23.7700445487  3.07272455725e-24
25.1785082359  2.5180426439e-24
26.6704286433  2.07091975568e-24
28.2507508925  1.71867968158e-24
29.9247131219  1.44487672086e-24
31.6978638492  1.23205114649e-24
33.5760803625  1.05938223906e-24
35.5655882008  9.16460180494e-25
37.6729817898  7.95715012146e-25
39.9052462994  6.92207897301e-25
42.2697807967  6.0355286361e-25
44.7744227714  5.27033423938e-25
47.4274741132  4.6140310788e-25
50.2377286302  4.05170810015e-25
53.214501196  3.57345490458e-25
56.3676586253  3.16864378693e-25
59.7076523784  2.8270917969e-25
63.2455532034  2.54079966621e-25
66.9930878316  2.30206143384e-25
70.9626778467  2.10503240812e-25
75.1674808577  1.94362436407e-25
79.6214341107  1.81276531765e-25
84.3393006857  1.70805001318e-25
89.3367184302  1.62577203277e-25
94.6302517923  1.5625981163e-25
100.237446725  1.51573894316e-25
106.176888846  1.42416876622e-25
112.468265038  1.4192904501e-25
119.132428706  1.42862527718e-25
126.191468896  1.46023633483e-25
133.668783514  1.53077075917e-25
141.589156877  1.66927452349e-25
149.978841866  1.91619918667e-25
158.865646945  2.30857552738e-25
168.279028329  2.85173717202e-25
178.250187627  3.50632527096e-25
188.812175257  4.21730731296e-25
200  4.95523979742e-25
211.850745035  5.72732448452e-25
224.40369086  6.55832443576e-25
237.700445487  7.47074043489e-25
251.785082359  8.46819087971e-25
266.704286433  9.51970501946e-25
282.507508925  1.05452594433e-24
299.247131219  1.14131310862e-24
316.978638492  1.19667318988e-24
335.760803625  1.20858297891e-24
355.655882008  1.17501775665e-24
376.729817898  1.10531314259e-24
399.052462994  1.01523701925e-24
422.697807967  9.20404531186e-25
447.744227714  8.31760250755e-25
474.274741132  7.54937512522e-25
502.377286302  6.91849684965e-25
532.14501196  6.42162541994e-25
563.676586253  6.04346154627e-25
597.076523784  5.76274957072e-25
632.455532034  5.55541916979e-25
669.930878316  5.39666559011e-25
709.626778467  5.26319847737e-25
751.674808577  5.13599426313e-25
796.214341107  5.0027660218e-25
843.393006857  4.85940344851e-25
893.367184302  4.70903304832e-25
946.302517923  4.55860782032e-25
1002.37446725  4.41567093358e-25
1061.76888846  4.28591225164e-25
1124.68265038  4.17210502238e-25
1191.32428706  4.07423257385e-25
1261.91468896  3.99028466323e-25
1336.68783514  3.91723788849e-25
1415.89156877  3.85189340617e-25
1499.78841866  3.79143590257e-25
1588.65646945  3.73372581777e-25
1682.79028329  3.67728074929e-25
1782.50187627  3.62130215897e-25
1888.12175257  3.56547725019e-25
2000  3.50981873953e-25
2118.50745035  3.45452469769e-25
2244.0369086  3.39988444408e-25
2377.00445487  3.34620657556e-25
2517.85082359  3.29377732165e-25
2667.04286433  3.24283981065e-25
2825.07508925  3.19358267155e-25
2992.47131219  3.14614105019e-25
3169.78638492  3.10064059495e-25
3357.60803625  3.05708772384e-25
3556.55882008  3.01549289813e-25
3767.29817898  2.97583817015e-25
3990.52462994  2.93808487938e-25
4226.97807967  2.90218217248e-25
4477.44227714  2.86806768696e-25
4742.74741132  2.83567204303e-25
5023.77286302  2.80492336899e-25
5321.4501196  2.77574800124e-25
5636.76586253  2.74807221454e-25
5970.76523784  2.72182925198e-25
6324.55532034  2.69696387676e-25
6699.30878316  2.67338569036e-25
7096.26778467  2.65103216807e-25
7516.74808577  2.62984235397e-25
7962.14341107  2.60976073504e-25
8433.93006857  2.59073275627e-25
8933.67184302  2.57270881454e-25
9463.02517923  2.55564158387e-25
10023.7446725  2.5394883059e-25
10617.6888846  2.52420777818e-25
11246.8265038  2.50976102916e-25
11913.2428706  2.49612216911e-25
12619.1468896  2.4832546172e-25
13366.8783514  2.4711219319e-25
14158.9156877  2.45969449836e-25
14997.8841866  2.44894614379e-25
15886.5646945  2.43885175743e-25
16827.9028329  2.4293872507e-25
17825.0187627  2.42053174577e-25
18881.2175257  2.41226476469e-25
20000  2.40456719521e-25

