6.69930878316 20000 140
140
6.69930878316  0
7.09626778467  3.32237507788e-25
7.51674808577  5.44209995089e-25
7.96214341107  7.96379286371e-25
8.43393006857  1.29960679228e-24
8.93367184302  1.93277431724e-24
9.46302517923  3.090622375e-24
10.0237446725  4.60526886896e-24
10.6176888846  7.00529173351e-24
11.2468265038  1.00252314235e-23
11.9132428706  1.37488345445e-23
12.6191468896  1.74319977956e-23
13.3668783514  2.06378313073e-23
14.1589156877  2.33349145932e-23
14.9978841866  2.58281602275e-23
15.8865646945  2.68053684089e-23
16.8279028329  2.3954743586e-23
17.8250187627  1.89375750747e-23
18.8812175257  1.41476104502e-23
20  1.04840918053e-23
21.1850745035  7.95862110388e-24
22.440369086  6.13995014127e-24
23.7700445487  4.81928357755e-24
25.1785082359  3.87944718142e-24
26.6704286433  3.21280035259e-24
28.2507508925  2.72390810946e-24
29.9247131219  2.36455216587e-24
31.6978638492  2.09839592612e-24
33.5760803625  1.89141711309e-24
35.5655882008  1.72732869055e-24
37.6729817898  1.59478518513e-24
39.9052462994  1.48650551446e-24
42.2697807967  1.398730887e-24
44.7744227714  1.32730827652e-24
47.4274741132  1.26986821905e-24
50.2377286302  1.2236880156e-24
53.214501196  1.18655320762e-24
56.3676586253  1.15616312999e-24
59.7076523784  1.13036757387e-24
63.2455532034  1.10734825295e-24
66.9930878316  1.08553885129e-24
70.9626778467  1.06371325499e-24
75.1674808577  1.04095196562e-24
79.6214341107  1.01669002567e-24
84.3393006857  9.90691771116e-25
89.3367184302  9.63051072388e-25
94.6302517923  9.34245086963e-25
100.237446725  9.05277400544e-25
106.176888846  8.66902291158e-25
112.468265038  8.50683870388e-25
119.132428706  8.48782472642e-25
126.191468896  8.73686928922e-25
133.668783514  9.42715446319e-25
141.589156877  1.07332934281e-24
149.978841866  1.27267581573e-24
158.865646945  1.52889438763e-24
168.279028329  1.81640813041e-24
178.250187627  2.11344119266e-24
188.812175257  2.41390726703e-24
200  2.72519494208e-24
211.850745035  3.06061443248e-24
224.40369086  3.43125470872e-24
237.700445487  3.843032072e-24
251.785082359  4.29310030464e-24
266.704286433  4.7657524467e-24
282.507508925  5.22861517199e-24
299.247131219  5.63239181037e-24
316.978638492  5.91869029429e-24
335.760803625  6.03754307341e-24
355.655882008  5.96790883535e-24
376.729817898  5.727827938e-24
399.052462994  5.36604696998e-24
422.697807967  4.94304466314e-24
447.744227714  4.51219642783e-24
474.274741132  4.10854133911e-24
502.377286302  3.75093159237e-24
532.14501196  3.44615655448e-24
563.676586253  3.19343461267e-24
597.076523784  2.98784954944e-24
632.455532034  2.82257260746e-24
669.930878316  2.6901817428e-24
709.626778467  2.58344324995e-24
751.674808577  2.49581621512e-24
796.214341107  2.42188320921e-24
843.393006857  2.35730282682e-24
893.367184302  2.29901474024e-24
946.302517923  2.24520029269e-24
1002.37446725  2.19484610376e-24
1061.76888846  2.14739275976e-24
1124.68265038  2.10244583659e-24
1191.32428706  2.05959580849e-24
1261.91468896  2.01837091351e-24
1336.68783514  1.97827652492e-24
1415.89156877  1.93887064594e-24
1499.78841866  1.89982966516e-24
1588.65646945  1.86098127613e-24
1682.79028329  1.82229996249e-24
1782.50187627  1.78387928627e-24
1888.12175257  1.74588923517e-24
2000  1.7085325341e-24
2118.50745035  1.67201548924e-24
2244.0369086  1.63652498902e-24
2377.00445487  1.60221592758e-24
2517.85082359  1.56920650017e-24
2667.04286433  1.53757673564e-24
2825.07508925  1.50737266419e-24
2992.47131219  1.4786119322e-24
3169.78638492  1.45131529972e-24
3357.60803625  1.42542839743e-24
3556.55882008  1.40091210631e-24
3767.29817898  1.37771607351e-24
3990.52462994  1.35578532731e-24
4226.97807967  1.33506071895e-24
4477.44227714  1.31548171725e-24
4742.74741132  1.29698682726e-24
5023.77286302  1.27951641793e-24
5321.4501196  1.26301311531e-24
5636.76586253  1.24742068893e-24
5970.76523784  1.23269067171e-24
6324.55532034  1.21878002433e-24
6699.30878316  1.20562941197e-24
7096.26778467  1.19319535307e-24
7516.74808577  1.18143681306e-24
7962.14341107  1.1703163477e-24
8433.93006857  1.15979816462e-24
8933.67184302  1.1498493974e-24
9463.02517923  1.14043986761e-24
10023.7446725  1.13154169103e-24
10617.6888846  1.12312855163e-24
11246.8265038  1.11517632752e-24
11913.2428706  1.10766673463e-24
12619.1468896  1.10057847073e-24
13366.8783514  1.09388793253e-24
14158.9156877  1.08757743901e-24
14997.8841866  1.08163016364e-24
15886.5646945  1.07603116907e-24
16827.9028329  1.07076583761e-24
17825.0187627  1.06582094802e-24
18881.2175257  1.06118406303e-24
20000  1.05684360703e-24

