4.47744227714 20000 74
74
4.47744227714  0
5.02377286302  4.84000176808e-27
5.63676586253  1.26350869035e-25
6.32455532034  2.89159896087e-25
7.09626778467  6.6305434511e-25
7.96214341107  1.58106589887e-24
8.93367184302  3.78707064801e-24
10.0237446725  8.6545298764e-24
11.2468265038  1.70235675321e-23
12.6191468896  2.53411587955e-23
14.1589156877  2.91776275978e-23
15.8865646945  2.53432182538e-23
17.8250187627  1.57177396565e-23
20  9.17153011167e-24
22.440369086  5.74917195415e-24
25.1785082359  3.87140587646e-24
28.2507508925  2.87129815462e-24
31.6978638492  2.31708680486e-24
35.5655882008  1.98448619379e-24
39.9052462994  1.76769167252e-24
44.7744227714  1.62352414267e-24
50.2377286302  1.52647873579e-24
56.3676586253  1.45618416036e-24
63.2455532034  1.39526167716e-24
70.9626778467  1.33180136796e-24
79.6214341107  1.26015592764e-24
89.3367184302  1.18054462057e-24
100.237446725  1.09941773908e-24
112.468265038  1.03297937455e-24
126.191468896  1.08596700506e-24
141.589156877  1.38765093632e-24
158.865646945  1.97741655164e-24
178.250187627  2.66717057792e-24
200  3.389009983e-24
224.40369086  4.24268670831e-24
251.785082359  5.29216778025e-24
282.507508925  6.42822641292e-24
316.978638492  7.26365759568e-24
355.655882008  7.32697737268e-24
399.052462994  6.60327928239e-24
447.744227714  5.56516400271e-24
502.377286302  4.62926723259e-24
563.676586253  3.93588351811e-24
632.455532034  3.46911384335e-24
709.626778467  3.16567838452e-24
796.214341107  2.96192261723e-24
893.367184302  2.81073094441e-24
1002.37446725  2.68559033717e-24
1124.68265038  2.57520432717e-24
1261.91468896  2.47358969698e-24
1415.89156877  2.37585088816e-24
1588.65646945  2.27886255931e-24
1782.50187627  2.18225601145e-24
2000  2.0876757934e-24
2244.0369086  1.99731056403e-24
2517.85082359  1.91291927015e-24
2825.07508925  1.83550231568e-24
3169.78638492  1.76540592723e-24
3556.55882008  1.70245218394e-24
3990.52462994  1.64614745581e-24
4477.44227714  1.59590614882e-24
5023.77286302  1.5511099614e-24
5636.76586253  1.51116117019e-24
6324.55532034  1.47553537085e-24
7096.26778467  1.44372668892e-24
7962.14341107  1.41529330785e-24
8933.67184302  1.38986522145e-24
10023.7446725  1.36712365257e-24
11246.8265038  1.34679560346e-24
12619.1468896  1.32866096169e-24
14158.9156877  1.31250539369e-24
15886.5646945  1.29815010205e-24
17825.0187627  1.28544625979e-24
20000  1.27426450659e-24

