5.97076523784 20000 142
142
5.97076523784  0
6.32455532034  1.81033653092e-27
6.69930878316  5.59797746248e-27
7.09626778467  7.61769895548e-27
7.51674808577  1.10902663752e-26
7.96214341107  1.52472790087e-26
8.43393006857  2.30676624625e-26
8.93367184302  3.28342385294e-26
9.46302517923  5.05754223242e-26
10.0237446725  7.43959280014e-26
10.6176888846  1.14944226584e-25
11.2468265038  1.75558042822e-25
11.9132428706  2.68076606822e-25
12.6191468896  4.17441671165e-25
13.3668783514  6.44883107647e-25
14.1589156877  9.8466350877e-25
14.9978841866  1.48679259568e-24
15.8865646945  2.1864193649e-24
16.8279028329  3.08413123357e-24
17.8250187627  4.14393239365e-24
18.8812175257  5.29318336377e-24
20  6.26380674063e-24
21.1850745035  6.18168024331e-24
22.440369086  5.24509175308e-24
23.7700445487  4.13176706675e-24
25.1785082359  3.2098338669e-24
26.6704286433  2.53112816901e-24
28.2507508925  2.03155885222e-24
29.9247131219  1.66515084686e-24
31.6978638492  1.39426750098e-24
33.5760803625  1.18324966388e-24
35.5655882008  1.01474143647e-24
37.6729817898  8.76574359963e-25
39.9052462994  7.60942606188e-25
42.2697807967  6.63836183226e-25
44.7744227714  5.81312043253e-25
47.4274741132  5.11483980065e-25
50.2377286302  4.52388396219e-25
53.214501196  4.0274882673e-25
56.3676586253  3.61283784966e-25
59.7076523784  3.26807906091e-25
63.2455532034  2.98397002361e-25
66.9930878316  2.75170544903e-25
70.9626778467  2.56448527433e-25
75.1674808577  2.41524701035e-25
79.6214341107  2.29797210427e-25
84.3393006857  2.20732605679e-25
89.3367184302  2.1386908767e-25
94.6302517923  2.08789879156e-25
100.237446725  2.0515092595e-25
106.176888846  2.0023311542e-25
112.468265038  1.99288860035e-25
119.132428706  1.9992941664e-25
126.191468896  2.03527201403e-25
133.668783514  2.12694817869e-25
141.589156877  2.31688103437e-25
149.978841866  2.65929857269e-25
158.865646945  3.19580242288e-25
168.279028329  3.91959077871e-25
178.250187627  4.77001749697e-25
188.812175257  5.67829122073e-25
200  6.61486048652e-25
211.850745035  7.59501211948e-25
224.40369086  8.65206375124e-25
237.700445487  9.81394471073e-25
251.785082359  1.1084303188e-24
266.704286433  1.24245711593e-24
282.507508925  1.37372989585e-24
299.247131219  1.48628580458e-24
316.978638492  1.56095433195e-24
335.760803625  1.58237927802e-24
355.655882008  1.54666172269e-24
376.729817898  1.46366179889e-24
399.052462994  1.35189051566e-24
422.697807967  1.23080896709e-24
447.744227714  1.11496601082e-24
474.274741132  1.01242794911e-24
502.377286302  9.26442591496e-25
532.14501196  8.57176915063e-25
563.676586253  8.03083514142e-25
597.076523784  7.61747779542e-25
632.455532034  7.30360007794e-25
669.930878316  7.06010695677e-25
709.626778467  6.85953617936e-25
751.674808577  6.67892912556e-25
796.214341107  6.50238777997e-25
843.393006857  6.32244041008e-25
893.367184302  6.13945371258e-25
946.302517923  5.95852831541e-25
1002.37446725  5.78617151502e-25
1061.76888846  5.62767220815e-25
1124.68265038  5.48575971804e-25
1191.32428706  5.36047516123e-25
1261.91468896  5.24981957679e-25
1336.68783514  5.15070010809e-25
1415.89156877  5.05979812272e-25
1499.78841866  4.97417852129e-25
1588.65646945  4.89162803883e-25
1682.79028329  4.81064207999e-25
1782.50187627  4.73045826754e-25
1888.12175257  4.65084084441e-25
2000  4.57190015721e-25
2118.50745035  4.49393621752e-25
2244.0369086  4.41733178073e-25
2377.00445487  4.34247326384e-25
2517.85082359  4.26970490145e-25
2667.04286433  4.19930797918e-25
2825.07508925  4.1314910578e-25
2992.47131219  4.06639346149e-25
3169.78638492  4.00414809723e-25
3357.60803625  3.94472488899e-25
3556.55882008  3.88810613917e-25
3767.29817898  3.83424200095e-25
3990.52462994  3.78305822636e-25
4226.97807967  3.73446629309e-25
4477.44227714  3.68836556545e-25
4742.74741132  3.64464885379e-25
5023.77286302  3.60320714307e-25
5321.4501196  3.56393112829e-25
5636.76586253  3.52671252549e-25
5970.76523784  3.49145513684e-25
6324.55532034  3.45807659821e-25
6699.30878316  3.4264505413e-25
7096.26778467  3.39648765589e-25
7516.74808577  3.36810199534e-25
7962.14341107  3.34121478957e-25
8433.93006857  3.31575010852e-25
8933.67184302  3.2916382218e-25
9463.02517923  3.26881335569e-25
10023.7446725  3.24721558302e-25
10617.6888846  3.22678759447e-25
11246.8265038  3.20747615197e-25
11913.2428706  3.18924366298e-25
12619.1468896  3.17204120964e-25
13366.8783514  3.15581761257e-25
14158.9156877  3.14053248667e-25
14997.8841866  3.12614963092e-25
15886.5646945  3.11263439263e-25
16827.9028329  3.09995437537e-25
17825.0187627  3.08808024566e-25
18881.2175257  3.07698424367e-25
20000  3.06663984639e-25

