6.69930878316 20000 140
140
6.69930878316  0
7.09626778467  2.34344238346e-26
7.51674808577  4.05711533419e-26
7.96214341107  5.80110298803e-26
8.43393006857  9.24264714793e-26
8.93367184302  1.35861047579e-25
9.46302517923  2.17006822558e-25
10.0237446725  3.26811133053e-25
10.6176888846  5.15701205539e-25
11.2468265038  7.96762992348e-25
11.9132428706  1.22119088816e-24
12.6191468896  1.8798575016e-24
13.3668783514  2.79966926147e-24
14.1589156877  3.99705315767e-24
14.9978841866  5.37718581596e-24
15.8865646945  6.63819848891e-24
16.8279028329  7.49769303741e-24
17.8250187627  8.00775933223e-24
18.8812175257  8.53899874286e-24
20  9.21395727174e-24
21.1850745035  8.73045470809e-24
22.440369086  7.10166861596e-24
23.7700445487  5.38134523322e-24
25.1785082359  4.05682406814e-24
26.6704286433  3.12855019074e-24
28.2507508925  2.46825809944e-24
29.9247131219  1.99892490093e-24
31.6978638492  1.66224977694e-24
33.5760803625  1.40703945006e-24
35.5655882008  1.20863595574e-24
37.6729817898  1.05000321698e-24
39.9052462994  9.20297124553e-25
42.2697807967  8.13820581233e-25
44.7744227714  7.25291269585e-25
47.4274741132  6.5211929486e-25
50.2377286302  5.91761439046e-25
53.214501196  5.42545186033e-25
56.3676586253  5.02825180557e-25
59.7076523784  4.7108170872e-25
63.2455532034  4.46082849122e-25
66.9930878316  4.26640902821e-25
70.9626778467  4.11768360932e-25
75.1674808577  4.00457745153e-25
79.6214341107  3.91827647959e-25
84.3393006857  3.85099034301e-25
89.3367184302  3.7961223034e-25
94.6302517923  3.74832769812e-25
100.237446725  3.70410745227e-25
106.176888846  3.60565162417e-25
112.468265038  3.5834326541e-25
119.132428706  3.58159393907e-25
126.191468896  3.62956755507e-25
133.668783514  3.77977435808e-25
141.589156877  4.11224681669e-25
149.978841866  4.71940101827e-25
158.865646945  5.65547171943e-25
168.279028329  6.87995702373e-25
178.250187627  8.27317395979e-25
188.812175257  9.72821955724e-25
200  1.12152872882e-24
211.850745035  1.27720992346e-24
224.40369086  1.44556850635e-24
237.700445487  1.63090097173e-24
251.785082359  1.83357885693e-24
266.704286433  2.04763802856e-24
282.507508925  2.25850230296e-24
299.247131219  2.44247443946e-24
316.978638492  2.5706530993e-24
335.760803625  2.61844854058e-24
355.655882008  2.5767704437e-24
376.729817898  2.45693170929e-24
399.052462994  2.28504170803e-24
422.697807967  2.09121642741e-24
447.744227714  1.8999923995e-24
474.274741132  1.72617942559e-24
502.377286302  1.57672520975e-24
532.14501196  1.45318737693e-24
563.676586253  1.35397133009e-24
597.076523784  1.27586221974e-24
632.455532034  1.21493481912e-24
669.930878316  1.16709079253e-24
709.626778467  1.12842779783e-24
751.674808577  1.09555959952e-24
796.214341107  1.06589599125e-24
843.393006857  1.03775858597e-24
893.367184302  1.0104192383e-24
946.302517923  9.83874258887e-25
1002.37446725  9.58486578593e-25
1061.76888846  9.34673181849e-25
1124.68265038  9.12694213626e-25
1191.32428706  8.92569446794e-25
1261.91468896  8.74101996719e-25
1336.68783514  8.56963379665e-25
1415.89156877  8.4078867056e-25
1499.78841866  8.25251325912e-25
1588.65646945  8.10109747672e-25
1682.79028329  7.95207462357e-25
1782.50187627  7.8047835758e-25
1888.12175257  7.65920282627e-25
2000  7.51571380293e-25
2118.50745035  7.37489937681e-25
2244.0369086  7.23740144923e-25
2377.00445487  7.10382221092e-25
2517.85082359  6.97466668579e-25
2667.04286433  6.85032189599e-25
2825.07508925  6.73105159502e-25
2992.47131219  6.61700663326e-25
3169.78638492  6.50833998205e-25
3357.60803625  6.40492032849e-25
3556.55882008  6.30665185541e-25
3767.29817898  6.21339623845e-25
3990.52462994  6.12498053977e-25
4226.97807967  6.04121176872e-25
4477.44227714  5.96188315173e-25
4742.74741132  5.88678266099e-25
5023.77286302  5.81569829086e-25
5321.4501196  5.74842190748e-25
5636.76586253  5.68474940869e-25
5970.76523784  5.62450297028e-25
6324.55532034  5.56752500494e-25
6699.30878316  5.51358941969e-25
7096.26778467  5.46253264571e-25
7516.74808577  5.41419944676e-25
7962.14341107  5.36844656772e-25
8433.93006857  5.32513882244e-25
8933.67184302  5.2841506741e-25
9463.02517923  5.24536520997e-25
10023.7446725  5.20867489607e-25
10617.6888846  5.17397777182e-25
11246.8265038  5.14118105526e-25
11913.2428706  5.11021468645e-25
12619.1468896  5.08099556952e-25
13366.8783514  5.05343165058e-25
14158.9156877  5.02745269027e-25
14997.8841866  5.00299468788e-25
15886.5646945  4.97999653187e-25
16827.9028329  4.95840280265e-25
17825.0187627  4.93816071933e-25
18881.2175257  4.91922233296e-25
20000  4.90154057354e-25

