5.63676586253 20000 72
72
5.63676586253  0
6.32455532034  3.90216337173e-25
7.09626778467  1.66237516136e-24
7.96214341107  3.95773959211e-24
8.93367184302  9.24055214454e-24
10.0237446725  1.94193452562e-23
11.2468265038  3.22858892499e-23
12.6191468896  4.07053813358e-23
14.1589156877  4.01215807352e-23
15.8865646945  2.71286977464e-23
17.8250187627  1.57772567548e-23
20  9.45466024348e-24
22.440369086  6.14760663509e-24
25.1785082359  4.32398836063e-24
28.2507508925  3.36269624711e-24
31.6978638492  2.84491557669e-24
35.5655882008  2.54423275042e-24
39.9052462994  2.34961402283e-24
44.7744227714  2.21287900155e-24
50.2377286302  2.10573898776e-24
56.3676586253  2.00800025011e-24
63.2455532034  1.90588742253e-24
70.9626778467  1.79317997642e-24
79.6214341107  1.67029300888e-24
89.3367184302  1.54298918747e-24
100.237446725  1.42505260526e-24
112.468265038  1.36224829966e-24
126.191468896  1.49030252631e-24
141.589156877  1.9963926894e-24
158.865646945  2.81596063447e-24
178.250187627  3.67806049945e-24
200  4.5925962569e-24
224.40369086  5.71133275168e-24
251.785082359  7.09867669977e-24
282.507508925  8.59514843783e-24
316.978638492  9.69106288744e-24
355.655882008  9.77931382217e-24
399.052462994  8.836939638e-24
447.744227714  7.46759633261e-24
502.377286302  6.21683421031e-24
563.676586253  5.27757870583e-24
632.455532034  4.6366299815e-24
709.626778467  4.21597924273e-24
796.214341107  3.93510274229e-24
893.367184302  3.73218900659e-24
1002.37446725  3.56899856279e-24
1124.68265038  3.42623573262e-24
1261.91468896  3.29312816512e-24
1415.89156877  3.1625673151e-24
1588.65646945  3.03109027384e-24
1782.50187627  2.89916764252e-24
2000  2.76970508994e-24
2244.0369086  2.64601648339e-24
2517.85082359  2.53061942549e-24
2825.07508925  2.42489700215e-24
3169.78638492  2.32929853842e-24
3556.55882008  2.24354821931e-24
3990.52462994  2.16694153884e-24
4477.44227714  2.09865366771e-24
5023.77286302  2.03782204808e-24
5636.76586253  1.98361639486e-24
6324.55532034  1.93531042701e-24
7096.26778467  1.89220470176e-24
7962.14341107  1.85369069878e-24
8933.67184302  1.81925888262e-24
10023.7446725  1.78847099957e-24
11246.8265038  1.76095146591e-24
12619.1468896  1.73639736065e-24
14158.9156877  1.7145149079e-24
15886.5646945  1.69505903381e-24
17825.0187627  1.67782571414e-24
20000  1.66263720491e-24

