5.97076523784 20000 142
142
5.97076523784  0
6.32455532034  2.0391138284e-27
6.69930878316  6.80185586744e-27
7.09626778467  9.35972865696e-27
7.51674808577  1.38189192321e-26
7.96214341107  1.91770504092e-26
8.43393006857  2.93905537901e-26
8.93367184302  4.21840898113e-26
9.46302517923  6.56153583177e-26
10.0237446725  9.71565027413e-26
10.6176888846  1.51050461612e-25
11.2468265038  2.31661770931e-25
11.9132428706  3.54634582989e-25
12.6191468896  5.5223308491e-25
13.3668783514  8.49599453145e-25
14.1589156877  1.28503216432e-24
14.9978841866  1.90444808362e-24
15.8865646945  2.70759577631e-24
16.8279028329  3.61164321505e-24
17.8250187627  4.47017139062e-24
18.8812175257  5.19460228796e-24
20  5.78732392784e-24
21.1850745035  5.91808776635e-24
22.440369086  5.27975208328e-24
23.7700445487  4.24807401156e-24
25.1785082359  3.31056860872e-24
26.6704286433  2.60727493463e-24
28.2507508925  2.08987662554e-24
29.9247131219  1.71162076605e-24
31.6978638492  1.43293125162e-24
33.5760803625  1.21643986995e-24
35.5655882008  1.04399576718e-24
37.6729817898  9.02919273324e-25
39.9052462994  7.85098955323e-25
42.2697807967  6.86367887479e-25
44.7744227714  6.02652404488e-25
47.4274741132  5.32003644011e-25
50.2377286302  4.72400251764e-25
53.214501196  4.22527588157e-25
56.3676586253  3.81065266901e-25
59.7076523784  3.46790172309e-25
63.2455532034  3.18742953229e-25
66.9930878316  2.96005669851e-25
70.9626778467  2.77860389239e-25
75.1674808577  2.63559296483e-25
79.6214341107  2.52458706607e-25
84.3393006857  2.43983458592e-25
89.3367184302  2.37632250959e-25
94.6302517923  2.32954828961e-25
100.237446725  2.29585380319e-25
106.176888846  2.25127072556e-25
112.468265038  2.2398444413e-25
119.132428706  2.24496995895e-25
126.191468896  2.28281032969e-25
133.668783514  2.3835742546e-25
141.589156877  2.59563852338e-25
149.978841866  2.97916040279e-25
158.865646945  3.57770300473e-25
168.279028329  4.37923207807e-25
178.250187627  5.31393512579e-25
188.812175257  6.30710339086e-25
200  7.32914580722e-25
211.850745035  8.39883261044e-25
224.40369086  9.55316308158e-25
237.700445487  1.08224010543e-24
251.785082359  1.22102051498e-24
266.704286433  1.36747353967e-24
282.507508925  1.5111040939e-24
299.247131219  1.63474844406e-24
316.978638492  1.71772522277e-24
335.760803625  1.74324458408e-24
355.655882008  1.7066015652e-24
376.729817898  1.61788186304e-24
399.052462994  1.49677624636e-24
422.697807967  1.36440014139e-24
447.744227714  1.23685314216e-24
474.274741132  1.12324858038e-24
502.377286302  1.02740872976e-24
532.14501196  9.49716486335e-25
563.676586253  8.88617117273e-25
597.076523784  8.4157176406e-25
632.455532034  8.05597521493e-25
669.930878316  7.77600302261e-25
709.626778467  7.54654376607e-25
751.674808577  7.34294585666e-25
796.214341107  7.14775800033e-25
843.393006857  6.95206261533e-25
893.367184302  6.75503890821e-25
946.302517923  6.56098982957e-25
1002.37446725  6.37597582504e-25
1061.76888846  6.20511204167e-25
1124.68265038  6.05110794842e-25
1191.32428706  5.91402897822e-25
1261.91468896  5.79188084589e-25
1336.68783514  5.68154088689e-25
1415.89156877  5.57963913536e-25
1499.78841866  5.48318920237e-25
1588.65646945  5.38994634832e-25
1682.79028329  5.29839664029e-25
1782.50187627  5.20779342217e-25
1888.12175257  5.1179342024e-25
2000  5.02897141704e-25
2118.50745035  4.94124899585e-25
2244.0369086  4.85518993051e-25
2377.00445487  4.77121414013e-25
2517.85082359  4.68969082426e-25
2667.04286433  4.61091768571e-25
2825.07508925  4.53511185475e-25
2992.47131219  4.46241444518e-25
3169.78638492  4.39296147926e-25
3357.60803625  4.32670716243e-25
3556.55882008  4.26362166784e-25
3767.29817898  4.20364141122e-25
3990.52462994  4.14667682151e-25
4226.97807967  4.09262315611e-25
4477.44227714  4.04136329984e-25
4742.74741132  3.99277378536e-25
5023.77286302  3.94672960678e-25
5321.4501196  3.90310611445e-25
5636.76586253  3.86178014718e-25
5970.76523784  3.82264283343e-25
6324.55532034  3.78560012954e-25
6699.30878316  3.75051018346e-25
7096.26778467  3.71727215519e-25
7516.74808577  3.68578933986e-25
7962.14341107  3.65597295511e-25
8433.93006857  3.62773787049e-25
8933.67184302  3.60100569081e-25
9463.02517923  3.57570270226e-25
10023.7446725  3.551761586e-25
10617.6888846  3.52911809993e-25
11246.8265038  3.5077128662e-25
11913.2428706  3.48750325121e-25
12619.1468896  3.46843503046e-25
13366.8783514  3.45045067819e-25
14158.9156877  3.43350517396e-25
14997.8841866  3.41755800045e-25
15886.5646945  3.40257039683e-25
16827.9028329  3.38850639198e-25
17825.0187627  3.37533301185e-25
18881.2175257  3.36301936197e-25
20000  3.35153572907e-25

