5.63676586253 20000 72
72
5.63676586253  0
6.32455532034  2.72648134358e-26
7.09626778467  3.08197205985e-25
7.96214341107  7.31530264808e-25
8.93367184302  1.76481634782e-24
10.0237446725  4.18227232925e-24
11.2468265038  9.1005637315e-24
12.6191468896  1.63140648096e-23
14.1589156877  2.35247371035e-23
15.8865646945  2.75668018773e-23
17.8250187627  1.9622281312e-23
20  1.07530114241e-23
22.440369086  6.22139704577e-24
25.1785082359  3.88427305542e-24
28.2507508925  2.69793390118e-24
31.6978638492  2.05852792089e-24
35.5655882008  1.68007233178e-24
39.9052462994  1.43458170655e-24
44.7744227714  1.27227663104e-24
50.2377286302  1.16698473166e-24
56.3676586253  1.09945835879e-24
63.2455532034  1.05242100072e-24
70.9626778467  1.01214026686e-24
79.6214341107  9.69549692979e-25
89.3367184302  9.20768456639e-25
100.237446725  8.67513316922e-25
112.468265038  8.15880566172e-25
126.191468896  8.33159061256e-25
141.589156877  1.01332001843e-24
158.865646945  1.44326389777e-24
178.250187627  2.00772485951e-24
200  2.59846138977e-24
224.40369086  3.27633857483e-24
251.785082359  4.10236137531e-24
282.507508925  4.99958903583e-24
316.978638492  5.66191322035e-24
355.655882008  5.70843959626e-24
399.052462994  5.12983833306e-24
447.744227714  4.31116705518e-24
502.377286302  3.58324241851e-24
563.676586253  3.05168852168e-24
632.455532034  2.69913691757e-24
709.626778467  2.47228468569e-24
796.214341107  2.31878052496e-24
893.367184302  2.20131943608e-24
1002.37446725  2.10115470458e-24
1124.68265038  2.01218822083e-24
1261.91468896  1.93146192539e-24
1415.89156877  1.85544370475e-24
1588.65646945  1.78120065021e-24
1782.50187627  1.70782241135e-24
2000  1.63614765409e-24
2244.0369086  1.56764490236e-24
2517.85082359  1.50358590162e-24
2825.07508925  1.44472714732e-24
3169.78638492  1.39135007068e-24
3556.55882008  1.34334299015e-24
3990.52462994  1.30035027126e-24
4477.44227714  1.26194393613e-24
5023.77286302  1.22766460315e-24
5636.76586253  1.19706815695e-24
6324.55532034  1.16976107306e-24
7096.26778467  1.14536467102e-24
7962.14341107  1.12354609021e-24
8933.67184302  1.10402630494e-24
10023.7446725  1.08656509815e-24
11246.8265038  1.07095627854e-24
12619.1468896  1.057033654e-24
14158.9156877  1.04463487677e-24
15886.5646945  1.03362489672e-24
17825.0187627  1.02389075026e-24
20000  1.01533426897e-24

