6.32455532034 20000 141
141
6.32455532034  0
6.69930878316  5.3552912767e-27
7.09626778467  5.22804074929e-26
7.51674808577  8.24774666615e-26
7.96214341107  1.19281652818e-25
8.43393006857  1.92901820561e-25
8.93367184302  2.8619227516e-25
9.46302517923  4.62817818093e-25
10.0237446725  7.03655459076e-25
10.6176888846  1.12410754874e-24
11.2468265038  1.76097262312e-24
11.9132428706  2.74035816113e-24
12.6191468896  4.31114933704e-24
13.3668783514  6.59541637856e-24
14.1589156877  9.57593686533e-24
14.9978841866  1.26000660942e-23
15.8865646945  1.38230299874e-23
16.8279028329  1.29705265671e-23
17.8250187627  1.1075462713e-23
18.8812175257  8.99312621037e-24
20  7.11790852513e-24
21.1850745035  5.65331136841e-24
22.440369086  4.51300287735e-24
23.7700445487  3.63229782248e-24
25.1785082359  2.9700275713e-24
26.6704286433  2.47577915641e-24
28.2507508925  2.09659877109e-24
29.9247131219  1.80425192043e-24
31.6978638492  1.57639573146e-24
33.5760803625  1.39039766136e-24
35.5655882008  1.2355765646e-24
37.6729817898  1.10452904167e-24
39.9052462994  9.92625799896e-25
42.2697807967  8.97874328522e-25
44.7744227714  8.17645659096e-25
47.4274741132  7.50761027733e-25
50.2377286302  6.95562388792e-25
53.214501196  6.50826859609e-25
56.3676586253  6.15121490691e-25
59.7076523784  5.86976066203e-25
63.2455532034  5.6509876147e-25
66.9930878316  5.48195327741e-25
70.9626778467  5.35137390354e-25
75.1674808577  5.24799787272e-25
79.6214341107  5.16214019245e-25
84.3393006857  5.08562437445e-25
89.3367184302  5.01204070127e-25
94.6302517923  4.93699047398e-25
100.237446725  4.85879483205e-25
106.176888846  4.67642794247e-25
112.468265038  4.62520183853e-25
119.132428706  4.6091683868e-25
126.191468896  4.67340314766e-25
133.668783514  4.89354407832e-25
141.589156877  5.37588323421e-25
149.978841866  6.22632490593e-25
158.865646945  7.48124473768e-25
168.279028329  9.05703190896e-25
178.250187627  1.07994830816e-24
188.812175257  1.25966143078e-24
200  1.44336496806e-24
211.850745035  1.63678856904e-24
224.40369086  1.84700869346e-24
237.700445487  2.07893216601e-24
251.785082359  2.33251498687e-24
266.704286433  2.59999110585e-24
282.507508925  2.86325436103e-24
299.247131219  3.09335053706e-24
316.978638492  3.25514796154e-24
335.760803625  3.31852249073e-24
355.655882008  3.27161224569e-24
376.729817898  3.1270027781e-24
399.052462994  2.91561379213e-24
422.697807967  2.67410189966e-24
447.744227714  2.43318417614e-24
474.274741132  2.21194835622e-24
502.377286302  2.01979975024e-24
532.14501196  1.85932262051e-24
563.676586253  1.72902137617e-24
597.076523784  1.62526664747e-24
632.455532034  1.54348323048e-24
669.930878316  1.47884891186e-24
709.626778467  1.42674404091e-24
751.674808577  1.38310502819e-24
796.214341107  1.34473077787e-24
843.393006857  1.30937008679e-24
893.367184302  1.27580446549e-24
946.302517923  1.24366500855e-24
1002.37446725  1.21305956418e-24
1061.76888846  1.18424446202e-24
1124.68265038  1.15738695806e-24
1191.32428706  1.13245240274e-24
1261.91468896  1.10920907591e-24
1336.68783514  1.0873037425e-24
1415.89156877  1.06635555632e-24
1499.78841866  1.04603256351e-24
1588.65646945  1.02609888023e-24
1682.79028329  1.00641501034e-24
1782.50187627  9.86938967809e-25
1888.12175257  9.67696891934e-25
2000  9.48755158269e-25
2118.50745035  9.30198381201e-25
2244.0369086  9.12113030865e-25
2377.00445487  8.94576854948e-25
2517.85082359  8.77653103857e-25
2667.04286433  8.61388241812e-25
2825.07508925  8.45812453721e-25
2992.47131219  8.30941312456e-25
3169.78638492  8.16791326251e-25
3357.60803625  8.03341309463e-25
3556.55882008  7.90575932435e-25
3767.29817898  7.7847423538e-25
3990.52462994  7.67011607679e-25
4226.97807967  7.56160966371e-25
4477.44227714  7.45893871712e-25
4742.74741132  7.36181069243e-25
5023.77286302  7.26993946488e-25
5321.4501196  7.18304495778e-25
5636.76586253  7.1008517233e-25
5970.76523784  7.02312178348e-25
6324.55532034  6.9496441231e-25
6699.30878316  6.88012012668e-25
7096.26778467  6.81433253678e-25
7516.74808577  6.75207547792e-25
7962.14341107  6.69316044992e-25
8433.93006857  6.63740796421e-25
8933.67184302  6.58465177985e-25
9463.02517923  6.53473909768e-25
10023.7446725  6.48752854402e-25
10617.6888846  6.44288573538e-25
11246.8265038  6.40068892078e-25
11913.2428706  6.36084554973e-25
12619.1468896  6.32324666886e-25
13366.8783514  6.28777189662e-25
14158.9156877  6.2543295141e-25
14997.8841866  6.22283564655e-25
15886.5646945  6.19321037097e-25
16827.9028329  6.16538141868e-25
17825.0187627  6.13927964914e-25
18881.2175257  6.11484212325e-25
20000  6.09200795727e-25

