6.32455532034 20000 141
141
6.32455532034  0
6.69930878316  5.48714223119e-27
7.09626778467  1.36394285672e-26
7.51674808577  2.05963117071e-26
7.96214341107  2.90001903063e-26
8.43393006857  4.53153778213e-26
8.93367184302  6.58379672352e-26
9.46302517923  1.0386413415e-25
10.0237446725  1.55252163314e-25
10.6176888846  2.43591963832e-25
11.2468265038  3.75985733579e-25
11.9132428706  5.78005459736e-25
12.6191468896  9.00889807454e-25
13.3668783514  1.37932914188e-24
14.1589156877  2.06360680448e-24
14.9978841866  3.00474558273e-24
15.8865646945  4.19822841689e-24
16.8279028329  5.62266232448e-24
17.8250187627  7.22415376658e-24
18.8812175257  8.58936274614e-24
20  8.76732071574e-24
21.1850745035  7.78775957079e-24
22.440369086  6.35295343638e-24
23.7700445487  4.88668297529e-24
25.1785082359  3.7161059557e-24
26.6704286433  2.87783185855e-24
28.2507508925  2.27499978844e-24
29.9247131219  1.84273967977e-24
31.6978638492  1.53014796148e-24
33.5760803625  1.29142458473e-24
35.5655882008  1.10440499984e-24
37.6729817898  9.53696345051e-25
39.9052462994  8.29466888038e-25
42.2697807967  7.26560755949e-25
44.7744227714  6.40152790478e-25
47.4274741132  5.67893487978e-25
50.2377286302  5.0746362046e-25
53.214501196  4.57360194321e-25
56.3676586253  4.16113339523e-25
59.7076523784  3.82379844884e-25
63.2455532034  3.55102143293e-25
66.9930878316  3.33271831976e-25
70.9626778467  3.16085869229e-25
75.1674808577  3.02714709695e-25
79.6214341107  2.92439432829e-25
84.3393006857  2.84618246495e-25
89.3367184302  2.78694726233e-25
94.6302517923  2.74183003236e-25
100.237446725  2.70709198376e-25
106.176888846  2.65124390811e-25
112.468265038  2.63663034847e-25
119.132428706  2.63969920222e-25
126.191468896  2.68053210361e-25
133.668783514  2.79589740493e-25
141.589156877  3.04352039057e-25
149.978841866  3.49308494063e-25
158.865646945  4.19130569676e-25
168.279028329  5.11774139715e-25
178.250187627  6.18785189144e-25
188.812175257  7.31742088895e-25
200  8.47679369384e-25
211.850745035  9.69033736484e-25
224.40369086  1.10009665183e-24
237.700445487  1.24426958551e-24
251.785082359  1.40192007565e-24
266.704286433  1.56833841864e-24
282.507508925  1.73182430681e-24
299.247131219  1.87328454372e-24
316.978638492  1.96961025571e-24
335.760803625  2.00170814645e-24
355.655882008  1.96357817795e-24
376.729817898  1.86566846257e-24
399.052462994  1.72956529834e-24
422.697807967  1.57904214007e-24
447.744227714  1.43269016224e-24
474.274741132  1.30130496708e-24
502.377286302  1.18963182443e-24
532.14501196  1.09840054902e-24
563.676586253  1.02604463541e-24
597.076523784  9.6982559272e-25
632.455532034  9.26482231133e-25
669.930878316  8.92623890623e-25
709.626778467  8.65036430129e-25
751.674808577  8.40982680193e-25
796.214341107  8.18467944898e-25
843.393006857  7.96368160327e-25
893.367184302  7.74410452153e-25
946.302517923  7.52896951985e-25
1002.37446725  7.32361908509e-25
1061.76888846  7.13288919933e-25
1124.68265038  6.95945743148e-25
1191.32428706  6.80342828379e-25
1261.91468896  6.66281498365e-25
1336.68783514  6.53444697395e-25
1415.89156877  6.41487181095e-25
1499.78841866  6.30102069839e-25
1588.65646945  6.19059832615e-25
1682.79028329  6.08207575857e-25
1782.50187627  5.97473159877e-25
1888.12175257  5.86841680316e-25
2000  5.76335143325e-25
2118.50745035  5.65994998247e-25
2244.0369086  5.55870009049e-25
2377.00445487  5.46007550452e-25
2517.85082359  5.3644855355e-25
2667.04286433  5.27225426387e-25
2825.07508925  5.18361258856e-25
2992.47131219  5.09870449878e-25
3169.78638492  5.01767102214e-25
3357.60803625  4.94044110899e-25
3556.55882008  4.86696544433e-25
3767.29817898  4.79715837179e-25
3990.52462994  4.73090570059e-25
4226.97807967  4.6680766269e-25
4477.44227714  4.60852755777e-25
4742.74741132  4.55210887237e-25
5023.77286302  4.4986698722e-25
5321.4501196  4.44806125322e-25
5636.76586253  4.4001359509e-25
5970.76523784  4.35476473074e-25
6324.55532034  4.31183478348e-25
6699.30878316  4.2711793792e-25
7096.26778467  4.23267915295e-25
7516.74808577  4.19622011448e-25
7962.14341107  4.16169739465e-25
8433.93006857  4.12901108064e-25
8933.67184302  4.09806885551e-25
9463.02517923  4.068784248e-25
10023.7446725  4.04107806301e-25
10617.6888846  4.01487491952e-25
11246.8265038  3.99010557481e-25
11913.2428706  3.96671929581e-25
12619.1468896  3.94465333177e-25
13366.8783514  3.92383996015e-25
14158.9156877  3.90422671291e-25
14997.8841866  3.88576613766e-25
15886.5646945  3.86841287299e-25
16827.9028329  3.85212520431e-25
17825.0187627  3.83686430824e-25
18881.2175257  3.82259425382e-25
20000  3.80928020202e-25

