8.93367184302 20000 68
68
8.93367184302  0
10.0237446725  2.55418454445e-25
11.2468265038  2.12711773467e-24
12.6191468896  5.05274432311e-24
14.1589156877  1.07606059178e-23
15.8865646945  1.53931150593e-23
17.8250187627  1.23117278721e-23
20  7.61604812558e-24
22.440369086  4.72823549547e-24
25.1785082359  3.07166155945e-24
28.2507508925  2.15329153453e-24
31.6978638492  1.61489829628e-24
35.5655882008  1.26689745303e-24
39.9052462994  1.0214949501e-24
44.7744227714  8.46319712558e-25
50.2377286302  7.25145566539e-25
56.3676586253  6.46023695394e-25
63.2455532034  5.97165112327e-25
70.9626778467  5.67749626904e-25
79.6214341107  5.48455958279e-25
89.3367184302  5.3211504009e-25
100.237446725  5.14736124579e-25
112.468265038  4.88412780205e-25
126.191468896  4.93280168825e-25
141.589156877  5.69916094428e-25
158.865646945  7.95757388361e-25
178.250187627  1.14517192157e-24
200  1.5255095972e-24
224.40369086  1.94902216382e-24
251.785082359  2.45904021523e-24
282.507508925  3.01621245516e-24
316.978638492  3.42770722793e-24
355.655882008  3.4464260423e-24
399.052462994  3.07437341997e-24
447.744227714  2.56770246384e-24
502.377286302  2.13172430422e-24
563.676586253  1.82373194947e-24
632.455532034  1.62631399497e-24
709.626778467  1.5017818201e-24
796.214341107  1.41472531237e-24
893.367184302  1.34236329121e-24
1002.37446725  1.27693770985e-24
1124.68265038  1.21885523797e-24
1261.91468896  1.1683198559e-24
1415.89156877  1.12307767403e-24
1588.65646945  1.08038816725e-24
1782.50187627  1.0387889351e-24
2000  9.98222932037e-25
2244.0369086  9.59316798061e-25
2517.85082359  9.22754238269e-25
2825.07508925  8.88994264036e-25
3169.78638492  8.58242609804e-25
3556.55882008  8.30478501534e-25
3990.52462994  8.05532996604e-25
4477.44227714  7.83185864328e-25
5023.77286302  7.63191961078e-25
5636.76586253  7.45309310347e-25
6324.55532034  7.29321253659e-25
7096.26778467  7.15016676357e-25
7962.14341107  7.02208789096e-25
8933.67184302  6.90740669906e-25
10023.7446725  6.80476575876e-25
11246.8265038  6.71299531026e-25
12619.1468896  6.6311542068e-25
14158.9156877  6.55831692936e-25
15886.5646945  6.49371239166e-25
17825.0187627  6.43669410409e-25
20000  6.38670058366e-25

