6.32455532034 20000 141
141
6.32455532034  0
6.69930878316  3.5989103809e-25
7.09626778467  1.18878753268e-24
7.51674808577  1.9343128771e-24
7.96214341107  2.84232105966e-24
8.43393006857  4.65140308954e-24
8.93367184302  6.91647197379e-24
9.46302517923  1.09568195098e-23
10.0237446725  1.61383168759e-23
10.6176888846  2.39645432786e-23
11.2468265038  3.40564337197e-23
11.9132428706  4.69930021159e-23
12.6191468896  6.10496762485e-23
13.3668783514  6.67202709787e-23
14.1589156877  6.04410761241e-23
14.9978841866  4.66319137758e-23
15.8865646945  3.42919956276e-23
16.8279028329  2.50247131431e-23
17.8250187627  1.84224759309e-23
18.8812175257  1.37147973473e-23
20  1.03802466433e-23
21.1850745035  8.08993887878e-24
22.440369086  6.42517373257e-24
23.7700445487  5.20510777952e-24
25.1785082359  4.33125853984e-24
26.6704286433  3.71057522412e-24
28.2507508925  3.25752881413e-24
29.9247131219  2.92803308468e-24
31.6978638492  2.68793263971e-24
33.5760803625  2.50446141613e-24
35.5655882008  2.36147272609e-24
37.6729817898  2.24744836327e-24
39.9052462994  2.15474670666e-24
42.2697807967  2.07894062961e-24
44.7744227714  2.0154585321e-24
47.4274741132  1.9613159087e-24
50.2377286302  1.91347109023e-24
53.214501196  1.86945747462e-24
56.3676586253  1.82703940908e-24
59.7076523784  1.78442737539e-24
63.2455532034  1.74034655725e-24
66.9930878316  1.69397964198e-24
70.9626778467  1.64494908834e-24
75.1674808577  1.59326289711e-24
79.6214341107  1.53926925065e-24
84.3393006857  1.48362598623e-24
89.3367184302  1.42736930865e-24
94.6302517923  1.37210498951e-24
100.237446725  1.32047080781e-24
106.176888846  1.2734806484e-24
112.468265038  1.25377775225e-24
119.132428706  1.26887436207e-24
126.191468896  1.34310191614e-24
133.668783514  1.5043407625e-24
141.589156877  1.76839783499e-24
149.978841866  2.12078018336e-24
158.865646945  2.52069732542e-24
168.279028329  2.93055392007e-24
178.250187627  3.33786355968e-24
188.812175257  3.75236817525e-24
200  4.19303440797e-24
211.850745035  4.67973894594e-24
224.40369086  5.22550504507e-24
237.700445487  5.83546444334e-24
251.785082359  6.50225137967e-24
266.704286433  7.20038364394e-24
282.507508925  7.88120925006e-24
299.247131219  8.47307432825e-24
316.978638492  8.89269547413e-24
335.760803625  9.06941709599e-24
355.655882008  8.97309434091e-24
376.729817898  8.62799535552e-24
399.052462994  8.10182809054e-24
422.697807967  7.48019245957e-24
447.744227714  6.84053071834e-24
474.274741132  6.23507178454e-24
502.377286302  5.69311827956e-24
532.14501196  5.22636272669e-24
563.676586253  4.83514662745e-24
597.076523784  4.51344853705e-24
632.455532034  4.25221164269e-24
669.930878316  4.04134432271e-24
709.626778467  3.87088694606e-24
751.674808577  3.73169497833e-24
796.214341107  3.61602241975e-24
843.393006857  3.51731852158e-24
893.367184302  3.43052485291e-24
946.302517923  3.3521985042e-24
1002.37446725  3.27998260429e-24
1061.76888846  3.21225442523e-24
1124.68265038  3.1478121581e-24
1191.32428706  3.08566616181e-24
1261.91468896  3.02495340585e-24
1336.68783514  2.96495099647e-24
1415.89156877  2.90512397882e-24
1499.78841866  2.84516545364e-24
1588.65646945  2.78500278235e-24
1682.79028329  2.72477713479e-24
1782.50187627  2.66477201524e-24
1888.12175257  2.60535022336e-24
2000  2.54689587729e-24
2118.50745035  2.48977237916e-24
2244.0369086  2.43429546392e-24
2377.00445487  2.38071775368e-24
2517.85082359  2.32922524345e-24
2667.04286433  2.27994184582e-24
2825.07508925  2.23293369623e-24
2992.47131219  2.18822242858e-24
3169.78638492  2.14583295277e-24
3357.60803625  2.10567390731e-24
3556.55882008  2.06767772645e-24
3767.29817898  2.03176152584e-24
3990.52462994  1.99783403878e-24
4226.97807967  1.96579852568e-24
4477.44227714  1.93555599345e-24
4742.74741132  1.90701044644e-24
5023.77286302  1.88006365788e-24
5321.4501196  1.8546238896e-24
5636.76586253  1.83060308351e-24
5970.76523784  1.80792388925e-24
6324.55532034  1.78651675271e-24
6699.30878316  1.76628815577e-24
7096.26778467  1.74716942893e-24
7516.74808577  1.72909626412e-24
7962.14341107  1.71200848173e-24
8433.93006857  1.69585047823e-24
8933.67184302  1.68057137253e-24
9463.02517923  1.66612239272e-24
10023.7446725  1.65245942514e-24
10617.6888846  1.63954197514e-24
11246.8265038  1.62733169575e-24
11913.2428706  1.61579968904e-24
12619.1468896  1.60491323182e-24
13366.8783514  1.59463463412e-24
14158.9156877  1.58493682756e-24
14997.8841866  1.57579212876e-24
15886.5646945  1.5671791928e-24
16827.9028329  1.55907346432e-24
17825.0187627  1.55145502539e-24
18881.2175257  1.5443042993e-24
20000  1.53760324052e-24

