14.9978841866 20000 126
126
14.9978841866  0
15.8865646945  4.08095470209e-26
16.8279028329  1.27268907848e-25
17.8250187627  2.06866558782e-25
18.8812175257  3.50163107395e-25
20  6.42438626025e-25
21.1850745035  1.17158503718e-24
22.440369086  1.69562486936e-24
23.7700445487  1.79654270721e-24
25.1785082359  1.52157891705e-24
26.6704286433  1.20543940463e-24
28.2507508925  9.61785027204e-25
29.9247131219  7.88212017477e-25
31.6978638492  6.66363273194e-25
33.5760803625  5.75282653613e-25
35.5655882008  5.04070009621e-25
37.6729817898  4.45400252947e-25
39.9052462994  3.95019528393e-25
42.2697807967  3.5098158429e-25
44.7744227714  3.1183229645e-25
47.4274741132  2.77058090225e-25
50.2377286302  2.46140279048e-25
53.214501196  2.18796860255e-25
56.3676586253  1.94694060757e-25
59.7076523784  1.7348179839e-25
63.2455532034  1.54882854502e-25
66.9930878316  1.38604779912e-25
70.9626778467  1.24430462338e-25
75.1674808577  1.12110656671e-25
79.6214341107  1.01436018826e-25
84.3393006857  9.22247538466e-26
89.3367184302  8.43285691313e-26
94.6302517923  7.76150661564e-26
100.237446725  7.19760802253e-26
106.176888846  6.59603578884e-26
112.468265038  6.26592313973e-26
119.132428706  6.03921746547e-26
126.191468896  5.94554803813e-26
133.668783514  6.04763650127e-26
141.589156877  6.45909062326e-26
149.978841866  7.34882785919e-26
158.865646945  8.89467393111e-26
168.279028329  1.11689625634e-25
178.250187627  1.40520559126e-25
188.812175257  1.73166110577e-25
200  2.08122547124e-25
211.850745035  2.45503665863e-25
224.40369086  2.86312669526e-25
237.700445487  3.31512737346e-25
251.785082359  3.81032516086e-25
266.704286433  4.32752524965e-25
282.507508925  4.81614133926e-25
299.247131219  5.19741328449e-25
316.978638492  5.38775788776e-25
335.760803625  5.34097434064e-25
355.655882008  5.07808712888e-25
376.729817898  4.67518001299e-25
399.052462994  4.22191744464e-25
422.697807967  3.78848916351e-25
447.744227714  3.41298262762e-25
474.274741132  3.10943927826e-25
502.377286302  2.87804940113e-25
532.14501196  2.7119346922e-25
563.676586253  2.60060076635e-25
597.076523784  2.53114527848e-25
632.455532034  2.48862210285e-25
669.930878316  2.45688664648e-25
709.626778467  2.42079810534e-25
751.674808577  2.36953910644e-25
796.214341107  2.29922811767e-25
843.393006857  2.21366141359e-25
893.367184302  2.12136642613e-25
946.302517923  2.03129568164e-25
1002.37446725  1.95024722481e-25
1061.76888846  1.88182526325e-25
1124.68265038  1.82673671518e-25
1191.32428706  1.78368443771e-25
1261.91468896  1.75031906356e-25
1336.68783514  1.72399808043e-25
1415.89156877  1.70227265217e-25
1499.78841866  1.68314817769e-25
1588.65646945  1.66517310243e-25
1682.79028329  1.64737782905e-25
1782.50187627  1.62924225517e-25
1888.12175257  1.61055602785e-25
2000  1.59131106241e-25
2118.50745035  1.57161788528e-25
2244.0369086  1.5516482319e-25
2377.00445487  1.53159139378e-25
2517.85082359  1.51162893845e-25
2667.04286433  1.49192274113e-25
2825.07508925  1.47260699305e-25
2992.47131219  1.45378579069e-25
3169.78638492  1.43555029981e-25
3357.60803625  1.41794601875e-25
3556.55882008  1.40100691947e-25
3767.29817898  1.38475166775e-25
3990.52462994  1.36918696581e-25
4226.97807967  1.35430902103e-25
4477.44227714  1.34010830823e-25
4742.74741132  1.32656800976e-25
5023.77286302  1.31366977179e-25
5321.4501196  1.30139070972e-25
5636.76586253  1.2897094665e-25
5970.76523784  1.27860357029e-25
6324.55532034  1.26805516513e-25
6699.30878316  1.25803288183e-25
7096.26778467  1.24851246765e-25
7516.74808577  1.23947359048e-25
7962.14341107  1.23089448327e-25
8433.93006857  1.22275516479e-25
8933.67184302  1.2150382038e-25
9463.02517923  1.20772413869e-25
10023.7446725  1.20079732944e-25
10617.6888846  1.19424086851e-25
11246.8265038  1.18804160861e-25
11913.2428706  1.18218826841e-25
12619.1468896  1.17666686233e-25
13366.8783514  1.17146293137e-25
14158.9156877  1.16656414594e-25
14997.8841866  1.16196121661e-25
15886.5646945  1.157643324e-25
16827.9028329  1.15360088511e-25
17825.0187627  1.14982553025e-25
18881.2175257  1.14630956406e-25
20000  1.14304512984e-25

