4.47744227714 20000 74
74
4.47744227714  0
5.02377286302  2.39010612481e-26
5.63676586253  2.95785742871e-25
6.32455532034  6.90241522501e-25
7.09626778467  1.59701801981e-24
7.96214341107  3.80332056168e-24
8.93367184302  8.8948737207e-24
10.0237446725  1.87868238499e-23
11.2468265038  3.15630405683e-23
12.6191468896  4.04287288156e-23
14.1589156877  4.05115882559e-23
15.8865646945  2.7520800711e-23
17.8250187627  1.59357249778e-23
20  9.50004567304e-24
22.440369086  6.15041797653e-24
25.1785082359  4.30872862723e-24
28.2507508925  3.33930528902e-24
31.6978638492  2.81716399097e-24
35.5655882008  2.51392991354e-24
39.9052462994  2.31801454469e-24
44.7744227714  2.1811391287e-24
50.2377286302  2.0749447862e-24
56.3676586253  1.97907288676e-24
63.2455532034  1.87945415706e-24
70.9626778467  1.76952617732e-24
79.6214341107  1.64939213427e-24
89.3367184302  1.52454661243e-24
100.237446725  1.40836319119e-24
112.468265038  1.34491769593e-24
126.191468896  1.46678392606e-24
141.589156877  1.95996539583e-24
158.865646945  2.76878569595e-24
178.250187627  3.62370640523e-24
200  4.52875728646e-24
224.40369086  5.6337108749e-24
251.785082359  7.00338437273e-24
282.507508925  8.48108063374e-24
316.978638492  9.56350577998e-24
355.655882008  9.65050217068e-24
399.052462994  8.7194890744e-24
447.744227714  7.36740853109e-24
502.377286302  6.13315883962e-24
563.676586253  5.20689025435e-24
632.455532034  4.57521052658e-24
709.626778467  4.16084300541e-24
796.214341107  3.88412250148e-24
893.367184302  3.68399138952e-24
1002.37446725  3.52282177869e-24
1124.68265038  3.38175131953e-24
1261.91468896  3.25028123022e-24
1415.89156877  3.1214349658e-24
1588.65646945  2.99177227555e-24
1782.50187627  2.86171768187e-24
2000  2.73410631899e-24
2244.0369086  2.61218930009e-24
2517.85082359  2.49844218617e-24
2825.07508925  2.3942265569e-24
3169.78638492  2.29998579464e-24
3556.55882008  2.21544896202e-24
3990.52462994  2.1399228214e-24
4477.44227714  2.07259515479e-24
5023.77286302  2.01261660558e-24
5636.76586253  1.95916908517e-24
6324.55532034  1.91153729902e-24
7096.26778467  1.86903206273e-24
7962.14341107  1.83105378565e-24
8933.67184302  1.79710044112e-24
10023.7446725  1.76674009883e-24
11246.8265038  1.73960270957e-24
12619.1468896  1.71538982093e-24
14158.9156877  1.69381190219e-24
15886.5646945  1.67462735993e-24
17825.0187627  1.6576351612e-24
20000  1.64266022368e-24

