5.02377286302 20000 73
73
5.02377286302  0
5.63676586253  6.11440366516e-27
6.32455532034  5.01542181842e-26
7.09626778467  1.10977735906e-25
7.96214341107  2.59760501405e-25
8.93367184302  6.25255998548e-25
10.0237446725  1.51223870736e-24
11.2468265038  3.54042836617e-24
12.6191468896  7.51769906246e-24
14.1589156877  1.34451387136e-23
15.8865646945  1.91845199154e-23
17.8250187627  1.68433199927e-23
20  9.89319371144e-24
22.440369086  5.71667818087e-24
25.1785082359  3.52032010421e-24
28.2507508925  2.38896919696e-24
31.6978638492  1.76612756871e-24
35.5655882008  1.38612545174e-24
39.9052462994  1.13054115859e-24
44.7744227714  9.54686812856e-25
50.2377286302  8.36638984789e-25
56.3676586253  7.61293690766e-25
63.2455532034  7.14694883471e-25
70.9626778467  6.84626643181e-25
79.6214341107  6.6124960481e-25
89.3367184302  6.37838642541e-25
100.237446725  6.11692922664e-25
112.468265038  5.77849380733e-25
126.191468896  5.82880003993e-25
141.589156877  6.81580676158e-25
158.865646945  9.60288047883e-25
178.250187627  1.37046328202e-24
200  1.80924848077e-24
224.40369086  2.30139076652e-24
251.785082359  2.89607581227e-24
282.507508925  3.54455081783e-24
316.978638492  4.02375074425e-24
355.655882008  4.05025701706e-24
399.052462994  3.62275108062e-24
447.744227714  3.03234719075e-24
502.377286302  2.51832715729e-24
563.676586253  2.15087533807e-24
632.455532034  1.91242288471e-24
709.626778467  1.76097266336e-24
796.214341107  1.65649609259e-24
893.367184302  1.57226665919e-24
1002.37446725  1.49758163908e-24
1124.68265038  1.43117515832e-24
1261.91468896  1.37249664627e-24
1415.89156877  1.31900369525e-24
1588.65646945  1.2679108556e-24
1782.50187627  1.21788587654e-24
2000  1.16909144833e-24
2244.0369086  1.12236512326e-24
2517.85082359  1.0785397797e-24
2825.07508925  1.03815019521e-24
3169.78638492  1.00142106275e-24
3556.55882008  9.68307481065e-25
3990.52462994  9.38591189234e-25
4477.44227714  9.11997552473e-25
5023.77286302  8.88224898171e-25
5636.76586253  8.6697834338e-25
6324.55532034  8.47994524325e-25
7096.26778467  8.3101845222e-25
7962.14341107  8.15824865861e-25
8933.67184302  8.02224672463e-25
10023.7446725  7.90054687172e-25
11246.8265038  7.79174467239e-25
12619.1468896  7.69470932878e-25
14158.9156877  7.60833140666e-25
15886.5646945  7.53168783521e-25
17825.0187627  7.46400466956e-25
20000  7.4046095777e-25

