6.32455532034 20000 141
141
6.32455532034  0
6.69930878316  3.38481541951e-26
7.09626778467  9.11794182634e-26
7.51674808577  1.45248720246e-25
7.96214341107  2.11167708822e-25
8.43393006857  3.43103908188e-25
8.93367184302  5.09996541751e-25
9.46302517923  8.23111843682e-25
10.0237446725  1.24530393925e-24
10.6176888846  1.96412506478e-24
11.2468265038  2.99935088306e-24
11.9132428706  4.50147173318e-24
12.6191468896  6.62230426715e-24
13.3668783514  9.28615865468e-24
14.1589156877  1.24860830407e-23
14.9978841866  1.59995162928e-23
15.8865646945  1.87215370946e-23
16.8279028329  1.86323316765e-23
17.8250187627  1.5886503804e-23
18.8812175257  1.23536808939e-23
20  9.28911840331e-24
21.1850745035  7.07592484582e-24
22.440369086  5.45232266803e-24
23.7700445487  4.25840752536e-24
25.1785082359  3.39913516716e-24
26.6704286433  2.78237613513e-24
28.2507508925  2.32427962436e-24
29.9247131219  1.98216224288e-24
31.6978638492  1.72373711467e-24
33.5760803625  1.51852774363e-24
35.5655882008  1.35205581897e-24
37.6729817898  1.21430983483e-24
39.9052462994  1.09897590995e-24
42.2697807967  1.00305324023e-24
44.7744227714  9.23112180414e-25
47.4274741132  8.57479920878e-25
50.2377286302  8.04092694804e-25
53.214501196  7.6140345549e-25
56.3676586253  7.27692025384e-25
59.7076523784  7.0124413051e-25
63.2455532034  6.80557684e-25
66.9930878316  6.64176537479e-25
70.9626778467  6.50845923804e-25
75.1674808577  6.39384817868e-25
79.6214341107  6.28825384811e-25
84.3393006857  6.18408002967e-25
89.3367184302  6.07602032085e-25
94.6302517923  5.96135975874e-25
100.237446725  5.84074826957e-25
106.176888846  5.60565058923e-25
112.468265038  5.52195162446e-25
119.132428706  5.49050184856e-25
126.191468896  5.57178963074e-25
133.668783514  5.86361755009e-25
141.589156877  6.49550528124e-25
149.978841866  7.58077788239e-25
158.865646945  9.13093661812e-25
168.279028329  1.10176146194e-24
178.250187627  1.30584014446e-24
188.812175257  1.51441676737e-24
200  1.72786010942e-24
211.850745035  1.95376219107e-24
224.40369086  2.20031647482e-24
237.700445487  2.47281900997e-24
251.785082359  2.77071542805e-24
266.704286433  3.08453529359e-24
282.507508925  3.39300091986e-24
299.247131219  3.66256342374e-24
316.978638492  3.85278013059e-24
335.760803625  3.92894955001e-24
355.655882008  3.87705262933e-24
376.729817898  3.71088716211e-24
399.052462994  3.46545306027e-24
422.697807967  3.18287779987e-24
447.744227714  2.89906733464e-24
474.274741132  2.6367413231e-24
502.377286302  2.40743302754e-24
532.14501196  2.21465253434e-24
563.676586253  2.0570367099e-24
597.076523784  1.93063922138e-24
632.455532034  1.83035469486e-24
669.930878316  1.75075772296e-24
709.626778467  1.68662571332e-24
751.674808577  1.63332539848e-24
796.214341107  1.58714595702e-24
843.393006857  1.54535659962e-24
893.367184302  1.50632060185e-24
946.302517923  1.46934424025e-24
1002.37446725  1.43429158232e-24
1061.76888846  1.40124890557e-24
1124.68265038  1.37027278109e-24
1191.32428706  1.34125819705e-24
1261.91468896  1.31393006483e-24
1336.68783514  1.28790941632e-24
1415.89156877  1.26280378507e-24
1499.78841866  1.23828245921e-24
1588.65646945  1.21412137845e-24
1682.79028329  1.1902032652e-24
1782.50187627  1.16651326172e-24
1888.12175257  1.14310704267e-24
2000  1.12007909556e-24
2118.50745035  1.09753953325e-24
2244.0369086  1.07559593367e-24
2377.00445487  1.05434236773e-24
2517.85082359  1.03385386518e-24
2667.04286433  1.01418387587e-24
2825.07508925  9.95365934687e-25
2992.47131219  9.77415937323e-25
3169.78638492  9.60351397044e-25
3357.60803625  9.44143677494e-25
3556.55882008  9.28772271696e-25
3767.29817898  9.14209600302e-25
3990.52462994  9.00424444318e-25
4226.97807967  8.87382678154e-25
4477.44227714  8.75048885529e-25
4742.74741132  8.63386450307e-25
5023.77286302  8.52360137634e-25
5321.4501196  8.41935484825e-25
5636.76586253  8.32078493501e-25
5970.76523784  8.22759944618e-25
6324.55532034  8.13953986419e-25
6699.30878316  8.05624252693e-25
7096.26778467  7.97744212569e-25
7516.74808577  7.90288728403e-25
7962.14341107  7.83234946108e-25
8433.93006857  7.7656090366e-25
8933.67184302  7.70246322211e-25
9463.02517923  7.64272745813e-25
10023.7446725  7.58623027538e-25
10617.6888846  7.53280822571e-25
11246.8265038  7.48231350608e-25
11913.2428706  7.43463376081e-25
12619.1468896  7.38963651633e-25
13366.8783514  7.34717644111e-25
14158.9156877  7.30714262661e-25
14997.8841866  7.26943348497e-25
15886.5646945  7.23395236173e-25
16827.9028329  7.20061184128e-25
17825.0187627  7.1693283364e-25
18881.2175257  7.14002536222e-25
20000  7.11263001481e-25

