5.63676586253 20000 72
72
5.63676586253  0
6.32455532034  8.42159614656e-26
7.09626778467  2.77664908048e-25
7.96214341107  6.58476605916e-25
8.93367184302  1.59046223968e-24
10.0237446725  3.79235064142e-24
11.2468265038  8.39632924383e-24
12.6191468896  1.55844709916e-23
14.1589156877  2.35826494299e-23
15.8865646945  2.84108513528e-23
17.8250187627  2.01038188366e-23
20  1.0917438956e-23
22.440369086  6.27119673518e-24
25.1785082359  3.88722377562e-24
28.2507508925  2.68205229693e-24
31.6978638492  2.03415112854e-24
35.5655882008  1.65117802323e-24
39.9052462994  1.40283354469e-24
44.7744227714  1.23862822084e-24
50.2377286302  1.13231421905e-24
56.3676586253  1.06478693682e-24
63.2455532034  1.01883642045e-24
70.9626778467  9.80606609363e-25
79.6214341107  9.40726327117e-25
89.3367184302  8.94915280945e-25
100.237446725  8.4442294109e-25
112.468265038  7.94600521815e-25
126.191468896  8.08378804294e-25
141.589156877  9.76628068827e-25
158.865646945  1.39090620749e-24
178.250187627  1.943085932e-24
200  2.52097174689e-24
224.40369086  3.1816170455e-24
251.785082359  3.9857364465e-24
282.507508925  4.85955387404e-24
316.978638492  5.50491009532e-24
355.655882008  5.54979038057e-24
399.052462994  4.98541152117e-24
447.744227714  4.18825016371e-24
502.377286302  3.48071097392e-24
563.676586253  2.96501965009e-24
632.455532034  2.62366371135e-24
709.626778467  2.40431817414e-24
796.214341107  2.25573968032e-24
893.367184302  2.14158486625e-24
1002.37446725  2.0438682723e-24
1124.68265038  1.9570013324e-24
1261.91468896  1.87832251338e-24
1415.89156877  1.8044333467e-24
1588.65646945  1.73241978596e-24
1782.50187627  1.66131838799e-24
2000  1.59188882602e-24
2244.0369086  1.52552903629e-24
2517.85082359  1.46346300871e-24
2825.07508925  1.40642333082e-24
3169.78638492  1.35468508261e-24
3556.55882008  1.30814307528e-24
3990.52462994  1.26645520071e-24
4477.44227714  1.22920893057e-24
5023.77286302  1.19596046059e-24
5636.76586253  1.16628073207e-24
6324.55532034  1.13978904941e-24
7096.26778467  1.1161191997e-24
7962.14341107  1.09494900219e-24
8933.67184302  1.07600834912e-24
10023.7446725  1.05906472389e-24
11246.8265038  1.04391848357e-24
12619.1468896  1.03040872133e-24
14158.9156877  1.01837818506e-24
15886.5646945  1.00769611275e-24
17825.0187627  9.98253056134e-25
20000  9.89953904223e-25

