7.09626778467 20000 139
139
7.09626778467  0
7.51674808577  1.55561354492e-26
7.96214341107  4.74083207408e-26
8.43393006857  7.51752751256e-26
8.93367184302  1.10196818767e-25
9.46302517923  1.75540097935e-25
10.0237446725  2.63989906229e-25
10.6176888846  4.16332426451e-25
11.2468265038  6.44032666938e-25
11.9132428706  9.89902422856e-25
12.6191468896  1.53483992974e-24
13.3668783514  2.31829754685e-24
14.1589156877  3.38597720994e-24
14.9978841866  4.7303112325e-24
15.8865646945  6.19839164249e-24
16.8279028329  7.63115053317e-24
17.8250187627  8.92444118786e-24
18.8812175257  9.62160310814e-24
20  8.783344738e-24
21.1850745035  7.01853497174e-24
22.440369086  5.40858522041e-24
23.7700445487  4.15853265684e-24
25.1785082359  3.25168246991e-24
26.6704286433  2.60469073615e-24
28.2507508925  2.12825324011e-24
29.9247131219  1.77559977234e-24
31.6978638492  1.51133104255e-24
33.5760803625  1.30263036702e-24
35.5655882008  1.13378872277e-24
37.6729817898  9.93913842648e-25
39.9052462994  8.76105072746e-25
42.2697807967  7.76986937335e-25
44.7744227714  6.92999785397e-25
47.4274741132  6.22490095664e-25
50.2377286302  5.63570730466e-25
53.214501196  5.14971076561e-25
56.3676586253  4.75332816668e-25
59.7076523784  4.43338073498e-25
63.2455532034  4.1789931369e-25
66.9930878316  3.97941725519e-25
70.9626778467  3.82568842523e-25
75.1674808577  3.70847059934e-25
79.6214341107  3.61952157171e-25
84.3393006857  3.55145860104e-25
89.3367184302  3.49792911329e-25
94.6302517923  3.45362036388e-25
100.237446725  3.41482457973e-25
106.176888846  3.33284860018e-25
112.468265038  3.31280352176e-25
119.132428706  3.31236756111e-25
126.191468896  3.35830011174e-25
133.668783514  3.49854799796e-25
141.589156877  3.80676751685e-25
149.978841866  4.36887709782e-25
158.865646945  5.23696198624e-25
168.279028329  6.37625431496e-25
178.250187627  7.67711615696e-25
188.812175257  9.03912918646e-25
200  1.04325302744e-24
211.850745035  1.18912241713e-24
224.40369086  1.34682059701e-24
237.700445487  1.5203882322e-24
251.785082359  1.71019571691e-24
266.704286433  1.91063747756e-24
282.507508925  2.10795935616e-24
299.247131219  2.27978010855e-24
316.978638492  2.39885408456e-24
335.760803625  2.44216261822e-24
355.655882008  2.40149870022e-24
376.729817898  2.28792804454e-24
399.052462994  2.12626716988e-24
422.697807967  1.94481914662e-24
447.744227714  1.76642111618e-24
474.274741132  1.60473548172e-24
502.377286302  1.46608041476e-24
532.14501196  1.3517769232e-24
563.676586253  1.26023843958e-24
597.076523784  1.1883862743e-24
632.455532034  1.13248500553e-24
669.930878316  1.08863857597e-24
709.626778467  1.05314135537e-24
751.674808577  1.02279263393e-24
796.214341107  9.95172422983e-25
843.393006857  9.68760780344e-25
893.367184302  9.42959693005e-25
946.302517923  9.17852885908e-25
1002.37446725  8.93852258523e-25
1061.76888846  8.71393835823e-25
1124.68265038  8.50739938533e-25
1191.32428706  8.31907674786e-25
1261.91468896  8.14699647551e-25
1336.68783514  7.98790639622e-25
1415.89156877  7.83821351356e-25
1499.78841866  7.6947085988e-25
1588.65646945  7.55501016327e-25
1682.79028329  7.41756370476e-25
1782.50187627  7.2816908713e-25
1888.12175257  7.14733370137e-25
2000  7.01482749876e-25
2118.50745035  6.8847070063e-25
2244.0369086  6.75757003197e-25
2377.00445487  6.63398205285e-25
2517.85082359  6.51442073474e-25
2667.04286433  6.39925510885e-25
2825.07508925  6.28873953771e-25
2992.47131219  6.18302291053e-25
3169.78638492  6.08225478472e-25
3357.60803625  5.98632107271e-25
3556.55882008  5.89513924929e-25
3767.29817898  5.80858604443e-25
3990.52462994  5.72650531226e-25
4226.97807967  5.64872183729e-25
4477.44227714  5.57504690517e-25
4742.74741132  5.5052863262e-25
5023.77286302  5.43924561844e-25
5321.4501196  5.37673346365e-25
5636.76586253  5.31756206302e-25
5970.76523784  5.26156748098e-25
6324.55532034  5.20860492933e-25
6699.30878316  5.15846528314e-25
7096.26778467  5.11099760859e-25
7516.74808577  5.06605845899e-25
7962.14341107  5.02351555127e-25
8433.93006857  4.98324378162e-25
8933.67184302  4.94512710863e-25
9463.02517923  4.9090573208e-25
10023.7446725  4.8749349844e-25
10617.6888846  4.8426657362e-25
11246.8265038  4.81216352259e-25
11913.2428706  4.78336380791e-25
12619.1468896  4.75618931164e-25
13366.8783514  4.73055493465e-25
14158.9156877  4.70639551723e-25
14997.8841866  4.68365178876e-25
15886.5646945  4.66226713965e-25
16827.9028329  4.64219006765e-25
17825.0187627  4.62337178144e-25
18881.2175257  4.60576776722e-25
20000  4.58933445102e-25

