5.02377286302 20000 73
73
5.02377286302  0
5.63676586253  2.35155236733e-26
6.32455532034  2.68369164358e-25
7.09626778467  6.14684822025e-25
7.96214341107  1.46495621194e-24
8.93367184302  3.51063368663e-24
10.0237446725  8.04625510087e-24
11.2468265038  1.59203537185e-23
12.6191468896  2.34842027812e-23
14.1589156877  2.51818724995e-23
15.8865646945  2.12748922497e-23
17.8250187627  1.38369359895e-23
20  8.420956795e-24
22.440369086  5.42625156983e-24
25.1785082359  3.72483045219e-24
28.2507508925  2.79287560271e-24
31.6978638492  2.2644533199e-24
35.5655882008  1.94079096529e-24
39.9052462994  1.7265504587e-24
44.7744227714  1.58293467254e-24
50.2377286302  1.48640060705e-24
56.3676586253  1.41739299979e-24
63.2455532034  1.35872102789e-24
70.9626778467  1.29828170313e-24
79.6214341107  1.23005023935e-24
89.3367184302  1.15382864898e-24
100.237446725  1.07558113183e-24
112.468265038  1.00988618115e-24
126.191468896  1.05907536625e-24
141.589156877  1.34783267869e-24
158.865646945  1.92059776653e-24
178.250187627  2.59702414263e-24
200  3.3049178975e-24
224.40369086  4.13989450734e-24
251.785082359  5.16560591828e-24
282.507508925  6.27625966793e-24
316.978638492  7.0932771458e-24
355.655882008  7.15481057831e-24
399.052462994  6.44654670028e-24
447.744227714  5.43177407648e-24
502.377286302  4.51799967882e-24
563.676586253  3.84183009511e-24
632.455532034  3.38721000336e-24
709.626778467  3.09192084108e-24
796.214341107  2.89351042817e-24
893.367184302  2.74590673866e-24
1002.37446725  2.62342286055e-24
1124.68265038  2.51531528435e-24
1261.91468896  2.41592258415e-24
1415.89156877  2.32049423363e-24
1588.65646945  2.2259253608e-24
1782.50187627  2.13178965023e-24
2000  2.03964592752e-24
2244.0369086  1.9516062495e-24
2517.85082359  1.86937773846e-24
2825.07508925  1.79393485335e-24
3169.78638492  1.72561692837e-24
3556.55882008  1.66425308866e-24
3990.52462994  1.60936438307e-24
4477.44227714  1.56038198347e-24
5023.77286302  1.5167044929e-24
5636.76586253  1.47775052757e-24
6324.55532034  1.44300960506e-24
7096.26778467  1.41198938076e-24
7962.14341107  1.38425962797e-24
8933.67184302  1.35946001826e-24
10023.7446725  1.33728013106e-24
11246.8265038  1.31745407494e-24
12619.1468896  1.29976747307e-24
14158.9156877  1.28401152171e-24
15886.5646945  1.27001207691e-24
17825.0187627  1.25762412658e-24
20000  1.2467216283e-24

