8.93367184302 20000 135
135
8.93367184302  0
9.46302517923  1.82003128173e-25
10.0237446725  2.78914383392e-25
10.6176888846  4.41378559212e-25
11.2468265038  6.86257640766e-25
11.9132428706  1.06177758215e-24
12.6191468896  1.66559274011e-24
13.3668783514  2.56544827575e-24
14.1589156877  3.86490100144e-24
14.9978841866  5.69100637784e-24
15.8865646945  8.08399256162e-24
16.8279028329  1.06958735777e-23
17.8250187627  1.20739523643e-23
18.8812175257  1.13169553212e-23
20  9.1328553589e-24
21.1850745035  7.01568396272e-24
22.440369086  5.3579899291e-24
23.7700445487  4.11917453211e-24
25.1785082359  3.22769753861e-24
26.6704286433  2.5915807126e-24
28.2507508925  2.12225145008e-24
29.9247131219  1.77404537211e-24
31.6978638492  1.51246296535e-24
33.5760803625  1.30542557761e-24
35.5655882008  1.13759225443e-24
37.6729817898  9.98324631995e-25
39.9052462994  8.80888490867e-25
42.2697807967  7.82009916828e-25
44.7744227714  6.98200047365e-25
47.4274741132  6.27843295203e-25
50.2377286302  5.69074755177e-25
53.214501196  5.20633826064e-25
56.3676586253  4.81164449913e-25
59.7076523784  4.49345795651e-25
63.2455532034  4.24083441367e-25
66.9930878316  4.04293899628e-25
70.9626778467  3.89070276544e-25
75.1674808577  3.77468873183e-25
79.6214341107  3.68656169381e-25
84.3393006857  3.61886917137e-25
89.3367184302  3.5652122888e-25
94.6302517923  3.52027307133e-25
100.237446725  3.48039040471e-25
106.176888846  3.39478857034e-25
112.468265038  3.37424990948e-25
119.132428706  3.37349545322e-25
126.191468896  3.41989142807e-25
133.668783514  3.56240048794e-25
141.589156877  3.87612664067e-25
149.978841866  4.44846360993e-25
158.865646945  5.33198468799e-25
168.279028329  6.49062009542e-25
178.250187627  7.81245117628e-25
188.812175257  9.19558726518e-25
200  1.06102553794e-24
211.850745035  1.20912269951e-24
224.40369086  1.36924132559e-24
237.700445487  1.54548016736e-24
251.785082359  1.73820987856e-24
266.704286433  1.94174347454e-24
282.507508925  2.14214015627e-24
299.247131219  2.31671988236e-24
316.978638492  2.4378610783e-24
335.760803625  2.48218836505e-24
355.655882008  2.44129417757e-24
376.729817898  2.32630035361e-24
399.052462994  2.16231695412e-24
422.697807967  1.9780586726e-24
447.744227714  1.79674849739e-24
474.274741132  1.63230934857e-24
502.377286302  1.49120233313e-24
532.14501196  1.37480218292e-24
563.676586253  1.28152050733e-24
597.076523784  1.20824770168e-24
632.455532034  1.15120524887e-24
669.930878316  1.10645116427e-24
709.626778467  1.07023515415e-24
751.674808577  1.03931438509e-24
796.214341107  1.01123022045e-24
843.393006857  9.84426743129e-25
893.367184302  9.58276393536e-25
946.302517923  9.32843049186e-25
1002.37446725  9.08527491216e-25
1061.76888846  8.85761421443e-25
1124.68265038  8.64806666586e-25
1191.32428706  8.45680939807e-25
1261.91468896  8.28186960416e-25
1336.68783514  8.11998769538e-25
1415.89156877  7.96755790279e-25
1499.78841866  7.821358236e-25
1588.65646945  7.67899937499e-25
1682.79028329  7.53892449423e-25
1782.50187627  7.40045915339e-25
1888.12175257  7.26355366792e-25
2000  7.12855381411e-25
2118.50745035  6.9960052623e-25
2244.0369086  6.86651583189e-25
2377.00445487  6.74065933577e-25
2517.85082359  6.61891965142e-25
2667.04286433  6.5016698949e-25
2825.07508925  6.38916656096e-25
2992.47131219  6.28155898408e-25
3169.78638492  6.17899749682e-25
3357.60803625  6.08136410058e-25
3556.55882008  5.98857325222e-25
3767.29817898  5.90049826363e-25
3990.52462994  5.8169791763e-25
4226.97807967  5.7378367389e-25
4477.44227714  5.66287813673e-25
4742.74741132  5.59190512993e-25
5023.77286302  5.52471925783e-25
5321.4501196  5.46112538418e-25
5636.76586253  5.40093200849e-25
5970.76523784  5.34397204179e-25
6324.55532034  5.29009778981e-25
6699.30878316  5.23909627505e-25
7096.26778467  5.19081369491e-25
7516.74808577  5.14510392586e-25
7962.14341107  5.10183219364e-25
8433.93006857  5.06087110524e-25
8933.67184302  5.02210246331e-25
9463.02517923  4.98541608074e-25
10023.7446725  4.95071068464e-25
10617.6888846  4.9178901868e-25
11246.8265038  4.88686700592e-25
11913.2428706  4.85757535208e-25
12619.1468896  4.82993662436e-25
13366.8783514  4.80386414456e-25
14158.9156877  4.77929159964e-25
14997.8841866  4.75615864501e-25
15886.5646945  4.73440764889e-25
16827.9028329  4.71398621963e-25
17825.0187627  4.69484466006e-25
18881.2175257  4.67693767643e-25
20000  4.660220901e-25

