6.69930878316 20000 140
140
6.69930878316  0
7.09626778467  7.7434362009e-29
7.51674808577  3.41100611902e-27
7.96214341107  4.33242122294e-27
8.43393006857  5.77545692811e-27
8.93367184302  7.49148119917e-27
9.46302517923  1.01649987109e-26
10.0237446725  1.35404419314e-26
10.6176888846  1.86982338823e-26
11.2468265038  2.58784682318e-26
11.9132428706  3.62009203096e-26
12.6191468896  5.1963673031e-26
13.3668783514  7.53580524495e-26
14.1589156877  1.10354074105e-25
14.9978841866  1.64353349654e-25
15.8865646945  2.48563465003e-25
16.8279028329  3.81291444119e-25
17.8250187627  5.92545671755e-25
18.8812175257  9.11662813129e-25
20  1.42378418559e-24
21.1850745035  2.13603305293e-24
22.440369086  2.70582357392e-24
23.7700445487  2.7632623113e-24
25.1785082359  2.43153140629e-24
26.6704286433  2.02670796716e-24
28.2507508925  1.67162491639e-24
29.9247131219  1.38448024243e-24
31.6978638492  1.16065839346e-24
33.5760803625  9.81699007645e-25
35.5655882008  8.36829358743e-25
37.6729817898  7.17271757769e-25
39.9052462994  6.16864095085e-25
42.2697807967  5.32268711247e-25
44.7744227714  4.6006147975e-25
47.4274741132  3.98550120147e-25
50.2377286302  3.45988933214e-25
53.214501196  3.01237140959e-25
56.3676586253  2.63172350067e-25
59.7076523784  2.30775384712e-25
63.2455532034  2.03266248338e-25
66.9930878316  1.79919582721e-25
70.9626778467  1.60197921784e-25
75.1674808577  1.43559005423e-25
79.6214341107  1.29565315948e-25
84.3393006857  1.17850975754e-25
89.3367184302  1.08122888942e-25
94.6302517923  1.00127338975e-25
100.237446725  9.36586037316e-26
106.176888846  8.31797615794e-26
112.468265038  8.06126894876e-26
119.132428706  7.92594234527e-26
126.191468896  7.95387756679e-26
133.668783514  8.23277024075e-26
141.589156877  8.91982177648e-26
149.978841866  1.02447027705e-25
158.865646945  1.2440189009e-25
168.279028329  1.55836511388e-25
178.250187627  1.94902917803e-25
188.812175257  2.38436686312e-25
200  2.84451873162e-25
211.850745035  3.33146009568e-25
224.40369086  3.8588567618e-25
237.700445487  4.43970330426e-25
251.785082359  5.07428927871e-25
266.704286433  5.73834446564e-25
282.507508925  6.37250639151e-25
299.247131219  6.88255298228e-25
316.978638492  7.16410200658e-25
335.760803625  7.15090283212e-25
355.655882008  6.85474686417e-25
376.729817898  6.35981804287e-25
399.052462994  5.7771193326e-25
422.697807967  5.20110591098e-25
447.744227714  4.6883025395e-25
474.274741132  4.26276208109e-25
502.377286302  3.92847919199e-25
532.14501196  3.67856958483e-25
563.676586253  3.50063515716e-25
597.076523784  3.37919217909e-25
632.455532034  3.29672527149e-25
669.930878316  3.23478793782e-25
709.626778467  3.17608551301e-25
751.674808577  3.10748157226e-25
796.214341107  3.02252171141e-25
843.393006857  2.92257917798e-25
893.367184302  2.81471122259e-25
946.302517923  2.70762931518e-25
1002.37446725  2.60878889661e-25
1061.76888846  2.52276934895e-25
1124.68265038  2.45109290174e-25
1191.32428706  2.39290514841e-25
1261.91468896  2.3459339448e-25
1336.68783514  2.30736083661e-25
1415.89156877  2.2744457311e-25
1499.78841866  2.24489050177e-25
1588.65646945  2.21698979355e-25
1682.79028329  2.18958402362e-25
1782.50187627  2.16204583017e-25
1888.12175257  2.13411364089e-25
2000  2.1057728833e-25
2118.50745035  2.07715223976e-25
2244.0369086  2.04845289259e-25
2377.00445487  2.0198969338e-25
2517.85082359  1.9916969547e-25
2667.04286433  1.96404016598e-25
2825.07508925  1.93707752336e-25
2992.47131219  1.91092687453e-25
3169.78638492  1.88569261879e-25
3357.60803625  1.86141125658e-25
3556.55882008  1.83811543712e-25
3767.29817898  1.81581625023e-25
3990.52462994  1.7945112328e-25
4226.97807967  1.77418657839e-25
4477.44227714  1.75481886396e-25
4742.74741132  1.73638034514e-25
5023.77286302  1.7188399372e-25
5321.4501196  1.70216251308e-25
5636.76586253  1.68631353992e-25
5970.76523784  1.67126007867e-25
6324.55532034  1.65697565351e-25
6699.30878316  1.6434119118e-25
7096.26778467  1.63053827807e-25
7516.74808577  1.61832217775e-25
7962.14341107  1.60673403558e-25
8433.93006857  1.59574540464e-25
8933.67184302  1.58532926296e-25
9463.02517923  1.57546124902e-25
10023.7446725  1.56611717038e-25
10617.6888846  1.55727558023e-25
11246.8265038  1.54891618051e-25
11913.2428706  1.54102209984e-25
12619.1468896  1.53357670022e-25
13366.8783514  1.52655768201e-25
14158.9156877  1.51994925753e-25
14997.8841866  1.51373763924e-25
15886.5646945  1.50790797704e-25
16827.9028329  1.50244799403e-25
17825.0187627  1.49734577439e-25
18881.2175257  1.49258923445e-25
20000  1.48816773408e-25

