2.044000000e+00 1.000000000e+05 215
215
2.044000000e+00 0.000000000e+00
2.085810000e+00 3.011450000e-30
2.087368080e+00 3.236130000e-30
2.088878590e+00 3.469760000e-30
2.090342930e+00 3.712160000e-30
2.091762490e+00 3.963130000e-30
2.093138610e+00 4.222420000e-30
2.094472590e+00 4.489770000e-30
2.095765690e+00 4.764910000e-30
2.097019150e+00 5.047510000e-30
2.098234150e+00 5.337250000e-30
2.099411850e+00 5.633800000e-30
2.100553380e+00 5.936770000e-30
2.101659830e+00 6.245810000e-30
2.102732250e+00 6.560530000e-30
2.103771690e+00 6.880520000e-30
2.104779130e+00 7.205390000e-30
2.106732420e+00 7.879120000e-30
2.108565270e+00 8.567840000e-30
2.110285010e+00 9.268100000e-30
2.111898550e+00 9.976480000e-30
2.113412360e+00 1.068970000e-29
2.114832540e+00 1.140460000e-29
2.116164830e+00 1.211810000e-29
2.117414610e+00 1.282750000e-29
2.118586950e+00 1.353030000e-29
2.119686610e+00 1.422410000e-29
2.120718060e+00 1.490680000e-29
2.122653370e+00 1.627640000e-29
2.124348210e+00 1.757770000e-29
2.125832310e+00 1.880130000e-29
2.127131750e+00 1.994170000e-29
2.128269400e+00 2.099610000e-29
2.129265350e+00 2.196440000e-29
2.131009380e+00 2.376750000e-29
2.132318340e+00 2.521630000e-29
2.134283270e+00 2.755680000e-29
2.136250000e+00 3.011450000e-29
2.138268600e+00 3.157910000e-29
2.140225940e+00 3.306590000e-29
2.144023370e+00 3.614860000e-29
2.147589590e+00 3.929910000e-29
2.150938300e+00 4.250170000e-29
2.154082460e+00 4.574080000e-29
2.157034280e+00 4.900120000e-29
2.159805290e+00 5.226870000e-29
2.162406340e+00 5.552950000e-29
2.164847670e+00 5.877110000e-29
2.167138930e+00 6.198170000e-29
2.169289180e+00 6.515070000e-29
2.171306980e+00 6.826870000e-29
2.175095400e+00 7.452270000e-29
2.178415690e+00 8.046320000e-29
2.181325100e+00 8.604830000e-29
2.183874020e+00 9.125240000e-29
2.186106770e+00 9.606350000e-29
2.190019570e+00 1.051010000e-28
2.192958760e+00 1.124330000e-28
2.195165750e+00 1.182660000e-28
2.198480380e+00 1.275880000e-28
2.201800000e+00 1.376440000e-28
2.205042840e+00 1.454220000e-28
2.209916040e+00 1.579200000e-28
2.214800000e+00 1.714930000e-28
2.219634160e+00 1.846890000e-28
2.223266700e+00 1.952490000e-28
2.228726650e+00 2.122300000e-28
2.234200000e+00 2.306890000e-28
2.239054160e+00 2.465840000e-28
2.242701710e+00 2.592190000e-28
2.248184160e+00 2.793970000e-28
2.253680000e+00 3.011450000e-28
2.260603040e+00 3.276120000e-28
2.265809280e+00 3.489780000e-28
2.269721820e+00 3.659130000e-28
2.275603290e+00 3.928670000e-28
2.281500000e+00 4.218070000e-28
2.287848460e+00 4.515660000e-28
2.292621400e+00 4.752550000e-28
2.299799470e+00 5.131390000e-28
2.307000000e+00 5.540430000e-28
2.314760760e+00 5.966100000e-28
2.320598460e+00 6.306690000e-28
2.329382610e+00 6.854360000e-28
2.338200000e+00 7.449600000e-28
2.347938990e+00 8.081390000e-28
2.355269850e+00 8.590150000e-28
2.366309060e+00 9.413970000e-28
2.377400000e+00 1.031680000e-27
2.385557920e+00 1.095600000e-27
2.397847310e+00 1.198990000e-27
2.410200000e+00 1.312130000e-27
2.419298360e+00 1.393490000e-27
2.433010330e+00 1.525080000e-27
2.446800000e+00 1.669100000e-27
2.456516970e+00 1.768050000e-27
2.471164820e+00 1.927570000e-27
2.485900000e+00 2.101490000e-27
2.497567610e+00 2.235170000e-27
2.515171770e+00 2.451810000e-27
2.532900000e+00 2.689450000e-27
2.544637810e+00 2.845900000e-27
2.556430000e+00 3.011450000e-27
2.570186080e+00 3.200090000e-27
2.590959100e+00 3.505430000e-27
2.611900000e+00 3.839900000e-27
2.623941480e+00 4.026430000e-27
2.642107860e+00 4.323360000e-27
2.660400000e+00 4.642180000e-27
2.681375630e+00 4.993090000e-27
2.697215810e+00 5.273580000e-27
2.721151700e+00 5.724120000e-27
2.745300000e+00 6.213160000e-27
2.761088290e+00 6.517830000e-27
2.784941120e+00 7.003070000e-27
2.809000000e+00 7.524440000e-27
2.832576520e+00 8.016270000e-27
2.868312840e+00 8.814950000e-27
2.904500000e+00 9.693200000e-27
2.928086150e+00 1.024580000e-26
2.963824970e+00 1.113440000e-26
3.000000000e+00 1.210000000e-26
3.030773260e+00 1.289430000e-26
3.077526030e+00 1.418450000e-26
3.125000000e+00 1.560390000e-26
3.179229470e+00 1.721320000e-26
3.234400000e+00 1.898840000e-26
3.281223390e+00 2.045620000e-26
3.316785230e+00 2.163110000e-26
3.370851950e+00 2.352110000e-26
3.425800000e+00 2.557620000e-26
3.496813970e+00 2.816650000e-26
3.569300000e+00 3.101920000e-26
3.621972550e+00 3.303140000e-26
3.702442380e+00 3.629720000e-26
3.784700000e+00 3.988580000e-26
3.837413450e+00 4.208130000e-26
3.917863430e+00 4.560330000e-26
4.000000000e+00 4.942000000e-26
4.061086380e+00 5.210720000e-26
4.154469540e+00 5.641450000e-26
4.250000000e+00 6.107790000e-26
4.340798560e+00 6.521940000e-26
4.480646540e+00 7.196420000e-26
4.625000000e+00 7.940650000e-26
4.808846020e+00 8.843050000e-26
5.000000000e+00 9.848000000e-26
5.120568450e+00 1.044677000e-25
5.306894250e+00 1.141387000e-25
5.500000000e+00 1.247050000e-25
5.744562650e+00 1.373604000e-25
6.000000000e+00 1.513000000e-25
6.363961040e+00 1.699336000e-25
6.750000000e+00 1.908620000e-25
7.000000000e+00 2.039000000e-25
7.483314780e+00 2.280677000e-25
8.000000000e+00 2.551000000e-25
8.485281380e+00 2.785703000e-25
9.000000000e+00 3.042000000e-25
1.000000000e+01 3.509000000e-25
1.100000000e+01 3.953000000e-25
1.200000000e+01 4.373000000e-25
1.300000000e+01 4.769000000e-25
1.400000000e+01 5.148000000e-25
1.500000000e+01 5.508000000e-25
1.600000000e+01 5.852000000e-25
1.800000000e+01 6.491000000e-25
2.000000000e+01 7.077000000e-25
2.200000000e+01 7.618000000e-25
2.400000000e+01 8.118000000e-25
2.600000000e+01 8.584000000e-25
2.800000000e+01 9.019000000e-25
3.000000000e+01 9.427000000e-25
3.464101620e+01 1.025236800e-24
4.000000000e+01 1.115000000e-24
4.472135960e+01 1.180571900e-24
5.000000000e+01 1.250000000e-24
5.477225580e+01 1.304319700e-24
6.000000000e+01 1.361000000e-24
6.928203240e+01 1.444442100e-24
8.000000000e+01 1.533000000e-24
8.944271920e+01 1.597157500e-24
1.000000000e+02 1.664000000e-24
1.106681930e+02 1.718285300e-24
1.288418760e+02 1.803051800e-24
1.500000000e+02 1.892000000e-24
1.732050810e+02 1.965569600e-24
2.000000000e+02 2.042000000e-24
2.449489750e+02 2.137754900e-24
3.000000000e+02 2.238000000e-24
3.464101620e+02 2.299650800e-24
4.000000000e+02 2.363000000e-24
5.000000000e+02 2.453000000e-24
6.000000000e+02 2.521000000e-24
6.928203240e+02 2.569532800e-24
8.000000000e+02 2.619000000e-24
1.000000000e+03 2.687000000e-24
1.224750000e+03 2.739488400e-24
1.500000000e+03 2.793000000e-24
2.000000000e+03 2.856000000e-24
2.449490000e+03 2.891776300e-24
3.000000000e+03 2.928000000e-24
4.000000000e+03 2.970000000e-24
5.000000000e+03 2.997000000e-24
6.000000000e+03 3.016000000e-24
8.000000000e+03 3.042000000e-24
1.000000000e+04 3.058000000e-24
1.500000000e+04 3.082000000e-24
2.000000000e+04 3.095000000e-24
3.000000000e+04 3.108000000e-24
4.000000000e+04 3.116000000e-24
5.000000000e+04 3.121000000e-24
6.000000000e+04 3.125000000e-24
8.000000000e+04 3.128000000e-24
1.000000000e+05 3.131000000e-24
