2.044000000e+00 1.000000000e+05 208
208
2.044000000e+00 0.000000000e+00
2.085810000e+00 4.216030000e-29
2.087103350e+00 4.539040000e-29
2.088316600e+00 4.864310000e-29
2.089454660e+00 5.190380000e-29
2.090522150e+00 5.515900000e-29
2.091523420e+00 5.839590000e-29
2.092462550e+00 6.160280000e-29
2.093343360e+00 6.476910000e-29
2.094169460e+00 6.788510000e-29
2.095719270e+00 7.413730000e-29
2.097076290e+00 8.007850000e-29
2.098264400e+00 8.566640000e-29
2.099304550e+00 9.087470000e-29
2.100215110e+00 9.569110000e-29
2.101012170e+00 1.001140000e-28
2.102407740e+00 1.083530000e-28
2.103455030e+00 1.149730000e-28
2.105026930e+00 1.256710000e-28
2.106600000e+00 1.373630000e-28
2.108447580e+00 1.489790000e-28
2.109834320e+00 1.583310000e-28
2.110874980e+00 1.657280000e-28
2.112436920e+00 1.774770000e-28
2.114000000e+00 1.900590000e-28
2.115373670e+00 2.007610000e-28
2.117435830e+00 2.179550000e-28
2.119500000e+00 2.366220000e-28
2.121596890e+00 2.553500000e-28
2.123170930e+00 2.703620000e-28
2.125534150e+00 2.945510000e-28
2.127900000e+00 3.209040000e-28
2.129984440e+00 3.435640000e-28
2.131549110e+00 3.616030000e-28
2.133898270e+00 3.904520000e-28
2.136250000e+00 4.216030000e-28
2.138932450e+00 4.562140000e-28
2.140946500e+00 4.840250000e-28
2.143971120e+00 5.289510000e-28
2.147000000e+00 5.780470000e-28
2.149470740e+00 6.171000000e-28
2.151325660e+00 6.481120000e-28
2.154111030e+00 6.975750000e-28
2.156900000e+00 7.508140000e-28
2.159918660e+00 8.069890000e-28
2.162185440e+00 8.518610000e-28
2.165590040e+00 9.238900000e-28
2.169000000e+00 1.002010000e-27
2.172864670e+00 1.088000000e-27
2.175767680e+00 1.157300000e-27
2.177947490e+00 1.212160000e-27
2.181221290e+00 1.299360000e-27
2.184500000e+00 1.392830000e-27
2.188812220e+00 1.510580000e-27
2.192051970e+00 1.605390000e-27
2.194484930e+00 1.680370000e-27
2.198139430e+00 1.799470000e-27
2.201800000e+00 1.927010000e-27
2.205042840e+00 2.035900000e-27
2.209916040e+00 2.210890000e-27
2.214800000e+00 2.400910000e-27
2.219634160e+00 2.585660000e-27
2.223266700e+00 2.733490000e-27
2.228726650e+00 2.971230000e-27
2.234200000e+00 3.229650000e-27
2.239054160e+00 3.452170000e-27
2.242701710e+00 3.629070000e-27
2.248184160e+00 3.911560000e-27
2.253680000e+00 4.216030000e-27
2.260603040e+00 4.586570000e-27
2.265809280e+00 4.885700000e-27
2.269721820e+00 5.122770000e-27
2.275603290e+00 5.500130000e-27
2.281500000e+00 5.905290000e-27
2.287848460e+00 6.321910000e-27
2.292621400e+00 6.653560000e-27
2.299799470e+00 7.183930000e-27
2.307000000e+00 7.756580000e-27
2.314760760e+00 8.352520000e-27
2.320598460e+00 8.829340000e-27
2.329382610e+00 9.596080000e-27
2.338200000e+00 1.042940000e-26
2.347938990e+00 1.131390000e-26
2.355269850e+00 1.202620000e-26
2.366309060e+00 1.317950000e-26
2.377400000e+00 1.444350000e-26
2.385557920e+00 1.533840000e-26
2.397847310e+00 1.678570000e-26
2.410200000e+00 1.836960000e-26
2.419298360e+00 1.950860000e-26
2.433010330e+00 2.135090000e-26
2.446800000e+00 2.336720000e-26
2.456516970e+00 2.475240000e-26
2.471164820e+00 2.698580000e-26
2.485900000e+00 2.942060000e-26
2.497567610e+00 3.129220000e-26
2.515171770e+00 3.432520000e-26
2.532900000e+00 3.765210000e-26
2.544637810e+00 3.984250000e-26
2.556430000e+00 4.216030000e-26
2.570186080e+00 4.480130000e-26
2.590959100e+00 4.907630000e-26
2.611900000e+00 5.375920000e-26
2.623941480e+00 5.637090000e-26
2.642107860e+00 6.052820000e-26
2.660400000e+00 6.499210000e-26
2.681375630e+00 6.990530000e-26
2.697215810e+00 7.383250000e-26
2.721151700e+00 8.014080000e-26
2.745300000e+00 8.698810000e-26
2.761088290e+00 9.125390000e-26
2.784941120e+00 9.804800000e-26
2.809000000e+00 1.053480000e-25
2.832576520e+00 1.122346000e-25
2.868312840e+00 1.234177000e-25
2.904500000e+00 1.357150000e-25
2.928086150e+00 1.434496000e-25
2.963824970e+00 1.558857000e-25
3.000000000e+00 1.694000000e-25
3.030773260e+00 1.805149000e-25
3.077526030e+00 1.985696000e-25
3.125000000e+00 2.184300000e-25
3.179229470e+00 2.409410000e-25
3.234400000e+00 2.657720000e-25
3.281223390e+00 2.862961000e-25
3.316785230e+00 3.027227000e-25
3.370851950e+00 3.291466000e-25
3.425800000e+00 3.578770000e-25
3.496813970e+00 3.940794000e-25
3.569300000e+00 4.339440000e-25
3.621972550e+00 4.620594000e-25
3.702442380e+00 5.076846000e-25
3.784700000e+00 5.578150000e-25
3.837413450e+00 5.884874000e-25
3.917863430e+00 6.376871000e-25
4.000000000e+00 6.910000000e-25
4.123105630e+00 7.681321000e-25
4.250000000e+00 8.538740000e-25
4.340798560e+00 9.117301000e-25
4.480646540e+00 1.005947000e-24
4.625000000e+00 1.109900000e-24
4.808846020e+00 1.235808400e-24
5.000000000e+00 1.376000000e-24
5.120568450e+00 1.459365700e-24
5.306894250e+00 1.593979400e-24
5.500000000e+00 1.741010000e-24
5.744562650e+00 1.917099900e-24
6.000000000e+00 2.111000000e-24
6.363961040e+00 2.370745000e-24
6.750000000e+00 2.662450000e-24
7.000000000e+00 2.844000000e-24
7.483314780e+00 3.179241400e-24
8.000000000e+00 3.554000000e-24
8.485281380e+00 3.878670100e-24
9.000000000e+00 4.233000000e-24
1.000000000e+01 4.878000000e-24
1.100000000e+01 5.489000000e-24
1.200000000e+01 6.065000000e-24
1.300000000e+01 6.608000000e-24
1.400000000e+01 7.125000000e-24
1.500000000e+01 7.615000000e-24
1.600000000e+01 8.080000000e-24
1.800000000e+01 8.942000000e-24
2.000000000e+01 9.726000000e-24
2.200000000e+01 1.044000000e-23
2.400000000e+01 1.110000000e-23
2.600000000e+01 1.171000000e-23
2.800000000e+01 1.228000000e-23
3.000000000e+01 1.281000000e-23
3.464101620e+01 1.385719670e-23
4.000000000e+01 1.499000000e-23
4.472135960e+01 1.579821190e-23
5.000000000e+01 1.665000000e-23
5.477225580e+01 1.729259960e-23
6.000000000e+01 1.796000000e-23
6.928203240e+01 1.892886680e-23
8.000000000e+01 1.995000000e-23
8.944271920e+01 2.066228450e-23
1.000000000e+02 2.140000000e-23
1.224744880e+02 2.257285980e-23
1.500000000e+02 2.381000000e-23
1.732050810e+02 2.455824300e-23
2.000000000e+02 2.533000000e-23
2.449489750e+02 2.623870040e-23
3.000000000e+02 2.718000000e-23
3.464101620e+02 2.773434690e-23
4.000000000e+02 2.830000000e-23
5.000000000e+02 2.907000000e-23
6.000000000e+02 2.963000000e-23
8.000000000e+02 3.041000000e-23
1.000000000e+03 3.093000000e-23
1.224750000e+03 3.131757960e-23
1.500000000e+03 3.171000000e-23
2.000000000e+03 3.215000000e-23
3.000000000e+03 3.263000000e-23
4.000000000e+03 3.291000000e-23
5.000000000e+03 3.308000000e-23
6.000000000e+03 3.321000000e-23
8.000000000e+03 3.337000000e-23
1.000000000e+04 3.347000000e-23
1.500000000e+04 3.361000000e-23
2.000000000e+04 3.370000000e-23
3.000000000e+04 3.377000000e-23
4.000000000e+04 3.382000000e-23
5.000000000e+04 3.385000000e-23
6.000000000e+04 3.387000000e-23
8.000000000e+04 3.389000000e-23
1.000000000e+05 3.391000000e-23
