2.044000000e+00 1.000000000e+05 207
207
2.044000000e+00 0.000000000e+00
2.085810000e+00 7.013440000e-29
2.086919190e+00 7.527260000e-29
2.087890220e+00 8.007640000e-29
2.088740240e+00 8.453050000e-29
2.089484290e+00 8.863070000e-29
2.090787010e+00 9.629020000e-29
2.091764580e+00 1.024660000e-28
2.092498050e+00 1.073570000e-28
2.093598740e+00 1.151340000e-28
2.094700000e+00 1.234740000e-28
2.095998800e+00 1.326070000e-28
2.096973430e+00 1.398980000e-28
2.098436210e+00 1.515920000e-28
2.099900000e+00 1.642640000e-28
2.101573010e+00 1.783940000e-28
2.102828640e+00 1.897840000e-28
2.103770850e+00 1.988020000e-28
2.105184960e+00 2.131370000e-28
2.106600000e+00 2.285060000e-28
2.108447580e+00 2.478290000e-28
2.109834320e+00 2.633860000e-28
2.110874980e+00 2.756920000e-28
2.112436920e+00 2.952360000e-28
2.114000000e+00 3.161660000e-28
2.115373670e+00 3.339700000e-28
2.117435830e+00 3.625730000e-28
2.119500000e+00 3.936250000e-28
2.121596890e+00 4.247790000e-28
2.123170930e+00 4.497520000e-28
2.125534150e+00 4.899910000e-28
2.127900000e+00 5.338300000e-28
2.129984440e+00 5.715250000e-28
2.131549110e+00 6.015330000e-28
2.133898270e+00 6.495240000e-28
2.136250000e+00 7.013440000e-28
2.138932450e+00 7.589200000e-28
2.140946500e+00 8.051840000e-28
2.143971120e+00 8.799190000e-28
2.147000000e+00 9.615920000e-28
2.149470740e+00 1.026560000e-27
2.151325660e+00 1.078140000e-27
2.154111030e+00 1.160430000e-27
2.156900000e+00 1.248990000e-27
2.159918660e+00 1.342440000e-27
2.162185440e+00 1.417080000e-27
2.165590040e+00 1.536910000e-27
2.169000000e+00 1.666860000e-27
2.172864670e+00 1.809900000e-27
2.175767680e+00 1.925190000e-27
2.177947490e+00 2.016440000e-27
2.181221290e+00 2.161500000e-27
2.184500000e+00 2.316990000e-27
2.188812220e+00 2.512880000e-27
2.192051970e+00 2.670590000e-27
2.194484930e+00 2.795330000e-27
2.198139430e+00 2.993450000e-27
2.201800000e+00 3.205620000e-27
2.205042840e+00 3.386760000e-27
2.209916040e+00 3.677850000e-27
2.214800000e+00 3.993950000e-27
2.219634160e+00 4.301280000e-27
2.223266700e+00 4.547200000e-27
2.228726650e+00 4.942690000e-27
2.234200000e+00 5.372580000e-27
2.239054160e+00 5.742750000e-27
2.242701710e+00 6.037020000e-27
2.248184160e+00 6.506940000e-27
2.253680000e+00 7.013440000e-27
2.260603040e+00 7.629840000e-27
2.265809280e+00 8.127440000e-27
2.269721820e+00 8.521830000e-27
2.275603290e+00 9.149570000e-27
2.281500000e+00 9.823560000e-27
2.287848460e+00 1.051660000e-26
2.292621400e+00 1.106830000e-26
2.299799470e+00 1.195060000e-26
2.307000000e+00 1.290320000e-26
2.314760760e+00 1.389460000e-26
2.320598460e+00 1.468780000e-26
2.329382610e+00 1.596320000e-26
2.338200000e+00 1.734950000e-26
2.347938990e+00 1.882090000e-26
2.355269850e+00 2.000570000e-26
2.366309060e+00 2.192430000e-26
2.377400000e+00 2.402690000e-26
2.385557920e+00 2.551560000e-26
2.397847310e+00 2.792330000e-26
2.410200000e+00 3.055820000e-26
2.419298360e+00 3.245300000e-26
2.433010330e+00 3.551770000e-26
2.446800000e+00 3.887180000e-26
2.456516970e+00 4.117620000e-26
2.471164820e+00 4.489130000e-26
2.485900000e+00 4.894170000e-26
2.497567610e+00 5.205510000e-26
2.515171770e+00 5.710060000e-26
2.532900000e+00 6.263500000e-26
2.544637810e+00 6.627870000e-26
2.556430000e+00 7.013440000e-26
2.570186080e+00 7.452780000e-26
2.590959100e+00 8.163930000e-26
2.611900000e+00 8.942930000e-26
2.623941480e+00 9.377380000e-26
2.642107860e+00 1.006894000e-25
2.660400000e+00 1.081150000e-25
2.681375630e+00 1.162883000e-25
2.697215810e+00 1.228213000e-25
2.721151700e+00 1.333153000e-25
2.745300000e+00 1.447060000e-25
2.761088290e+00 1.518022000e-25
2.784941120e+00 1.631044000e-25
2.809000000e+00 1.752480000e-25
2.832576520e+00 1.867039000e-25
2.868312840e+00 2.053072000e-25
2.904500000e+00 2.257640000e-25
2.928086150e+00 2.386307000e-25
2.963824970e+00 2.593186000e-25
3.000000000e+00 2.818000000e-25
3.030773260e+00 3.002900000e-25
3.077526030e+00 3.303245000e-25
3.125000000e+00 3.633630000e-25
3.179229470e+00 4.008104000e-25
3.234400000e+00 4.421170000e-25
3.281223390e+00 4.762559000e-25
3.316785230e+00 5.035791000e-25
3.370851950e+00 5.475310000e-25
3.425800000e+00 5.953190000e-25
3.496813970e+00 6.555247000e-25
3.569300000e+00 7.218190000e-25
3.621972550e+00 7.685603000e-25
3.702442380e+00 8.444080000e-25
3.784700000e+00 9.277410000e-25
3.837413450e+00 9.787011000e-25
3.917863430e+00 1.060437400e-24
4.000000000e+00 1.149000000e-24
4.123105630e+00 1.277036300e-24
4.250000000e+00 1.419340000e-24
4.340798560e+00 1.515297800e-24
4.480646540e+00 1.671534400e-24
4.625000000e+00 1.843880000e-24
4.808846020e+00 2.052624100e-24
5.000000000e+00 2.285000000e-24
5.120568450e+00 2.423287200e-24
5.306894250e+00 2.646567200e-24
5.500000000e+00 2.890420000e-24
5.744562650e+00 3.182456900e-24
6.000000000e+00 3.504000000e-24
6.363961040e+00 3.934067600e-24
6.750000000e+00 4.416920000e-24
7.000000000e+00 4.717000000e-24
7.483314780e+00 5.270523000e-24
8.000000000e+00 5.889000000e-24
8.485281380e+00 6.424640200e-24
9.000000000e+00 7.009000000e-24
1.000000000e+01 8.072000000e-24
1.100000000e+01 9.076000000e-24
1.200000000e+01 1.002000000e-23
1.300000000e+01 1.091000000e-23
1.400000000e+01 1.176000000e-23
1.500000000e+01 1.256000000e-23
1.600000000e+01 1.331000000e-23
1.800000000e+01 1.472000000e-23
2.000000000e+01 1.599000000e-23
2.200000000e+01 1.715000000e-23
2.400000000e+01 1.822000000e-23
2.600000000e+01 1.920000000e-23
2.800000000e+01 2.011000000e-23
3.000000000e+01 2.096000000e-23
3.464101620e+01 2.263321450e-23
4.000000000e+01 2.444000000e-23
4.472135960e+01 2.571665610e-23
5.000000000e+01 2.706000000e-23
6.000000000e+01 2.912000000e-23
6.928203240e+01 3.062605430e-23
8.000000000e+01 3.221000000e-23
8.944271920e+01 3.330634170e-23
1.000000000e+02 3.444000000e-23
1.224744880e+02 3.621905030e-23
1.500000000e+02 3.809000000e-23
1.732050810e+02 3.920857560e-23
2.000000000e+02 4.036000000e-23
2.449489750e+02 4.171234350e-23
3.000000000e+02 4.311000000e-23
3.464101620e+02 4.392234630e-23
4.000000000e+02 4.475000000e-23
5.000000000e+02 4.586000000e-23
6.000000000e+02 4.668000000e-23
8.000000000e+02 4.780000000e-23
1.000000000e+03 4.855000000e-23
1.224750000e+03 4.909693050e-23
1.500000000e+03 4.965000000e-23
2.000000000e+03 5.028000000e-23
3.000000000e+03 5.097000000e-23
4.000000000e+03 5.137000000e-23
5.000000000e+03 5.162000000e-23
6.000000000e+03 5.179000000e-23
8.000000000e+03 5.202000000e-23
1.000000000e+04 5.217000000e-23
1.500000000e+04 5.237000000e-23
2.000000000e+04 5.248000000e-23
3.000000000e+04 5.259000000e-23
4.000000000e+04 5.266000000e-23
5.000000000e+04 5.271000000e-23
6.000000000e+04 5.273000000e-23
8.000000000e+04 5.276000000e-23
1.000000000e+05 5.278000000e-23
