2.044000000e+00 1.000000000e+05 208
208
2.044000000e+00 0.000000000e+00
2.085810000e+00 6.015430000e-29
2.086919190e+00 6.456140000e-29
2.087890220e+00 6.868160000e-29
2.088740240e+00 7.250190000e-29
2.089484290e+00 7.601870000e-29
2.090787010e+00 8.258830000e-29
2.091764580e+00 8.788550000e-29
2.092498050e+00 9.208020000e-29
2.093598740e+00 9.875050000e-29
2.094700000e+00 1.059040000e-28
2.095998800e+00 1.137380000e-28
2.096973430e+00 1.199910000e-28
2.098436210e+00 1.300210000e-28
2.099900000e+00 1.408900000e-28
2.101573010e+00 1.530090000e-28
2.102828640e+00 1.627780000e-28
2.103770850e+00 1.705120000e-28
2.105184960e+00 1.828070000e-28
2.106600000e+00 1.959890000e-28
2.108447580e+00 2.125630000e-28
2.109834320e+00 2.259060000e-28
2.110874980e+00 2.364610000e-28
2.112436920e+00 2.532240000e-28
2.114000000e+00 2.711760000e-28
2.115373670e+00 2.864460000e-28
2.117435830e+00 3.109790000e-28
2.119500000e+00 3.376120000e-28
2.121596890e+00 3.643330000e-28
2.123170930e+00 3.857520000e-28
2.125534150e+00 4.202650000e-28
2.127900000e+00 4.578660000e-28
2.129984440e+00 4.901970000e-28
2.131549110e+00 5.159350000e-28
2.133898270e+00 5.570970000e-28
2.136250000e+00 6.015430000e-28
2.138932450e+00 6.509260000e-28
2.140946500e+00 6.906060000e-28
2.143971120e+00 7.547070000e-28
2.147000000e+00 8.247580000e-28
2.149470740e+00 8.804780000e-28
2.151325660e+00 9.247260000e-28
2.154111030e+00 9.953000000e-28
2.156900000e+00 1.071260000e-27
2.159918660e+00 1.151410000e-27
2.162185440e+00 1.215430000e-27
2.165590040e+00 1.318210000e-27
2.169000000e+00 1.429670000e-27
2.172864670e+00 1.552360000e-27
2.175767680e+00 1.651230000e-27
2.177947490e+00 1.729500000e-27
2.181221290e+00 1.853920000e-27
2.184500000e+00 1.987280000e-27
2.188812220e+00 2.155290000e-27
2.192051970e+00 2.290560000e-27
2.194484930e+00 2.397550000e-27
2.198139430e+00 2.567480000e-27
2.201800000e+00 2.749460000e-27
2.205042840e+00 2.904830000e-27
2.209916040e+00 3.154490000e-27
2.214800000e+00 3.425620000e-27
2.219634160e+00 3.689220000e-27
2.223266700e+00 3.900140000e-27
2.228726650e+00 4.239350000e-27
2.234200000e+00 4.608060000e-27
2.239054160e+00 4.925560000e-27
2.242701710e+00 5.177950000e-27
2.248184160e+00 5.581010000e-27
2.253680000e+00 6.015430000e-27
2.260603040e+00 6.544120000e-27
2.265809280e+00 6.970910000e-27
2.269721820e+00 7.309170000e-27
2.275603290e+00 7.847590000e-27
2.281500000e+00 8.425670000e-27
2.287848460e+00 9.020110000e-27
2.292621400e+00 9.493300000e-27
2.299799470e+00 1.025000000e-26
2.307000000e+00 1.106710000e-26
2.314760760e+00 1.191740000e-26
2.320598460e+00 1.259770000e-26
2.329382610e+00 1.369160000e-26
2.338200000e+00 1.488060000e-26
2.347938990e+00 1.614260000e-26
2.355269850e+00 1.715890000e-26
2.366309060e+00 1.880450000e-26
2.377400000e+00 2.060790000e-26
2.385557920e+00 2.188470000e-26
2.397847310e+00 2.394980000e-26
2.410200000e+00 2.620980000e-26
2.419298360e+00 2.783490000e-26
2.433010330e+00 3.046350000e-26
2.446800000e+00 3.334030000e-26
2.456516970e+00 3.531680000e-26
2.471164820e+00 3.850330000e-26
2.485900000e+00 4.197730000e-26
2.497567610e+00 4.464770000e-26
2.515171770e+00 4.897510000e-26
2.532900000e+00 5.372200000e-26
2.544637810e+00 5.684720000e-26
2.556430000e+00 6.015430000e-26
2.570186080e+00 6.392260000e-26
2.590959100e+00 7.002210000e-26
2.611900000e+00 7.670370000e-26
2.623941480e+00 8.043010000e-26
2.642107860e+00 8.636180000e-26
2.660400000e+00 9.273100000e-26
2.681375630e+00 9.974120000e-26
2.697215810e+00 1.053446000e-25
2.721151700e+00 1.143453000e-25
2.745300000e+00 1.241150000e-25
2.761088290e+00 1.302015000e-25
2.784941120e+00 1.398954000e-25
2.809000000e+00 1.503110000e-25
2.832576520e+00 1.601369000e-25
2.868312840e+00 1.760930000e-25
2.904500000e+00 1.936390000e-25
2.928086150e+00 2.046745000e-25
2.963824970e+00 2.224182000e-25
3.000000000e+00 2.417000000e-25
3.030773260e+00 2.575578000e-25
3.077526030e+00 2.833163000e-25
3.125000000e+00 3.116510000e-25
3.179229470e+00 3.437663000e-25
3.234400000e+00 3.791910000e-25
3.281223390e+00 4.084679000e-25
3.316785230e+00 4.318998000e-25
3.370851950e+00 4.695917000e-25
3.425800000e+00 5.105730000e-25
3.496813970e+00 5.622053000e-25
3.569300000e+00 6.190590000e-25
3.621972550e+00 6.591485000e-25
3.702442380e+00 7.242025000e-25
3.784700000e+00 7.956770000e-25
3.837413450e+00 8.393957000e-25
3.917863430e+00 9.095188000e-25
4.000000000e+00 9.855000000e-25
4.123105630e+00 1.095383900e-24
4.250000000e+00 1.217520000e-24
4.340798560e+00 1.299914800e-24
4.480646540e+00 1.434078900e-24
4.625000000e+00 1.582090000e-24
4.808846020e+00 1.761385400e-24
5.000000000e+00 1.961000000e-24
5.120568450e+00 2.079774300e-24
5.306894250e+00 2.271559500e-24
5.500000000e+00 2.481030000e-24
5.744562650e+00 2.731837900e-24
6.000000000e+00 3.008000000e-24
6.363961040e+00 3.377366800e-24
6.750000000e+00 3.792090000e-24
7.000000000e+00 4.050000000e-24
7.483314780e+00 4.526024800e-24
8.000000000e+00 5.058000000e-24
8.485281380e+00 5.518534000e-24
9.000000000e+00 6.021000000e-24
1.000000000e+01 6.936000000e-24
1.100000000e+01 7.800000000e-24
1.200000000e+01 8.615000000e-24
1.300000000e+01 9.382000000e-24
1.400000000e+01 1.011000000e-23
1.500000000e+01 1.080000000e-23
1.600000000e+01 1.146000000e-23
1.800000000e+01 1.267000000e-23
2.000000000e+01 1.377000000e-23
2.200000000e+01 1.478000000e-23
2.400000000e+01 1.570000000e-23
2.600000000e+01 1.655000000e-23
2.800000000e+01 1.734000000e-23
3.000000000e+01 1.808000000e-23
3.464101620e+01 1.953634560e-23
4.000000000e+01 2.111000000e-23
4.472135960e+01 2.222552590e-23
5.000000000e+01 2.340000000e-23
5.477225580e+01 2.429296200e-23
6.000000000e+01 2.522000000e-23
6.928203240e+01 2.654518410e-23
8.000000000e+01 2.794000000e-23
8.944271920e+01 2.891305590e-23
1.000000000e+02 2.992000000e-23
1.224744880e+02 3.151261340e-23
1.500000000e+02 3.319000000e-23
1.732050810e+02 3.419964330e-23
2.000000000e+02 3.524000000e-23
2.449489750e+02 3.646858380e-23
3.000000000e+02 3.774000000e-23
3.464101620e+02 3.848759540e-23
4.000000000e+02 3.925000000e-23
5.000000000e+02 4.028000000e-23
6.000000000e+02 4.103000000e-23
8.000000000e+02 4.208000000e-23
1.000000000e+03 4.277000000e-23
1.224750000e+03 4.328688720e-23
1.500000000e+03 4.381000000e-23
2.000000000e+03 4.441000000e-23
3.000000000e+03 4.506000000e-23
4.000000000e+03 4.545000000e-23
5.000000000e+03 4.568000000e-23
6.000000000e+03 4.585000000e-23
8.000000000e+03 4.607000000e-23
1.000000000e+04 4.621000000e-23
1.500000000e+04 4.640000000e-23
2.000000000e+04 4.652000000e-23
3.000000000e+04 4.662000000e-23
4.000000000e+04 4.669000000e-23
5.000000000e+04 4.673000000e-23
6.000000000e+04 4.676000000e-23
8.000000000e+04 4.679000000e-23
1.000000000e+05 4.681000000e-23
