2.044000000e+00 1.000000000e+05 206
206
2.044000000e+00 0.000000000e+00
2.085810000e+00 9.502240000e-29
2.086956560e+00 1.025730000e-28
2.087816900e+00 1.086260000e-28
2.089108050e+00 1.183840000e-28
2.090400000e+00 1.290170000e-28
2.091474180e+00 1.376740000e-28
2.092280180e+00 1.445460000e-28
2.093489740e+00 1.555030000e-28
2.094700000e+00 1.672900000e-28
2.095998800e+00 1.796650000e-28
2.096973430e+00 1.895430000e-28
2.098436210e+00 2.053870000e-28
2.099900000e+00 2.225560000e-28
2.101573010e+00 2.417000000e-28
2.102828640e+00 2.571320000e-28
2.103770850e+00 2.693490000e-28
2.105184960e+00 2.887710000e-28
2.106600000e+00 3.095930000e-28
2.108447580e+00 3.357730000e-28
2.109834320e+00 3.568520000e-28
2.110874980e+00 3.735240000e-28
2.112436920e+00 4.000040000e-28
2.114000000e+00 4.283620000e-28
2.115373670e+00 4.524830000e-28
2.117435830e+00 4.912360000e-28
2.119500000e+00 5.333070000e-28
2.121596890e+00 5.755160000e-28
2.123170930e+00 6.093510000e-28
2.125534150e+00 6.638690000e-28
2.127900000e+00 7.232650000e-28
2.129984440e+00 7.743360000e-28
2.131549110e+00 8.149930000e-28
2.133898270e+00 8.800150000e-28
2.136250000e+00 9.502240000e-28
2.138932450e+00 1.028230000e-27
2.140946500e+00 1.090910000e-27
2.143971120e+00 1.192170000e-27
2.147000000e+00 1.302820000e-27
2.149470740e+00 1.390840000e-27
2.151325660e+00 1.460730000e-27
2.154111030e+00 1.572220000e-27
2.156900000e+00 1.692210000e-27
2.159918660e+00 1.818820000e-27
2.162185440e+00 1.919950000e-27
2.165590040e+00 2.082290000e-27
2.169000000e+00 2.258360000e-27
2.172864670e+00 2.452170000e-27
2.175767680e+00 2.608360000e-27
2.177947490e+00 2.732000000e-27
2.181221290e+00 2.928530000e-27
2.184500000e+00 3.139200000e-27
2.188812220e+00 3.404600000e-27
2.192051970e+00 3.618280000e-27
2.194484930e+00 3.787290000e-27
2.198139430e+00 4.055720000e-27
2.201800000e+00 4.343180000e-27
2.205042840e+00 4.588600000e-27
2.209916040e+00 4.982980000e-27
2.214800000e+00 5.411260000e-27
2.219634160e+00 5.827650000e-27
2.223266700e+00 6.160830000e-27
2.228726650e+00 6.696670000e-27
2.234200000e+00 7.279100000e-27
2.239054160e+00 7.780630000e-27
2.242701710e+00 8.179330000e-27
2.248184160e+00 8.816010000e-27
2.253680000e+00 9.502240000e-27
2.260603040e+00 1.033740000e-26
2.265809280e+00 1.101150000e-26
2.269721820e+00 1.154590000e-26
2.275603290e+00 1.239640000e-26
2.281500000e+00 1.330950000e-26
2.287848460e+00 1.424850000e-26
2.292621400e+00 1.499600000e-26
2.299799470e+00 1.619130000e-26
2.307000000e+00 1.748200000e-26
2.314760760e+00 1.882510000e-26
2.320598460e+00 1.989980000e-26
2.329382610e+00 2.162790000e-26
2.338200000e+00 2.350600000e-26
2.347938990e+00 2.549950000e-26
2.355269850e+00 2.710480000e-26
2.366309060e+00 2.970430000e-26
2.377400000e+00 3.255300000e-26
2.385557920e+00 3.456990000e-26
2.397847310e+00 3.783200000e-26
2.410200000e+00 4.140190000e-26
2.419298360e+00 4.396900000e-26
2.433010330e+00 4.812120000e-26
2.446800000e+00 5.266550000e-26
2.456516970e+00 5.578760000e-26
2.471164820e+00 6.082110000e-26
2.485900000e+00 6.630880000e-26
2.497567610e+00 7.052710000e-26
2.515171770e+00 7.736300000e-26
2.532900000e+00 8.486140000e-26
2.544637810e+00 8.979830000e-26
2.556430000e+00 9.502240000e-26
2.570186080e+00 1.009752000e-25
2.590959100e+00 1.106109000e-25
2.611900000e+00 1.211660000e-25
2.623941480e+00 1.270527000e-25
2.642107860e+00 1.364233000e-25
2.660400000e+00 1.464850000e-25
2.681375630e+00 1.575596000e-25
2.697215810e+00 1.664116000e-25
2.721151700e+00 1.806308000e-25
2.745300000e+00 1.960650000e-25
2.761088290e+00 2.056801000e-25
2.784941120e+00 2.209939000e-25
2.809000000e+00 2.374480000e-25
2.832576520e+00 2.529694000e-25
2.868312840e+00 2.781745000e-25
2.904500000e+00 3.058910000e-25
2.928086150e+00 3.233211000e-25
2.963824970e+00 3.513460000e-25
3.000000000e+00 3.818000000e-25
3.030773260e+00 4.068408000e-25
3.077526030e+00 4.475147000e-25
3.125000000e+00 4.922550000e-25
3.179229470e+00 5.429510000e-25
3.234400000e+00 5.988680000e-25
3.281223390e+00 6.450687000e-25
3.316785230e+00 6.820435000e-25
3.370851950e+00 7.415172000e-25
3.425800000e+00 8.061770000e-25
3.496813970e+00 8.876197000e-25
3.569300000e+00 9.772900000e-25
3.621972550e+00 1.040507300e-24
3.702442380e+00 1.143082600e-24
3.784700000e+00 1.255770000e-24
3.837413450e+00 1.324692800e-24
3.917863430e+00 1.435234200e-24
4.000000000e+00 1.555000000e-24
4.123105630e+00 1.728212800e-24
4.250000000e+00 1.920720000e-24
4.340798560e+00 2.050575200e-24
4.480646540e+00 2.262002800e-24
4.625000000e+00 2.495230000e-24
4.808846020e+00 2.777634100e-24
5.000000000e+00 3.092000000e-24
5.120568450e+00 3.278877500e-24
5.306894250e+00 3.580583100e-24
5.500000000e+00 3.910050000e-24
5.744562650e+00 4.304162700e-24
6.000000000e+00 4.738000000e-24
6.363961040e+00 5.317794900e-24
6.750000000e+00 5.968540000e-24
7.000000000e+00 6.373000000e-24
7.483314780e+00 7.118855000e-24
8.000000000e+00 7.952000000e-24
8.485281380e+00 8.672370800e-24
9.000000000e+00 9.458000000e-24
1.000000000e+01 1.089000000e-23
1.100000000e+01 1.223000000e-23
1.200000000e+01 1.350000000e-23
1.300000000e+01 1.469000000e-23
1.400000000e+01 1.582000000e-23
1.500000000e+01 1.689000000e-23
1.600000000e+01 1.790000000e-23
1.800000000e+01 1.976000000e-23
2.000000000e+01 2.146000000e-23
2.200000000e+01 2.300000000e-23
2.400000000e+01 2.441000000e-23
2.600000000e+01 2.571000000e-23
2.800000000e+01 2.691000000e-23
3.000000000e+01 2.802000000e-23
3.464101620e+01 3.021873260e-23
4.000000000e+01 3.259000000e-23
4.472135960e+01 3.426210440e-23
5.000000000e+01 3.602000000e-23
6.000000000e+01 3.871000000e-23
6.928203240e+01 4.066560220e-23
8.000000000e+01 4.272000000e-23
8.944271920e+01 4.414135480e-23
1.000000000e+02 4.561000000e-23
1.224744880e+02 4.790715190e-23
1.500000000e+02 5.032000000e-23
1.732050810e+02 5.175455150e-23
2.000000000e+02 5.323000000e-23
2.449489750e+02 5.496666990e-23
3.000000000e+02 5.676000000e-23
3.464101620e+02 5.780046370e-23
4.000000000e+02 5.886000000e-23
5.000000000e+02 6.029000000e-23
6.000000000e+02 6.133000000e-23
8.000000000e+02 6.276000000e-23
1.000000000e+03 6.371000000e-23
1.224750000e+03 6.441115610e-23
1.500000000e+03 6.512000000e-23
2.000000000e+03 6.593000000e-23
3.000000000e+03 6.680000000e-23
4.000000000e+03 6.732000000e-23
5.000000000e+03 6.763000000e-23
6.000000000e+03 6.785000000e-23
8.000000000e+03 6.815000000e-23
1.000000000e+04 6.834000000e-23
1.500000000e+04 6.859000000e-23
2.000000000e+04 6.874000000e-23
3.000000000e+04 6.888000000e-23
4.000000000e+04 6.897000000e-23
5.000000000e+04 6.902000000e-23
6.000000000e+04 6.906000000e-23
8.000000000e+04 6.909000000e-23
1.000000000e+05 6.912000000e-23
