2.044000000e+00 1.000000000e+05 208
208
2.044000000e+00 0.000000000e+00
2.085810000e+00 4.815830000e-29
2.086687860e+00 5.078930000e-29
2.087511190e+00 5.338620000e-29
2.088283350e+00 5.594130000e-29
2.089731920e+00 6.106630000e-29
2.091000240e+00 6.593440000e-29
2.092110650e+00 7.051130000e-29
2.093082750e+00 7.477590000e-29
2.093933700e+00 7.871850000e-29
2.094678570e+00 8.233850000e-29
2.095982720e+00 8.907850000e-29
2.096961360e+00 9.449320000e-29
2.098430170e+00 1.032380000e-28
2.099900000e+00 1.127930000e-28
2.101573010e+00 1.224960000e-28
2.102828640e+00 1.303170000e-28
2.103770850e+00 1.365080000e-28
2.105184960e+00 1.463520000e-28
2.106600000e+00 1.569050000e-28
2.108447580e+00 1.701730000e-28
2.109834320e+00 1.808560000e-28
2.110874980e+00 1.893060000e-28
2.112436920e+00 2.027260000e-28
2.114000000e+00 2.170980000e-28
2.115373670e+00 2.293230000e-28
2.117435830e+00 2.489630000e-28
2.119500000e+00 2.702850000e-28
2.121596890e+00 2.916770000e-28
2.123170930e+00 3.088250000e-28
2.125534150e+00 3.364560000e-28
2.127900000e+00 3.665580000e-28
2.129984440e+00 3.924410000e-28
2.131549110e+00 4.130470000e-28
2.133898270e+00 4.460000000e-28
2.136250000e+00 4.815830000e-28
2.138932450e+00 5.211180000e-28
2.140946500e+00 5.528850000e-28
2.143971120e+00 6.042030000e-28
2.147000000e+00 6.602840000e-28
2.149470740e+00 7.048930000e-28
2.151325660e+00 7.403170000e-28
2.154111030e+00 7.968170000e-28
2.156900000e+00 8.576300000e-28
2.159918660e+00 9.217960000e-28
2.162185440e+00 9.730510000e-28
2.165590040e+00 1.055330000e-27
2.169000000e+00 1.144560000e-27
2.172864670e+00 1.242780000e-27
2.175767680e+00 1.321940000e-27
2.177947490e+00 1.384600000e-27
2.181221290e+00 1.484210000e-27
2.184500000e+00 1.590980000e-27
2.188812220e+00 1.725490000e-27
2.192051970e+00 1.833780000e-27
2.194484930e+00 1.919430000e-27
2.198139430e+00 2.055480000e-27
2.201800000e+00 2.201160000e-27
2.205042840e+00 2.325540000e-27
2.209916040e+00 2.525420000e-27
2.214800000e+00 2.742480000e-27
2.219634160e+00 2.953510000e-27
2.223266700e+00 3.122370000e-27
2.228726650e+00 3.393940000e-27
2.234200000e+00 3.689120000e-27
2.239054160e+00 3.943300000e-27
2.242701710e+00 4.145360000e-27
2.248184160e+00 4.468040000e-27
2.253680000e+00 4.815830000e-27
2.260603040e+00 5.239090000e-27
2.265809280e+00 5.580770000e-27
2.269721820e+00 5.851580000e-27
2.275603290e+00 6.282620000e-27
2.281500000e+00 6.745420000e-27
2.287848460e+00 7.221320000e-27
2.292621400e+00 7.600140000e-27
2.299799470e+00 8.205970000e-27
2.307000000e+00 8.860090000e-27
2.314760760e+00 9.540820000e-27
2.320598460e+00 1.008550000e-26
2.329382610e+00 1.096130000e-26
2.338200000e+00 1.191320000e-26
2.347938990e+00 1.292350000e-26
2.355269850e+00 1.373710000e-26
2.366309060e+00 1.505450000e-26
2.377400000e+00 1.649830000e-26
2.385557920e+00 1.752050000e-26
2.397847310e+00 1.917380000e-26
2.410200000e+00 2.098310000e-26
2.419298360e+00 2.228420000e-26
2.433010330e+00 2.438860000e-26
2.446800000e+00 2.669170000e-26
2.456516970e+00 2.827400000e-26
2.471164820e+00 3.082500000e-26
2.485900000e+00 3.360620000e-26
2.497567610e+00 3.574410000e-26
2.515171770e+00 3.920850000e-26
2.532900000e+00 4.300880000e-26
2.544637810e+00 4.551080000e-26
2.556430000e+00 4.815830000e-26
2.570186080e+00 5.117500000e-26
2.590959100e+00 5.605810000e-26
2.611900000e+00 6.140720000e-26
2.623941480e+00 6.439040000e-26
2.642107860e+00 6.913910000e-26
2.660400000e+00 7.423800000e-26
2.681375630e+00 7.985010000e-26
2.697215810e+00 8.433590000e-26
2.721151700e+00 9.154150000e-26
2.745300000e+00 9.936270000e-26
2.761088290e+00 1.042353000e-25
2.784941120e+00 1.119957000e-25
2.809000000e+00 1.203340000e-25
2.832576520e+00 1.282003000e-25
2.868312840e+00 1.409742000e-25
2.904500000e+00 1.550210000e-25
2.928086150e+00 1.638563000e-25
2.963824970e+00 1.780623000e-25
3.000000000e+00 1.935000000e-25
3.030773260e+00 2.061972000e-25
3.077526030e+00 2.268221000e-25
3.125000000e+00 2.495100000e-25
3.179229470e+00 2.752276000e-25
3.234400000e+00 3.035960000e-25
3.281223390e+00 3.270438000e-25
3.316785230e+00 3.458105000e-25
3.370851950e+00 3.759991000e-25
3.425800000e+00 4.088230000e-25
3.496813970e+00 4.501815000e-25
3.569300000e+00 4.957240000e-25
3.621972550e+00 5.278396000e-25
3.702442380e+00 5.799559000e-25
3.784700000e+00 6.372180000e-25
3.837413450e+00 6.722434000e-25
3.917863430e+00 7.284241000e-25
4.000000000e+00 7.893000000e-25
4.123105630e+00 8.773354000e-25
4.250000000e+00 9.751900000e-25
4.340798560e+00 1.041204300e-24
4.480646540e+00 1.148698300e-24
4.625000000e+00 1.267290000e-24
4.808846020e+00 1.410997000e-24
5.000000000e+00 1.571000000e-24
5.120568450e+00 1.666260100e-24
5.306894250e+00 1.820089300e-24
5.500000000e+00 1.988120000e-24
5.744562650e+00 2.189373700e-24
6.000000000e+00 2.411000000e-24
6.363961040e+00 2.707351700e-24
6.750000000e+00 3.040130000e-24
7.000000000e+00 3.247000000e-24
7.483314780e+00 3.629026300e-24
8.000000000e+00 4.056000000e-24
8.485281380e+00 4.426571600e-24
9.000000000e+00 4.831000000e-24
1.000000000e+01 5.566000000e-24
1.100000000e+01 6.262000000e-24
1.200000000e+01 6.918000000e-24
1.300000000e+01 7.537000000e-24
1.400000000e+01 8.125000000e-24
1.500000000e+01 8.681000000e-24
1.600000000e+01 9.210000000e-24
1.800000000e+01 1.019000000e-23
2.000000000e+01 1.108000000e-23
2.200000000e+01 1.190000000e-23
2.400000000e+01 1.264000000e-23
2.600000000e+01 1.334000000e-23
2.800000000e+01 1.398000000e-23
3.000000000e+01 1.457000000e-23
3.464101620e+01 1.575667480e-23
4.000000000e+01 1.704000000e-23
4.472135960e+01 1.795541140e-23
5.000000000e+01 1.892000000e-23
5.477225580e+01 1.964606830e-23
6.000000000e+01 2.040000000e-23
6.928203240e+01 2.149083530e-23
8.000000000e+01 2.264000000e-23
8.944271920e+01 2.344083620e-23
1.000000000e+02 2.427000000e-23
1.224744880e+02 2.557966380e-23
1.500000000e+02 2.696000000e-23
1.732050810e+02 2.779215720e-23
2.000000000e+02 2.865000000e-23
2.449489750e+02 2.966212230e-23
3.000000000e+02 3.071000000e-23
3.464101620e+02 3.131896230e-23
4.000000000e+02 3.194000000e-23
5.000000000e+02 3.279000000e-23
6.000000000e+02 3.341000000e-23
8.000000000e+02 3.426000000e-23
1.000000000e+03 3.482000000e-23
1.224750000e+03 3.524244600e-23
1.500000000e+03 3.567000000e-23
2.000000000e+03 3.615000000e-23
3.000000000e+03 3.667000000e-23
4.000000000e+03 3.697000000e-23
5.000000000e+03 3.716000000e-23
6.000000000e+03 3.729000000e-23
8.000000000e+03 3.747000000e-23
1.000000000e+04 3.758000000e-23
1.500000000e+04 3.773000000e-23
2.000000000e+04 3.782000000e-23
3.000000000e+04 3.790000000e-23
4.000000000e+04 3.796000000e-23
5.000000000e+04 3.799000000e-23
6.000000000e+04 3.801000000e-23
8.000000000e+04 3.803000000e-23
1.000000000e+05 3.805000000e-23
