0.893367184302 20000 88
88
0.893367184302  0
1.00237446725  3.25065915942e-29
1.12468265038  2.3873872068e-28
1.26191468896  4.94603927706e-28
1.41589156877  7.81689425344e-28
1.58865646945  1.10380465169e-27
1.78250187627  1.46522388007e-27
2  7.05502065752e-27
2.2440369086  4.26497670845e-26
2.51785082359  8.7190793938e-26
2.82507508925  1.37166648041e-25
3.16978638492  4.68516651584e-25
3.55655882008  1.12328795932e-24
3.99052462994  2.16590551927e-24
4.47744227714  5.22605367646e-24
5.02377286302  9.40419874862e-24
5.63676586253  1.64660811027e-23
6.32455532034  2.6878059719e-23
7.09626778467  3.96471328205e-23
7.96214341107  5.40598278783e-23
8.93367184302  6.82657731464e-23
10.0237446725  8.16604000551e-23
11.2468265038  9.32964959052e-23
12.6191468896  1.03600520837e-22
14.1589156877  1.13241315036e-22
15.8865646945  1.2178139985e-22
17.8250187627  1.289598217e-22
20  1.34941499074e-22
22.440369086  1.41666545054e-22
25.1785082359  1.47542631731e-22
28.2507508925  1.43631168202e-22
31.6978638492  1.36650409405e-22
35.5655882008  1.29548359018e-22
39.9052462994  1.27165670381e-22
44.7744227714  1.22976552035e-22
50.2377286302  1.17761909768e-22
56.3676586253  1.13501800905e-22
63.2455532034  1.09544873957e-22
70.9626778467  1.0671840262e-22
79.6214341107  1.03820602217e-22
89.3367184302  1.0186824993e-22
100.237446725  1.00077470989e-22
112.468265038  9.98953507485e-23
126.191468896  9.95988158066e-23
141.589156877  9.91780299811e-23
158.865646945  9.90740965367e-23
178.250187627  9.90123768443e-23
200  9.86521380853e-23
224.40369086  9.84076671772e-23
251.785082359  9.81576921909e-23
282.507508925  9.82685858135e-23
316.978638492  9.83398968712e-23
355.655882008  9.84168696264e-23
399.052462994  9.88855296991e-23
447.744227714  1.01157877995e-22
502.377286302  1.03690782634e-22
563.676586253  1.05161397616e-22
632.455532034  1.06523431862e-22
709.626778467  1.07635680445e-22
796.214341107  1.08456181972e-22
893.367184302  1.09432968488e-22
1002.37446725  1.10228222447e-22
1124.68265038  1.10792260767e-22
1261.91468896  1.11425122171e-22
1415.89156877  1.12135204346e-22
1588.65646945  1.12680434434e-22
1782.50187627  1.13024486208e-22
2000  1.13410518648e-22
2244.0369086  1.12971510731e-22
2517.85082359  1.12478935746e-22
2825.07508925  1.11926257523e-22
3169.78638492  1.11281628373e-22
3556.55882008  1.10530004994e-22
3990.52462994  1.09686669692e-22
4477.44227714  1.0874043192e-22
5023.77286302  1.07706966065e-22
5636.76586253  1.07243655384e-22
6324.55532034  1.06723812249e-22
7096.26778467  1.06193269524e-22
7962.14341107  1.0601311084e-22
8933.67184302  1.05810969472e-22
10023.7446725  1.05586796392e-22
11246.8265038  1.05467954301e-22
12619.1468896  1.05334611281e-22
14158.9156877  1.05184997953e-22
15886.5646945  1.05017129037e-22
17825.0187627  1.04828777016e-22
20000  1.04617442573e-22

