0.893367184302 20000 88
88
0.893367184302  0
1.00237446725  1.50983355935e-38
1.12468265038  1.10886966218e-37
1.26191468896  2.29728665941e-37
1.41589156877  3.6307124617e-37
1.58865646945  5.12684081931e-37
1.78250187627  6.80552444655e-37
2  1.29590879864e-33
2.2440369086  1.00740784949e-32
2.51785082359  2.10731989125e-32
2.82507508925  3.34144150022e-32
3.16978638492  3.79816111156e-30
3.55655882008  1.18782908959e-29
3.99052462994  9.57098335755e-29
4.47744227714  6.4872745327e-28
5.02377286302  3.33302491054e-27
5.63676586253  1.59360224364e-26
6.32455532034  8.34825616877e-26
7.09626778467  3.18779160609e-25
7.96214341107  1.11906074735e-24
8.93367184302  3.47737076122e-24
10.0237446725  9.35966414459e-24
11.2468265038  2.13971152986e-23
12.6191468896  4.0512086246e-23
14.1589156877  6.31764343228e-23
15.8865646945  8.53694578411e-23
17.8250187627  1.06623950315e-22
20  1.27386324209e-22
22.440369086  1.51056835717e-22
25.1785082359  1.72130997599e-22
28.2507508925  1.87352285954e-22
31.6978638492  2.02614539822e-22
35.5655882008  2.12411737583e-22
39.9052462994  2.03761692278e-22
44.7744227714  2.01658219032e-22
50.2377286302  1.98939126753e-22
56.3676586253  1.99269051621e-22
63.2455532034  1.94866506198e-22
70.9626778467  1.92983423271e-22
79.6214341107  1.91094124085e-22
89.3367184302  1.88423699914e-22
100.237446725  1.87404414007e-22
112.468265038  1.86899498712e-22
126.191468896  1.86287354277e-22
141.589156877  1.85573397716e-22
158.865646945  1.85088823323e-22
178.250187627  1.83871498401e-22
200  1.82460602035e-22
224.40369086  1.81194160627e-22
251.785082359  1.79922673381e-22
282.507508925  1.80901024237e-22
316.978638492  1.82199001408e-22
355.655882008  1.83820132699e-22
399.052462994  1.85202090014e-22
447.744227714  1.85851691662e-22
502.377286302  1.86659332459e-22
563.676586253  1.900032131e-22
632.455532034  1.92731108642e-22
709.626778467  1.94554240827e-22
796.214341107  1.96979718995e-22
893.367184302  1.99893870478e-22
1002.37446725  2.00897181547e-22
1124.68265038  2.0129389191e-22
1261.91468896  2.01739008259e-22
1415.89156877  2.02238437016e-22
1588.65646945  2.02563526912e-22
1782.50187627  2.02677839486e-22
2000  2.02806100303e-22
2244.0369086  2.02288002259e-22
2517.85082359  2.01706686693e-22
2825.07508925  2.010544399e-22
3169.78638492  2.00457779618e-22
3556.55882008  1.99944572112e-22
3990.52462994  1.99368743819e-22
4477.44227714  1.98722653848e-22
5023.77286302  1.98019809799e-22
5636.76586253  1.9777579376e-22
6324.55532034  1.9750200326e-22
7096.26778467  1.97207579948e-22
7962.14341107  1.96977799335e-22
8933.67184302  1.96719981247e-22
10023.7446725  1.96435605559e-22
11246.8265038  1.96363479201e-22
12619.1468896  1.96282552096e-22
14158.9156877  1.96191750391e-22
15886.5646945  1.96089869203e-22
17825.0187627  1.95975556629e-22
20000  1.95847295812e-22

