0.893367184302 20000 88
88
0.893367184302  0
1.00237446725  1.36171880286e-38
1.12468265038  1.0000894864e-37
1.26191468896  2.07192270982e-37
1.41589156877  3.27453936644e-37
1.58865646945  4.62389744862e-37
1.78250187627  6.13790211828e-37
2  1.15934125776e-33
2.2440369086  9.01239442905e-33
2.51785082359  1.88523358627e-32
2.82507508925  2.98929317405e-32
3.16978638492  3.41287470341e-30
3.55655882008  1.067369394e-29
3.99052462994  8.69927207875e-29
4.47744227714  5.91107802021e-28
5.02377286302  3.09582103608e-27
5.63676586253  1.49282257119e-26
6.32455532034  8.0019809402e-26
7.09626778467  3.09141123547e-25
7.96214341107  1.05957397007e-24
8.93367184302  3.07476716876e-24
10.0237446725  8.21237523657e-24
11.2468265038  1.93481555417e-23
12.6191468896  3.76304895453e-23
14.1589156877  5.98244411422e-23
15.8865646945  8.16024990157e-23
17.8250187627  1.02065752385e-22
20  1.24599473348e-22
22.440369086  1.50485777926e-22
25.1785082359  1.72783584172e-22
28.2507508925  1.87027921581e-22
31.6978638492  2.01518176595e-22
35.5655882008  2.10818456914e-22
39.9052462994  2.02595566412e-22
44.7744227714  2.00501160137e-22
50.2377286302  1.9767838137e-22
56.3676586253  1.97062247317e-22
63.2455532034  1.92825416664e-22
70.9626778467  1.90561079886e-22
79.6214341107  1.88842449806e-22
89.3367184302  1.86455599067e-22
100.237446725  1.85256069488e-22
112.468265038  1.84630366468e-22
126.191468896  1.84020188047e-22
141.589156877  1.83523554257e-22
158.865646945  1.83331713757e-22
178.250187627  1.82164854543e-22
200  1.80807434948e-22
224.40369086  1.7958899508e-22
251.785082359  1.78364339154e-22
282.507508925  1.79282176101e-22
316.978638492  1.80478766582e-22
355.655882008  1.81958583457e-22
399.052462994  1.83255062605e-22
447.744227714  1.83879319921e-22
502.377286302  1.84669494217e-22
563.676586253  1.88225588701e-22
632.455532034  1.91063317631e-22
709.626778467  1.92848612746e-22
796.214341107  1.95231688551e-22
893.367184302  1.9814436705e-22
1002.37446725  1.99099166852e-22
1124.68265038  1.99532146795e-22
1261.91468896  2.00017958282e-22
1415.89156877  2.00563047735e-22
1588.65646945  2.0090433598e-22
1782.50187627  2.00999531347e-22
2000  2.01106342307e-22
2244.0369086  2.00552044008e-22
2517.85082359  1.99930111088e-22
2825.07508925  1.99232290874e-22
3169.78638492  1.9859038003e-22
3556.55882008  1.98033201923e-22
3990.52462994  1.97408037805e-22
4477.44227714  1.96706592127e-22
5023.77286302  1.9594293147e-22
5636.76586253  1.95662580568e-22
6324.55532034  1.95348021682e-22
7096.26778467  1.95015141868e-22
7962.14341107  1.94799573869e-22
8933.67184302  1.94557702596e-22
10023.7446725  1.94291063952e-22
11246.8265038  1.94230999736e-22
12619.1468896  1.94163606576e-22
14158.9156877  1.94087990208e-22
15886.5646945  1.94003147247e-22
17825.0187627  1.93907951879e-22
20000  1.9380114092e-22

