0.893367184302 20000 88
88
0.893367184302  0
1.00237446725  1.8601104937e-34
1.12468265038  1.36612415455e-33
1.26191468896  2.83025039133e-33
1.41589156877  4.47302704843e-33
1.58865646945  6.316252774e-33
1.78250187627  8.38438605353e-33
2  9.60930445614e-31
2.2440369086  7.40429359783e-30
2.51785082359  1.54775610528e-29
2.82507508925  2.45359161237e-29
3.16978638492  5.3142848905e-28
3.55655882008  1.61082053074e-27
3.99052462994  5.90771599615e-27
4.47744227714  2.96713403945e-26
5.02377286302  9.57461116865e-26
5.63676586253  3.44657122133e-25
6.32455532034  1.17916423644e-24
7.09626778467  3.34453649188e-24
7.96214341107  8.64638722521e-24
8.93367184302  1.88242700032e-23
10.0237446725  3.3453454531e-23
11.2468265038  5.03002921337e-23
12.6191468896  6.81298080188e-23
14.1589156877  8.66692319744e-23
15.8865646945  1.0484989072e-22
17.8250187627  1.2074517987e-22
20  1.38361191151e-22
22.440369086  1.58563732393e-22
25.1785082359  1.75131933503e-22
28.2507508925  1.79376403061e-22
31.6978638492  1.7899919784e-22
35.5655882008  1.78417605217e-22
39.9052462994  1.74928785002e-22
44.7744227714  1.71171136297e-22
50.2377286302  1.67568122065e-22
56.3676586253  1.63825292332e-22
63.2455532034  1.59722781518e-22
70.9626778467  1.56967789071e-22
79.6214341107  1.54924532293e-22
89.3367184302  1.52426774177e-22
100.237446725  1.51059892699e-22
112.468265038  1.50240490087e-22
126.191468896  1.49636826669e-22
141.589156877  1.49415863442e-22
158.865646945  1.4927399593e-22
178.250187627  1.49255844085e-22
200  1.49415863442e-22
224.40369086  1.4916698007e-22
251.785082359  1.4888094891e-22
282.507508925  1.48450945025e-22
316.978638492  1.48639370509e-22
355.655882008  1.49683769945e-22
399.052462994  1.51231889273e-22
447.744227714  1.52788601674e-22
502.377286302  1.54578062969e-22
563.676586253  1.57740519086e-22
632.455532034  1.60224525505e-22
709.626778467  1.61607743026e-22
796.214341107  1.62629371415e-22
893.367184302  1.63327440616e-22
1002.37446725  1.64405208046e-22
1124.68265038  1.64997057644e-22
1261.91468896  1.65661123814e-22
1415.89156877  1.66406218313e-22
1588.65646945  1.66813219217e-22
1782.50187627  1.66813219217e-22
2000  1.66813219217e-22
2244.0369086  1.66066569101e-22
2517.85082359  1.65228813892e-22
2825.07508925  1.64288837087e-22
3169.78638492  1.63558384998e-22
3556.55882008  1.63113593912e-22
3990.52462994  1.62614530104e-22
4477.44227714  1.62054571302e-22
5023.77286302  1.61449466969e-22
5636.76586253  1.61342220651e-22
6324.55532034  1.61221888302e-22
7096.26778467  1.61047573903e-22
7962.14341107  1.60542609065e-22
8933.67184302  1.59976029198e-22
10023.7446725  1.59351671093e-22
11246.8265038  1.59223280371e-22
12619.1468896  1.59079223611e-22
14158.9156877  1.58917589267e-22
15886.5646945  1.58736232551e-22
17825.0187627  1.58532746969e-22
20000  1.58304432391e-22

