0.893367184302 20000 88
88
0.893367184302  0
1.00237446725  4.95820053017e-34
1.12468265038  3.64145975752e-33
1.26191468896  7.54414806989e-33
1.41589156877  1.19230363777e-32
1.58865646945  1.68362298685e-32
1.78250187627  2.23489236347e-32
2  1.96358472478e-30
2.2440369086  1.50865626941e-29
2.51785082359  3.15288966836e-29
2.82507508925  4.99774988517e-29
3.16978638492  9.15534232674e-28
3.55655882008  2.75523812514e-27
3.99052462994  9.39356925397e-27
4.47744227714  4.49206625609e-26
5.02377286302  1.37670961435e-25
5.63676586253  4.74085497178e-25
6.32455532034  1.53020859119e-24
7.09626778467  4.15404384697e-24
7.96214341107  1.02842571018e-23
8.93367184302  2.15062098832e-23
10.0237446725  3.69384455728e-23
11.2468265038  5.40104171068e-23
12.6191468896  7.14684934388e-23
14.1589156877  8.92583188468e-23
15.8865646945  1.06677632687e-22
17.8250187627  1.21922571322e-22
20  1.38879621546e-22
22.440369086  1.58324803999e-22
25.1785082359  1.74410626696e-22
28.2507508925  1.77863730552e-22
31.6978638492  1.77004583427e-22
35.5655882008  1.75906305401e-22
39.9052462994  1.72190111293e-22
44.7744227714  1.68470854e-22
50.2377286302  1.64800590284e-22
56.3676586253  1.61011458258e-22
63.2455532034  1.56912783272e-22
70.9626778467  1.54074575125e-22
79.6214341107  1.51952810066e-22
89.3367184302  1.49559862611e-22
100.237446725  1.48154299377e-22
112.468265038  1.47281494539e-22
126.191468896  1.46618948423e-22
141.589156877  1.46340003968e-22
158.865646945  1.46160910115e-22
178.250187627  1.46137995187e-22
200  1.46340003968e-22
224.40369086  1.46090304246e-22
251.785082359  1.45806295594e-22
282.507508925  1.45425836939e-22
316.978638492  1.45666421574e-22
355.655882008  1.46750557011e-22
399.052462994  1.4824617282e-22
447.744227714  1.49885921788e-22
502.377286302  1.51762008712e-22
563.676586253  1.54782332973e-22
632.455532034  1.5717066148e-22
709.626778467  1.58534400718e-22
796.214341107  1.59595283247e-22
893.367184302  1.60219783289e-22
1002.37446725  1.6129479767e-22
1124.68265038  1.61848016933e-22
1261.91468896  1.62468739156e-22
1415.89156877  1.63165200945e-22
1588.65646945  1.63545636687e-22
1782.50187627  1.63545636687e-22
2000  1.63545636687e-22
2244.0369086  1.62796537519e-22
2517.85082359  1.61956034428e-22
2825.07508925  1.61012974449e-22
3169.78638492  1.60251965972e-22
3556.55882008  1.59741566563e-22
3990.52462994  1.59168889007e-22
4477.44227714  1.58526334221e-22
5023.77286302  1.57833067492e-22
5636.76586253  1.5773817814e-22
6324.55532034  1.57631710536e-22
7096.26778467  1.57477480716e-22
7962.14341107  1.57030698142e-22
8933.67184302  1.56529399848e-22
10023.7446725  1.5597698055e-22
11246.8265038  1.55863383061e-22
12619.1468896  1.55735924583e-22
14158.9156877  1.55592913817e-22
15886.5646945  1.55432453099e-22
17825.0187627  1.55252413213e-22
20000  1.55050405137e-22

