3.55655882008 20000 76
76
3.55655882008  0
3.99052462994  3.99931218103e-28
4.47744227714  3.30369479829e-27
5.02377286302  1.02573209866e-26
5.63676586253  5.56725719895e-26
6.32455532034  3.43691638088e-25
7.09626778467  1.07717914825e-24
7.96214341107  2.79215243259e-24
8.93367184302  7.20175911534e-24
10.0237446725  1.75566900313e-23
11.2468265038  3.41787880538e-23
12.6191468896  5.46216285834e-23
14.1589156877  7.79602104773e-23
15.8865646945  1.00427481123e-22
17.8250187627  1.17144149695e-22
20  1.35442944023e-22
22.440369086  1.56726554705e-22
25.1785082359  1.75214076519e-22
28.2507508925  1.85088787926e-22
31.6978638492  1.96117446031e-22
35.5655882008  2.03189649784e-22
39.9052462994  1.96882645912e-22
44.7744227714  1.94834050024e-22
50.2377286302  1.91559122336e-22
56.3676586253  1.86750135404e-22
63.2455532034  1.83259377326e-22
70.9626778467  1.79310756414e-22
79.6214341107  1.78353418968e-22
89.3367184302  1.77230230268e-22
100.237446725  1.75234774888e-22
112.468265038  1.74075216326e-22
126.191468896  1.73475389097e-22
141.589156877  1.73943620922e-22
158.865646945  1.75050176814e-22
178.250187627  1.74110191172e-22
200  1.72993505657e-22
224.40369086  1.71991152253e-22
251.785082359  1.70977411092e-22
282.507508925  1.71624491245e-22
316.978638492  1.72368362198e-22
355.655882008  1.7321767488e-22
399.052462994  1.7413169989e-22
447.744227714  1.74641916797e-22
502.377286302  1.75352533846e-22
563.676586253  1.79839986205e-22
632.455532034  1.83157077268e-22
709.626778467  1.84769833226e-22
796.214341107  1.86958527566e-22
893.367184302  1.89856872845e-22
1002.37446725  1.90594032464e-22
1124.68265038  1.91186659513e-22
1261.91468896  1.91851597999e-22
1415.89156877  1.92597671251e-22
1588.65646945  1.93009863216e-22
1782.50187627  1.93020044386e-22
2000  1.93031467847e-22
2244.0369086  1.92318154796e-22
2517.85082359  1.91517804388e-22
2825.07508925  1.90619796462e-22
3169.78638492  1.89778979577e-22
3556.55882008  1.8902834336e-22
3990.52462994  1.88186115672e-22
4477.44227714  1.87241120664e-22
5023.77286302  1.86209865559e-22
5636.76586253  1.85769169245e-22
6324.55532034  1.85274699848e-22
7096.26778467  1.84772208711e-22
7962.14341107  1.84620232073e-22
8933.67184302  1.8444971148e-22
10023.7446725  1.8426242713e-22
11246.8265038  1.84256003246e-22
12619.1468896  1.84248795529e-22
14158.9156877  1.84240708338e-22
15886.5646945  1.84231634361e-22
17825.0187627  1.84221453191e-22
20000  1.8421002973e-22

