0.893367184302 20000 88
88
0.893367184302  0
1.00237446725  4.82609755649e-33
1.12468265038  3.54443914297e-32
1.26191468896  7.34314684216e-32
1.41589156877  1.16053669831e-31
1.58865646945  1.63876566376e-31
1.78250187627  2.17534738838e-31
2  1.16711926639e-29
2.2440369086  8.89651307217e-29
2.51785082359  1.85806479791e-28
2.82507508925  2.94464260586e-28
3.16978638492  3.77416542748e-27
3.55655882008  1.11303377676e-26
3.99052462994  3.18170346832e-26
4.47744227714  1.31348045121e-25
5.02377286302  3.4672955169e-25
5.63676586253  1.0264734469e-24
6.32455532034  2.73379127268e-24
7.09626778467  6.41584837362e-24
7.96214341107  1.39441719635e-23
8.93367184302  2.66486487557e-23
10.0237446725  4.35428004482e-23
11.2468265038  6.15047654137e-23
12.6191468896  7.82444755025e-23
14.1589156877  9.35125192602e-23
15.8865646945  1.08056171848e-22
17.8250187627  1.21277266269e-22
20  1.3709794442e-22
22.440369086  1.55288387769e-22
25.1785082359  1.70547619526e-22
28.2507508925  1.71314696267e-22
31.6978638492  1.68844227197e-22
35.5655882008  1.66019929778e-22
39.9052462994  1.61570885389e-22
44.7744227714  1.58011275149e-22
50.2377286302  1.54145498857e-22
56.3676586253  1.50232179402e-22
63.2455532034  1.46180243934e-22
70.9626778467  1.43086033282e-22
79.6214341107  1.40718155401e-22
89.3367184302  1.38696942486e-22
100.237446725  1.37173092315e-22
112.468265038  1.36128166418e-22
126.191468896  1.35273358242e-22
141.589156877  1.34802010121e-22
158.865646945  1.34499385172e-22
178.250187627  1.3446066453e-22
200  1.34802010121e-22
224.40369086  1.34551631714e-22
251.785082359  1.34276761028e-22
282.507508925  1.34065824143e-22
316.978638492  1.3447957809e-22
355.655882008  1.35688195996e-22
399.052462994  1.36995143652e-22
447.744227714  1.38900193809e-22
502.377286302  1.4105168209e-22
563.676586253  1.4356976009e-22
632.455532034  1.45617061089e-22
709.626778467  1.46904124316e-22
796.214341107  1.48088063257e-22
893.367184302  1.48460350296e-22
1002.37446725  1.49517239122e-22
1124.68265038  1.49936163018e-22
1261.91468896  1.5040620336e-22
1415.89156877  1.50933597298e-22
1588.65646945  1.51221681306e-22
1782.50187627  1.51221681306e-22
2000  1.51221681306e-22
2244.0369086  1.50470546084e-22
2517.85082359  1.49627758503e-22
2825.07508925  1.48682135284e-22
3169.78638492  1.47824801304e-22
3556.55882008  1.47098297526e-22
3990.52462994  1.46283146879e-22
4477.44227714  1.45368532811e-22
5023.77286302  1.44384933031e-22
5636.76586253  1.44332323729e-22
6324.55532034  1.44273295121e-22
7096.26778467  1.44187785809e-22
7962.14341107  1.43940077093e-22
8933.67184302  1.43662143343e-22
10023.7446725  1.43355866683e-22
11246.8265038  1.43292885068e-22
12619.1468896  1.43222218534e-22
14158.9156877  1.43142929378e-22
15886.5646945  1.43053965483e-22
17825.0187627  1.4295414635e-22
20000  1.42842147441e-22

