0.893367184302 20000 88
88
0.893367184302  0
1.00237446725  4.16166984535e-35
1.12468265038  3.05646235438e-34
1.26191468896  6.33218711915e-34
1.41589156877  1.00076107564e-33
1.58865646945  1.41315039048e-33
1.78250187627  1.87585881209e-33
2  3.27655967036e-31
2.2440369086  2.53290183455e-30
2.51785082359  5.29602409265e-30
2.82507508925  8.39629825773e-30
3.16978638492  2.36811181385e-28
3.55655882008  7.24336809965e-28
3.99052462994  2.99052022034e-27
4.47744227714  1.608651123e-26
5.02377286302  5.62317722352e-26
5.63676586253  2.15525053897e-25
6.32455532034  8.03527378374e-25
7.09626778467  2.42574836433e-24
7.96214341107  6.66000626666e-24
8.93367184302  1.53287465251e-23
10.0237446725  2.86034096006e-23
11.2468265038  4.49360997459e-23
12.6191468896  6.3296948063e-23
14.1589156877  8.299978895e-23
15.8865646945  1.02285266801e-22
17.8250187627  1.19081319979e-22
20  1.37583669616e-22
22.440369086  1.58808451531e-22
25.1785082359  1.76020067465e-22
28.2507508925  1.81603352968e-22
31.6978638492  1.82047231831e-22
35.5655882008  1.82346259424e-22
39.9052462994  1.79251237223e-22
44.7744227714  1.75435527174e-22
50.2377286302  1.71953971653e-22
56.3676586253  1.6829721588e-22
63.2455532034  1.64196132438e-22
70.9626778467  1.61588131393e-22
79.6214341107  1.59682472757e-22
89.3367184302  1.57011152186e-22
100.237446725  1.55712765083e-22
112.468265038  1.54985851937e-22
126.191468896  1.54483588329e-22
141.589156877  1.54361748213e-22
158.865646945  1.54283521829e-22
178.250187627  1.54273512821e-22
200  1.54361748213e-22
224.40369086  1.54114737117e-22
251.785082359  1.53825818027e-22
282.507508925  1.53312313149e-22
316.978638492  1.53411588858e-22
355.655882008  1.54386324846e-22
399.052462994  1.56020812172e-22
447.744227714  1.57433162102e-22
502.377286302  1.59071700281e-22
563.676586253  1.62469957139e-22
632.455532034  1.65112007089e-22
709.626778467  1.66525697487e-22
796.214341107  1.67478526805e-22
893.367184302  1.68300470179e-22
1002.37446725  1.69380833514e-22
1124.68265038  1.70037291078e-22
1261.91468896  1.70773848579e-22
1415.89156877  1.71600279687e-22
1588.65646945  1.72051709954e-22
1782.50187627  1.72051709954e-22
2000  1.72051709954e-22
2244.0369086  1.71310676666e-22
2517.85082359  1.70479223641e-22
2825.07508925  1.69546318003e-22
3169.78638492  1.68869295108e-22
3556.55882008  1.68537043935e-22
3990.52462994  1.68164251988e-22
4477.44227714  1.67745972543e-22
5023.77286302  1.67292110171e-22
5636.76586253  1.67164038055e-22
6324.55532034  1.67020338777e-22
7096.26778467  1.66812174856e-22
7962.14341107  1.66209152614e-22
8933.67184302  1.6553255053e-22
10023.7446725  1.64786950448e-22
11246.8265038  1.64633627968e-22
12619.1468896  1.64461597316e-22
14158.9156877  1.64268575749e-22
15886.5646945  1.64052001989e-22
17825.0187627  1.63809002234e-22
20000  1.63536352024e-22

