0.893367184302 20000 88
88
0.893367184302  0
1.00237446725  8.99693758548e-39
1.12468265038  6.60763637112e-38
1.26191468896  1.36892868506e-37
1.41589156877  2.16350293755e-37
1.58865646945  3.05502991216e-37
1.78250187627  4.05533963018e-37
2  8.76431769532e-34
2.2440369086  6.81362314824e-33
2.51785082359  1.42529760807e-32
2.82507508925  2.2600067359e-32
3.16978638492  2.28665569339e-30
3.55655882008  7.14484316392e-30
3.99052462994  6.22294413955e-29
4.47744227714  4.28717511886e-28
5.02377286302  2.34184663754e-27
5.63676586253  1.14924986142e-26
6.32455532034  6.32926651236e-26
7.09626778467  2.20542393527e-25
7.96214341107  6.40989326623e-25
8.93367184302  1.59364756674e-24
10.0237446725  4.44266268791e-24
11.2468265038  1.29737938874e-23
12.6191468896  3.04600542729e-23
14.1589156877  5.33825980326e-23
15.8865646945  7.57691888492e-23
17.8250187627  9.71661624799e-23
20  1.20980773759e-22
22.440369086  1.48380644553e-22
25.1785082359  1.71902969812e-22
28.2507508925  1.87453564443e-22
31.6978638492  2.02975897308e-22
35.5655882008  2.12940502965e-22
39.9052462994  2.04146562383e-22
44.7744227714  2.02040119604e-22
50.2377286302  1.99356169073e-22
56.3676586253  2.00005624132e-22
63.2455532034  1.95547300777e-22
70.9626778467  1.93793074951e-22
79.6214341107  1.91846213361e-22
89.3367184302  1.89080126277e-22
100.237446725  1.88121765265e-22
112.468265038  1.87657670047e-22
126.191468896  1.87044888617e-22
141.589156877  1.86257559772e-22
158.865646945  1.85674131786e-22
178.250187627  1.84439815158e-22
200  1.83010918612e-22
224.40369086  1.81728319977e-22
251.785082359  1.80441070985e-22
282.507508925  1.8143981803e-22
316.978638492  1.82771982623e-22
355.655882008  1.84440773209e-22
399.052462994  1.85851540907e-22
447.744227714  1.86509674251e-22
502.377286302  1.87323178911e-22
563.676586253  1.90595233542e-22
632.455532034  1.93285910744e-22
709.626778467  1.95121742359e-22
796.214341107  1.97561435329e-22
893.367184302  2.0047595554e-22
1002.37446725  2.01495607633e-22
1124.68265038  2.018800499e-22
1261.91468896  2.02311401219e-22
1415.89156877  2.02795385358e-22
1588.65646945  2.03114989666e-22
1782.50187627  2.03235754294e-22
2000  2.03371254435e-22
2244.0369086  2.02865406437e-22
2517.85082359  2.02297835647e-22
2825.07508925  2.01661010747e-22
3169.78638492  2.01079660852e-22
3556.55882008  2.0058132772e-22
3990.52462994  2.00022188748e-22
4477.44227714  1.99394824504e-22
5023.77286302  1.98712553187e-22
5636.76586253  1.98480820545e-22
6324.55532034  1.98220812245e-22
7096.26778467  1.97939391172e-22
7962.14341107  1.97704820203e-22
8933.67184302  1.97441627247e-22
10023.7446725  1.9715127319e-22
11246.8265038  1.97075075861e-22
12619.1468896  1.96989581052e-22
14158.9156877  1.96893654298e-22
15886.5646945  1.9678602271e-22
17825.0187627  1.96665258082e-22
20000  1.9652975794e-22

