0.893367184302 20000 88
88
0.893367184302  0
1.00237446725  2.3461965827e-31
1.12468265038  1.72309697079e-30
1.26191468896  3.56979574166e-30
1.41589156877  5.64182584212e-30
1.58865646945  7.9666818527e-30
1.78250187627  1.05752132002e-29
2  2.07654383615e-28
2.2440369086  1.52692963811e-27
2.51785082359  3.17956660786e-27
2.82507508925  5.03385578617e-27
3.16978638492  3.79476035629e-26
3.55655882008  1.06574704062e-25
3.99052462994  2.52287160076e-25
4.47744227714  8.37564248759e-25
5.02377286302  1.85641855726e-24
5.63676586253  4.40156318275e-24
6.32455532034  8.92556352338e-24
7.09626778467  1.63717725404e-23
7.96214341107  2.76444093894e-23
8.93367184302  4.25521987565e-23
10.0237446725  5.96079630399e-23
11.2468265038  7.67270307118e-23
12.6191468896  9.2016092743e-23
14.1589156877  1.04718101493e-22
15.8865646945  1.15898031073e-22
17.8250187627  1.26018729436e-22
20  1.38219213841e-22
22.440369086  1.52253193746e-22
25.1785082359  1.64781463979e-22
28.2507508925  1.63286548753e-22
31.6978638492  1.59502595855e-22
35.5655882008  1.55273957435e-22
39.9052462994  1.50276842284e-22
44.7744227714  1.46903791658e-22
50.2377286302  1.42931528258e-22
56.3676586253  1.38972189966e-22
63.2455532034  1.35019510719e-22
70.9626778467  1.31756685687e-22
79.6214341107  1.292177079e-22
89.3367184302  1.27537946587e-22
100.237446725  1.25937583937e-22
112.468265038  1.24763935266e-22
126.191468896  1.23760708631e-22
141.589156877  1.23135136395e-22
158.865646945  1.22733493197e-22
178.250187627  1.22682103243e-22
200  1.23135136395e-22
224.40369086  1.22887902622e-22
251.785082359  1.22624765157e-22
282.507508925  1.22558998508e-22
316.978638492  1.23111714318e-22
355.655882008  1.24406711059e-22
399.052462994  1.25536191096e-22
447.744227714  1.27635283133e-22
502.377286302  1.29985621335e-22
563.676586253  1.3204552339e-22
632.455532034  1.3377671523e-22
709.626778467  1.34980443685e-22
796.214341107  1.36249932578e-22
893.367184302  1.3640536965e-22
1002.37446725  1.37431396651e-22
1124.68265038  1.37731581822e-22
1261.91468896  1.38068395123e-22
1415.89156877  1.38446305863e-22
1588.65646945  1.38652736072e-22
1782.50187627  1.38652736072e-22
2000  1.38652736072e-22
2244.0369086  1.37911034753e-22
2517.85082359  1.37078832186e-22
2825.07508925  1.36145085547e-22
3169.78638492  1.35219755576e-22
3556.55882008  1.34322953073e-22
3990.52462994  1.33316724115e-22
4477.44227714  1.32187716654e-22
5023.77286302  1.30975435047e-22
5636.76586253  1.30959032333e-22
6324.55532034  1.30940628184e-22
7096.26778467  1.30913967788e-22
7962.14341107  1.30836736287e-22
8933.67184302  1.30750081118e-22
10023.7446725  1.30654589096e-22
11246.8265038  1.30634952465e-22
12619.1468896  1.30612919802e-22
14158.9156877  1.30588198748e-22
15886.5646945  1.3056046127e-22
17825.0187627  1.30529339307e-22
20000  1.3049441989e-22

