0.893367184302 20000 88
88
0.893367184302  0
1.00237446725  6.6018602284e-30
1.12468265038  4.84736471515e-29
1.26191468896  1.0042024708e-28
1.41589156877  1.58705290837e-28
1.58865646945  2.24102185543e-28
1.78250187627  2.97478708257e-28
2  1.89667158644e-27
2.2440369086  1.2270553451e-26
2.51785082359  2.52570467819e-26
2.82507508925  3.98281319558e-26
3.16978638492  1.77460626701e-25
3.55655882008  4.56569131555e-25
3.99052462994  9.60780299185e-25
4.47744227714  2.69923700294e-24
5.02377286302  5.49060267324e-24
5.63676586253  1.17179168703e-23
6.32455532034  2.08752435743e-23
7.09626778467  3.30489746228e-23
7.96214341107  4.62327302176e-23
8.93367184302  5.91132104794e-23
10.0237446725  7.10946600372e-23
11.2468265038  8.24733803636e-23
12.6191468896  9.37641631618e-23
14.1589156877  1.04198474844e-22
15.8865646945  1.12682801713e-22
17.8250187627  1.19486188743e-22
20  1.29532740353e-22
22.440369086  1.41264497918e-22
25.1785082359  1.50424400116e-22
28.2507508925  1.46412772952e-22
31.6978638492  1.39390565526e-22
35.5655882008  1.32121646841e-22
39.9052462994  1.30428011536e-22
44.7744227714  1.26622647438e-22
50.2377286302  1.21562226629e-22
56.3676586253  1.17560500597e-22
63.2455532034  1.13653771482e-22
70.9626778467  1.10500736764e-22
79.6214341107  1.07702344681e-22
89.3367184302  1.05607767053e-22
100.237446725  1.03476959147e-22
112.468265038  1.03367842209e-22
126.191468896  1.03190173957e-22
141.589156877  1.02943789031e-22
158.865646945  1.02943789031e-22
178.250187627  1.02943789031e-22
200  1.02532256239e-22
224.40369086  1.0222745256e-22
251.785082359  1.01907753001e-22
282.507508925  1.01907753001e-22
316.978638492  1.01900326708e-22
355.655882008  1.01970975888e-22
399.052462994  1.02623874858e-22
447.744227714  1.0494537949e-22
502.377286302  1.07534070016e-22
563.676586253  1.09169387668e-22
632.455532034  1.1064371435e-22
709.626778467  1.11791736976e-22
796.214341107  1.12658907156e-22
893.367184302  1.13631888102e-22
1002.37446725  1.14387496629e-22
1124.68265038  1.14902808649e-22
1261.91468896  1.15480998245e-22
1415.89156877  1.16129737642e-22
1588.65646945  1.16651989137e-22
1782.50187627  1.1701906305e-22
2000  1.17430926755e-22
2244.0369086  1.16928780803e-22
2517.85082359  1.16365363778e-22
2825.07508925  1.15733199479e-22
3169.78638492  1.15044321776e-22
3556.55882008  1.14294995975e-22
3990.52462994  1.13454238599e-22
4477.44227714  1.12510893307e-22
5023.77286302  1.11482592913e-22
5636.76586253  1.11072432791e-22
6324.55532034  1.10612225566e-22
7096.26778467  1.10145262409e-22
7962.14341107  1.10010202187e-22
8933.67184302  1.09858662126e-22
10023.7446725  1.09690086905e-22
11246.8265038  1.09574282914e-22
12619.1468896  1.09444348699e-22
14158.9156877  1.09298560113e-22
15886.5646945  1.09134982628e-22
17825.0187627  1.08951445671e-22
20000  1.08745513819e-22

