0.893367184302 20000 88
88
0.893367184302  0
1.00237446725  5.71496281572e-36
1.12468265038  4.19724998668e-35
1.26191468896  8.69559942834e-35
1.41589156877  1.37428305158e-34
1.58865646945  1.9405916939e-34
1.78250187627  2.57600044142e-34
2  8.18264241152e-32
2.2440369086  6.34307874763e-31
2.51785082359  1.32656304029e-30
2.82507508925  2.10328611109e-30
3.16978638492  8.49329629483e-29
3.55655882008  2.62124357156e-28
3.99052462994  1.27721756251e-27
4.47744227714  7.42699858025e-27
5.02377286302  2.88355488425e-26
5.63676586253  1.18811597097e-25
6.32455532034  4.90678143037e-25
7.09626778467  1.58666023304e-24
7.96214341107  4.64391608947e-24
8.93367184302  1.13772485213e-23
10.0237446725  2.26888214104e-23
11.2468265038  3.82389458673e-23
12.6191468896  5.73759441255e-23
14.1589156877  7.85533374596e-23
15.8865646945  9.90170913779e-23
17.8250187627  1.16849413267e-22
20  1.3630663134e-22
22.440369086  1.58636107728e-22
25.1785082359  1.76643040506e-22
28.2507508925  1.84058942351e-22
31.6978638492  1.86372383857e-22
35.5655882008  1.88262275043e-22
39.9052462994  1.85329448831e-22
44.7744227714  1.81623026834e-22
50.2377286302  1.7829703704e-22
56.3676586253  1.74586648293e-22
63.2455532034  1.70560404787e-22
70.9626778467  1.67975135569e-22
79.6214341107  1.6632370405e-22
89.3367184302  1.63624387707e-22
100.237446725  1.62329799874e-22
112.468265038  1.6166018851e-22
126.191468896  1.61262426847e-22
141.589156877  1.61317415597e-22
158.865646945  1.61436292963e-22
178.250187627  1.61350311324e-22
200  1.61247841993e-22
224.40369086  1.60934642936e-22
251.785082359  1.6057713794e-22
282.507508925  1.60078032992e-22
316.978638492  1.60133677955e-22
355.655882008  1.61010331028e-22
399.052462994  1.62665683817e-22
447.744227714  1.6382882609e-22
502.377286302  1.65208421044e-22
563.676586253  1.68975711022e-22
632.455532034  1.71857636116e-22
709.626778467  1.73319459044e-22
796.214341107  1.74308349905e-22
893.367184302  1.75461891542e-22
1002.37446725  1.7650842072e-22
1124.68265038  1.77231282523e-22
1261.91468896  1.78042346805e-22
1415.89156877  1.78952375898e-22
1588.65646945  1.79449470782e-22
1782.50187627  1.79449470782e-22
2000  1.79449470782e-22
2244.0369086  1.78716824078e-22
2517.85082359  1.77894780954e-22
2825.07508925  1.769724334e-22
3169.78638492  1.7633832183e-22
3556.55882008  1.76090128303e-22
3990.52462994  1.75811650587e-22
4477.44227714  1.75499193449e-22
5023.77286302  1.75156798351e-22
5636.76586253  1.74974558127e-22
6324.55532034  1.74770081232e-22
7096.26778467  1.74495039754e-22
7962.14341107  1.73827340176e-22
8933.67184302  1.73078168927e-22
10023.7446725  1.72252666399e-22
11246.8265038  1.72086356634e-22
12619.1468896  1.71899754007e-22
14158.9156877  1.71690382417e-22
15886.5646945  1.71455463629e-22
17825.0187627  1.71191880413e-22
20000  1.70896135181e-22

