1.78250187627 20000 82
82
1.78250187627  0
2  1.11322632559e-39
2.2440369086  8.6588273324e-39
2.51785082359  1.81135526175e-38
2.82507508925  2.87219288677e-38
3.16978638492  1.54227276018e-34
3.55655882008  4.85748464173e-34
3.99052462994  8.05148800099e-34
4.47744227714  8.40744868056e-34
5.02377286302  8.25637904573e-34
5.63676586253  8.08687612756e-34
6.32455532034  7.89669072531e-34
7.09626778467  7.68329919426e-34
7.96214341107  7.44386995842e-34
8.93367184302  7.17522593731e-34
10.0237446725  6.87380238799e-34
11.2468265038  6.53559960309e-34
12.6191468896  6.15612983713e-34
14.1589156877  5.73035775688e-34
15.8865646945  5.25263362551e-34
17.8250187627  4.71661833405e-34
20  7.05714461021e-23
22.440369086  1.56681633814e-22
25.1785082359  2.18511303722e-22
28.2507508925  2.32885772646e-22
31.6978638492  2.44746720679e-22
35.5655882008  2.54362895783e-22
39.9052462994  2.61972881147e-22
44.7744227714  2.67788596633e-22
50.2377286302  2.71998513346e-22
56.3676586253  2.74770626265e-22
63.2455532034  2.76255230933e-22
70.9626778467  2.76587551063e-22
79.6214341107  2.75890264026e-22
89.3367184302  2.74275969567e-22
100.237446725  2.7184964212e-22
112.468265038  2.68711095759e-22
126.191468896  2.64957469194e-22
141.589156877  2.606857004e-22
158.865646945  2.55994900299e-22
178.250187627  2.50988447161e-22
200  2.45775509354e-22
224.40369086  2.40471579263e-22
251.785082359  2.35197505974e-22
282.507508925  2.3007652041e-22
316.978638492  2.25359793595e-22
355.655882008  2.20887140899e-22
399.052462994  2.1688967754e-22
447.744227714  2.13430312428e-22
502.377286302  2.10538268608e-22
563.676586253  2.08207042507e-22
632.455532034  2.06397492476e-22
709.626778467  2.05046181693e-22
796.214341107  2.04123006106e-22
893.367184302  2.03143029489e-22
1002.37446725  2.03657887499e-22
1124.68265038  2.04754628569e-22
1261.91468896  2.06436040247e-22
1415.89156877  2.10849125469e-22
1588.65646945  2.16003982283e-22
1782.50187627  2.19996695284e-22
2000  2.23174068805e-22
2244.0369086  2.25570409474e-22
2517.85082359  2.27406881671e-22
2825.07508925  2.28705429951e-22
3169.78638492  2.29579309708e-22
3556.55882008  2.30117099654e-22
3990.52462994  2.30389610596e-22
4477.44227714  2.30454377976e-22
5023.77286302  2.30358655147e-22
5636.76586253  2.30141456266e-22
6324.55532034  2.29834993705e-22
7096.26778467  2.29465733002e-22
7962.14341107  2.29055210478e-22
8933.67184302  2.28620706095e-22
10023.7446725  2.28175827822e-22
11246.8265038  2.2773103876e-22
12619.1468896  2.27294141721e-22
14158.9156877  2.26870725775e-22
15886.5646945  2.26464573912e-22
17825.0187627  2.26078028947e-22
20000  2.2571231502e-22

