0.893367184302 20000 88
88
0.893367184302  0
1.00237446725  1.94945913563e-40
1.12468265038  1.43174463158e-39
1.26191468896  2.96619878239e-39
1.41589156877  4.68788465687e-39
1.58865646945  6.61964798056e-39
1.78250187627  8.78712207908e-39
2  2.19396157757e-34
2.2440369086  1.70642014726e-33
2.51785082359  3.56967803797e-33
2.82507508925  5.66028777646e-33
3.16978638492  2.53695796382e-30
3.55655882008  7.97694377711e-30
3.99052462994  1.37414287389e-28
4.47744227714  1.03974487722e-27
5.02377286302  8.60436529596e-27
5.63676586253  4.81188547496e-26
6.32455532034  3.84412092838e-25
7.09626778467  1.8453963685e-24
7.96214341107  7.29484530041e-24
8.93367184302  2.1261562947e-23
10.0237446725  4.37980672109e-23
11.2468265038  7.00540890037e-23
12.6191468896  9.56122379099e-23
14.1589156877  1.18466787145e-22
15.8865646945  1.38281563015e-22
17.8250187627  1.55368135541e-22
20  1.73207213143e-22
22.440369086  1.93592299719e-22
25.1785082359  2.10548150187e-22
28.2507508925  2.18695449514e-22
31.6978638492  2.25182066013e-22
35.5655882008  2.3018220967e-22
39.9052462994  2.33850515942e-22
44.7744227714  2.36324366781e-22
50.2377286302  2.37726034771e-22
56.3676586253  2.38164682491e-22
63.2455532034  2.37738250411e-22
70.9626778467  2.36535267651e-22
79.6214341107  2.34636620341e-22
89.3367184302  2.32117311237e-22
100.237446725  2.29048240285e-22
112.468265038  2.25498026494e-22
126.191468896  2.21534873353e-22
141.589156877  2.17228448305e-22
158.865646945  2.1265169624e-22
178.250187627  2.07882433393e-22
200  2.03004472583e-22
224.40369086  1.98107926739e-22
251.785082359  1.93288259091e-22
282.507508925  1.88643655328e-22
316.978638492  1.84380887841e-22
355.655882008  1.80360013356e-22
399.052462994  1.76772031665e-22
447.744227714  1.73666301599e-22
502.377286302  1.71064166068e-22
563.676586253  1.68957190385e-22
632.455532034  1.67309721059e-22
709.626778467  1.66065871263e-22
796.214341107  1.65197913731e-22
893.367184302  1.64285727241e-22
1002.37446725  1.6465371497e-22
1124.68265038  1.65520030734e-22
1261.91468896  1.66886460664e-22
1415.89156877  1.70556740144e-22
1588.65646945  1.74860709045e-22
1782.50187627  1.78195990104e-22
2000  1.80852263076e-22
2244.0369086  1.82853981723e-22
2517.85082359  1.84387266286e-22
2825.07508925  1.85468421178e-22
3169.78638492  1.86192657863e-22
3556.55882008  1.86634459218e-22
3990.52462994  1.86853376415e-22
4477.44227714  1.86897802236e-22
5023.77286302  1.86807486398e-22
5636.76586253  1.86615252389e-22
6324.55532034  1.86348205213e-22
7096.26778467  1.86028617494e-22
7962.14341107  1.85674616057e-22
8933.67184302  1.8530074692e-22
10023.7446725  1.84918466057e-22
11246.8265038  1.84536582233e-22
12619.1468896  1.8416166426e-22
14158.9156877  1.83798416425e-22
15886.5646945  1.8345002136e-22
17825.0187627  1.83118447905e-22
20000  1.82804721695e-22

