1.78250187627 20000 82
82
1.78250187627  0
2  1.20561193304e-37
2.2440369086  9.37741528217e-37
2.51785082359  1.96167793408e-36
2.82507508925  3.11055347749e-36
3.16978638492  7.28597990942e-33
3.55655882008  2.29431324077e-32
3.99052462994  1.1688885881e-30
4.47744227714  9.38136273988e-30
5.02377286302  1.6337406419e-28
5.63676586253  1.02980569368e-27
6.32455532034  1.5508642919e-26
7.09626778467  1.19563244793e-25
7.96214341107  7.60149781849e-25
8.93367184302  3.9764074647e-24
10.0237446725  1.49454702663e-23
11.2468265038  3.75505221583e-23
12.6191468896  6.67900189322e-23
14.1589156877  9.53992143542e-23
15.8865646945  1.21052259784e-22
17.8250187627  1.43831598786e-22
20  1.67480844329e-22
22.440369086  1.94509355947e-22
25.1785082359  2.17268588441e-22
28.2507508925  2.28792715796e-22
31.6978638492  2.38188267815e-22
35.5655882008  2.45681221344e-22
39.9052462994  2.51472179184e-22
44.7744227714  2.55739338857e-22
50.2377286302  2.58641224607e-22
56.3676586253  2.60319221812e-22
63.2455532034  2.60899954197e-22
70.9626778467  2.60497545145e-22
79.6214341107  2.59215804671e-22
89.3367184302  2.57150382256e-22
100.237446725  2.54390921189e-22
112.468265038  2.51023239579e-22
126.191468896  2.4713154301e-22
141.589156877  2.42800638517e-22
158.865646945  2.38118063321e-22
178.250187627  2.33175959894e-22
200  2.28072422512e-22
224.40369086  2.22911924351e-22
251.785082359  2.17804345943e-22
282.507508925  2.12862132621e-22
316.978638492  2.0831784059e-22
355.655882008  2.04018980477e-22
399.052462994  2.00179885635e-22
447.744227714  1.96857524321e-22
502.377286302  1.94077546283e-22
563.676586253  1.91832364934e-22
632.455532034  1.90084035084e-22
709.626778467  1.88772041133e-22
796.214341107  1.87867140117e-22
893.367184302  1.8691166135e-22
1002.37446725  1.87362367506e-22
1124.68265038  1.88360917941e-22
1261.91468896  1.89909587626e-22
1415.89156877  1.94014450371e-22
1588.65646945  1.98816558011e-22
1782.50187627  2.02535835788e-22
2000  2.05495735535e-22
2244.0369086  2.07726816884e-22
2517.85082359  2.09435811794e-22
2825.07508925  2.10642482455e-22
3169.78638492  2.1145264725e-22
3556.55882008  2.119490676e-22
3990.52462994  2.12197901587e-22
4477.44227714  2.12252901921e-22
5023.77286302  2.12158213393e-22
5636.76586253  2.11950282182e-22
6324.55532034  2.11659199148e-22
7096.26778467  2.11309685599e-22
7962.14341107  2.10921857177e-22
8933.67184302  2.10511852463e-22
10023.7446725  2.1009237889e-22
11246.8265038  2.09673205213e-22
12619.1468896  2.09261614245e-22
14158.9156877  2.088628201e-22
15886.5646945  2.08480349118e-22
17825.0187627  2.08116381806e-22
20000  2.0777205329e-22

