0.893367184302 20000 88
88
0.893367184302  0
1.00237446725  4.01497211191e-40
1.12468265038  2.94872288527e-39
1.26191468896  6.10897924043e-39
1.41589156877  9.65484519124e-39
1.58865646945  1.36333722245e-38
1.78250187627  1.80973529768e-38
2  3.72581856484e-34
2.2440369086  2.89784188142e-33
2.51785082359  6.06202114731e-33
2.82507508925  9.61228867636e-33
3.16978638492  3.81521705687e-30
3.55655882008  1.19933334497e-29
3.99052462994  1.88936396058e-28
4.47744227714  1.41732999026e-27
5.02377286302  1.09885711901e-26
5.63676586253  6.04556246191e-26
6.32455532034  4.57848977259e-25
7.09626778467  2.13444055668e-24
7.96214341107  8.2135617522e-24
8.93367184302  2.31666125284e-23
10.0237446725  4.61137544901e-23
11.2468265038  7.19566686128e-23
12.6191468896  9.68615667987e-23
14.1589156877  1.19254353329e-22
15.8865646945  1.38752741176e-22
17.8250187627  1.55453791435e-22
20  1.72990203104e-22
22.440369086  1.93035642601e-22
25.1785082359  2.09667529285e-22
28.2507508925  2.17583735042e-22
31.6978638492  2.23872228024e-22
35.5655882008  2.28703590018e-22
39.9052462994  2.32229234536e-22
44.7744227714  2.34583682237e-22
50.2377286302  2.35886663572e-22
56.3676586253  2.36245080262e-22
63.2455532034  2.3575485841e-22
70.9626778467  2.34502727057e-22
79.6214341107  2.32567956424e-22
89.3367184302  2.30024089004e-22
100.237446725  2.2694069278e-22
112.468265038  2.23385156575e-22
126.191468896  2.19424529609e-22
141.589156877  2.15127375937e-22
158.865646945  2.10565564341e-22
178.250187627  2.05815841402e-22
200  2.00960940927e-22
224.40369086  1.96089879929e-22
251.785082359  1.91297013479e-22
282.507508925  1.86679427607e-22
316.978638492  1.82441791729e-22
355.655882008  1.7844538068e-22
399.052462994  1.74879289449e-22
447.744227714  1.71792327054e-22
502.377286302  1.69205556771e-22
563.676586253  1.67110543294e-22
632.455532034  1.65471880967e-22
709.626778467  1.64234109687e-22
796.214341107  1.63369644091e-22
893.367184302  1.62461167523e-22
1002.37446725  1.62822674369e-22
1124.68265038  1.63678345861e-22
1261.91468896  1.65029952815e-22
1415.89156877  1.68664098932e-22
1588.65646945  1.72926710032e-22
1782.50187627  1.7623041359e-22
2000  1.78861985534e-22
2244.0369086  1.808452157e-22
2517.85082359  1.82364499472e-22
2825.07508925  1.83435779747e-22
3169.78638492  1.84153380112e-22
3556.55882008  1.84591092762e-22
3990.52462994  1.84807919498e-22
4477.44227714  1.84851808962e-22
5023.77286302  1.8476214801e-22
5636.76586253  1.84571462196e-22
6324.55532034  1.84306611988e-22
7096.26778467  1.83989670391e-22
7962.14341107  1.83638602939e-22
8933.67184302  1.83267827285e-22
10023.7446725  1.82888699281e-22
11246.8265038  1.82509951621e-22
12619.1468896  1.82138097255e-22
14158.9156877  1.81777801322e-22
15886.5646945  1.81432220824e-22
17825.0187627  1.81103309654e-22
20000  1.807920867e-22

