0.893367184302 20000 88
88
0.893367184302  0
1.00237446725  5.81872945516e-36
1.12468265038  4.27345949845e-35
1.26191468896  8.85348551782e-35
1.41589156877  1.39923592327e-34
1.58865646945  1.97582703752e-34
1.78250187627  2.62277290829e-34
2  3.66431399947e-31
2.2440369086  2.84796546047e-30
2.51785082359  5.95734565484e-30
2.82507508925  9.44612761437e-30
3.16978638492  7.61164150872e-28
3.55655882008  2.3733655736e-27
3.99052462994  1.45859112678e-26
4.47744227714  9.21524640721e-26
5.02377286302  3.80189890246e-25
5.63676586253  1.62172926161e-24
6.32455532034  6.04514657845e-24
7.09626778467  1.61351637012e-23
7.96214341107  3.46212574812e-23
8.93367184302  5.75563264154e-23
10.0237446725  8.06546122285e-23
11.2468265038  1.01809842488e-22
12.6191468896  1.20463444099e-22
14.1589156877  1.36756392187e-22
15.8865646945  1.50894553893e-22
17.8250187627  1.62993742158e-22
20  1.75674360674e-22
22.440369086  1.90179011065e-22
25.1785082359  2.01991374375e-22
28.2507508925  2.07139531905e-22
31.6978638492  2.11048578827e-22
35.5655882008  2.13846122535e-22
39.9052462994  2.15645427718e-22
44.7744227714  2.16547151755e-22
50.2377286302  2.16640957536e-22
56.3676586253  2.16007029302e-22
63.2455532034  2.14717518367e-22
70.9626778467  2.12837946635e-22
79.6214341107  2.10428596385e-22
89.3367184302  2.07545913923e-22
100.237446725  2.04243951218e-22
112.468265038  2.00575861254e-22
126.191468896  1.96595446425e-22
141.589156877  1.92358730691e-22
158.865646945  1.8792548057e-22
178.250187627  1.83360533911e-22
200  1.7873470994e-22
224.40369086  1.74124981726e-22
251.785082359  1.69613523744e-22
282.507508925  1.65285256958e-22
316.978638492  1.61323441492e-22
355.655882008  1.57598198738e-22
399.052462994  1.54279056344e-22
447.744227714  1.51407741854e-22
502.377286302  1.4900101515e-22
563.676586253  1.470491443e-22
632.455532034  1.45518253285e-22
709.626778467  1.4435661964e-22
796.214341107  1.4353816961e-22
893.367184302  1.42685154399e-22
1002.37446725  1.42985537579e-22
1124.68265038  1.43736758553e-22
1261.91468896  1.44939938435e-22
1415.89156877  1.48215736488e-22
1588.65646945  1.52063436451e-22
1782.50187627  1.55042545498e-22
2000  1.57413037301e-22
2244.0369086  1.59196852106e-22
2517.85082359  1.60561063417e-22
2825.07508925  1.61520292636e-22
3169.78638492  1.62159996077e-22
3556.55882008  1.62547015191e-22
3990.52462994  1.6273477963e-22
4477.44227714  1.62766695539e-22
5023.77286302  1.62678405035e-22
5636.76586253  1.62499328887e-22
6324.55532034  1.62253752042e-22
7096.26778467  1.61961620241e-22
7962.14341107  1.61639157365e-22
8933.67184302  1.61299373482e-22
10023.7446725  1.60952506113e-22
11246.8265038  1.60606418342e-22
12619.1468896  1.60266964848e-22
14158.9156877  1.59938329238e-22
15886.5646945  1.59623332038e-22
17825.0187627  1.59323707143e-22
20000  1.59040344724e-22

