0.893367184302 20000 88
88
0.893367184302  0
1.00237446725  7.58427743868e-34
1.12468265038  5.57013394573e-33
1.26191468896  1.15398543589e-32
1.41589156877  1.82379908295e-32
1.58865646945  2.5753423559e-32
1.78250187627  3.41858777736e-32
2  1.04601135968e-29
2.2440369086  8.10749697066e-29
2.51785082359  1.69554810086e-28
2.82507508925  2.68830823825e-28
3.16978638492  8.88129596159e-27
3.55655882008  2.72839498185e-26
3.99052462994  1.0943579237e-25
4.47744227714  5.79157944397e-25
5.02377286302  1.7874383644e-24
5.63676586253  6.12289612887e-24
6.32455532034  1.56327163215e-23
7.09626778467  3.18509410513e-23
7.96214341107  5.27118887575e-23
8.93367184302  7.397369706e-23
10.0237446725  9.36928857992e-23
11.2468265038  1.1111316308e-22
12.6191468896  1.26323102704e-22
14.1589156877  1.39411240058e-22
15.8865646945  1.50670561796e-22
17.8250187627  1.60202826088e-22
20  1.68959111888e-22
22.440369086  1.78867146901e-22
25.1785082359  1.87085796681e-22
28.2507508925  1.90830803564e-22
31.6978638492  1.93558801966e-22
35.5655882008  1.95373396024e-22
39.9052462994  1.96366530763e-22
44.7744227714  1.9661992063e-22
50.2377286302  1.96206380981e-22
56.3676586253  1.95191084429e-22
63.2455532034  1.93632765069e-22
70.9626778467  1.91584894659e-22
79.6214341107  1.89096855306e-22
89.3367184302  1.86215132572e-22
100.237446725  1.82984549846e-22
112.468265038  1.79449557472e-22
126.191468896  1.75655575625e-22
141.589156877  1.71650364607e-22
158.865646945  1.67485355771e-22
178.250187627  1.63216817542e-22
200  1.58906654973e-22
224.40369086  1.54622558517e-22
251.785082359  1.5043715548e-22
282.507508925  1.46425823364e-22
316.978638492  1.42751131348e-22
355.655882008  1.39299132935e-22
399.052462994  1.36220585123e-22
447.744227714  1.33553241891e-22
502.377286302  1.3131255916e-22
563.676586253  1.29490175889e-22
632.455532034  1.28055868516e-22
709.626778467  1.26963081265e-22
796.214341107  1.26187473428e-22
893.367184302  1.25373268965e-22
1002.37446725  1.25614625607e-22
1124.68265038  1.26263509715e-22
1261.91468896  1.27321388085e-22
1415.89156877  1.30227680833e-22
1588.65646945  1.33653829999e-22
1782.50187627  1.36317286063e-22
2000  1.38446425895e-22
2244.0369086  1.40053149859e-22
2517.85082359  1.4128669374e-22
2825.07508925  1.42156431596e-22
3169.78638492  1.4273862734e-22
3556.55882008  1.43093018669e-22
3990.52462994  1.43267422934e-22
4477.44227714  1.43300741156e-22
5023.77286302  1.4322496249e-22
5636.76586253  1.43066532642e-22
6324.55532034  1.42847316227e-22
7096.26778467  1.4258530258e-22
7962.14341107  1.42295152628e-22
8933.67184302  1.41988649156e-22
10023.7446725  1.41675088361e-22
11246.8265038  1.41361633662e-22
12619.1468896  1.41053641552e-22
14158.9156877  1.4075496242e-22
15886.5646945  1.40468215628e-22
17825.0187627  1.40195036815e-22
20000  1.39936295514e-22

