0.893367184302 20000 88
88
0.893367184302  0
1.00237446725  9.6675672618e-32
1.12468265038  7.10016807969e-31
1.26191468896  1.47096831713e-30
1.41589156877  2.32476995324e-30
1.58865646945  3.28275114527e-30
1.78250187627  4.3576237216e-30
2  2.94773041451e-28
2.2440369086  2.2564272183e-27
2.51785082359  4.71422531986e-27
2.82507508925  7.47192014675e-27
3.16978638492  1.03196717412e-25
3.55655882008  3.05828191638e-25
3.99052462994  8.52618823156e-25
4.47744227714  3.426988603e-24
5.02377286302  7.94778397378e-24
5.63676586253  1.92897429309e-23
6.32455532034  3.50135555054e-23
7.09626778467  5.45417975865e-23
7.96214341107  7.39850295409e-23
8.93367184302  9.16862245671e-23
10.0237446725  1.07345833042e-22
11.2468265038  1.20976544117e-22
12.6191468896  1.32664743126e-22
14.1589156877  1.42759858907e-22
15.8865646945  1.51320466211e-22
17.8250187627  1.5858116546e-22
20  1.65541826212e-22
22.440369086  1.7343415507e-22
25.1785082359  1.79790232362e-22
28.2507508925  1.82297764586e-22
31.6978638492  1.83970801598e-22
35.5655882008  1.84892894733e-22
39.9052462994  1.85138194044e-22
44.7744227714  1.84772622285e-22
50.2377286302  1.83854975148e-22
56.3676586253  1.82437966677e-22
63.2455532034  1.8056923999e-22
70.9626778467  1.78292364411e-22
79.6214341107  1.75647840688e-22
89.3367184302  1.72674135374e-22
100.237446725  1.69408762565e-22
112.468265038  1.65889424247e-22
126.191468896  1.62155206806e-22
141.589156877  1.58247807354e-22
158.865646945  1.54212725476e-22
178.250187627  1.50100300919e-22
200  1.45966406802e-22
224.40369086  1.41872531331e-22
251.785082359  1.37884924538e-22
282.507508925  1.34072494969e-22
316.978638492  1.30586171059e-22
355.655882008  1.27316885932e-22
399.052462994  1.24404620129e-22
447.744227714  1.21883173279e-22
502.377286302  1.19765583544e-22
563.676586253  1.18042775684e-22
632.455532034  1.16685447182e-22
709.626778467  1.15649271345e-22
796.214341107  1.14910986253e-22
893.367184302  1.14140282153e-22
1002.37446725  1.14354570653e-22
1124.68265038  1.14950736406e-22
1261.91468896  1.15929876004e-22
1415.89156877  1.18639074968e-22
1588.65646945  1.21834810082e-22
1782.50187627  1.24316709642e-22
2000  1.26298521987e-22
2244.0369086  1.27792287354e-22
2517.85082359  1.28937449706e-22
2825.07508925  1.29743223282e-22
3169.78638492  1.30280889741e-22
3556.55882008  1.30606275928e-22
3990.52462994  1.30764058891e-22
4477.44227714  1.30790574492e-22
5023.77286302  1.30715692109e-22
5636.76586253  1.30564094988e-22
6324.55532034  1.30356181065e-22
7096.26778467  1.30108723947e-22
7962.14341107  1.29835385233e-22
8933.67184302  1.2954713641e-22
10023.7446725  1.29252625708e-22
11246.8265038  1.28958509524e-22
12619.1468896  1.28669757544e-22
14158.9156877  1.28389934316e-22
15886.5646945  1.28121456606e-22
17825.0187627  1.27865824667e-22
20000  1.27623825664e-22

