0.893367184302 20000 88
88
0.893367184302  0
1.00237446725  1.99555291493e-31
1.12468265038  1.46559736532e-30
1.26191468896  3.03633275418e-30
1.41589156877  4.79872684731e-30
1.58865646945  6.77616554355e-30
1.78250187627  8.99488825298e-30
2  5.0178056614e-28
2.2440369086  3.82786899306e-27
2.51785082359  7.99513034923e-27
2.82507508925  1.26708744947e-26
3.16978638492  1.5447238018e-25
3.55655882008  4.539583331e-25
3.99052462994  1.18771521394e-24
4.47744227714  4.45246648483e-24
5.02377286302  9.84897874347e-24
5.63676586253  2.22659367128e-23
6.32455532034  3.87070808754e-23
7.09626778467  5.8386419587e-23
7.96214341107  7.76469855981e-23
8.93367184302  9.5080142084e-23
10.0237446725  1.10372502733e-22
11.2468265038  1.23610551427e-22
12.6191468896  1.34779481067e-22
14.1589156877  1.44394613143e-22
15.8865646945  1.52491125776e-22
17.8250187627  1.59390792351e-22
20  1.65365767964e-22
22.440369086  1.72075827624e-22
25.1785082359  1.7759679086e-22
28.2507508925  1.79934855346e-22
31.6978638492  1.81466173994e-22
35.5655882008  1.82271308699e-22
39.9052462994  1.82421755337e-22
44.7744227714  1.81981079228e-22
50.2377286302  1.81005980042e-22
56.3676586253  1.79547304622e-22
63.2455532034  1.77651027333e-22
70.9626778467  1.75359218557e-22
79.6214341107  1.72711022507e-22
89.3367184302  1.69743664937e-22
100.237446725  1.66493508516e-22
112.468265038  1.6299716682e-22
126.191468896  1.59292674385e-22
141.589156877  1.55420686849e-22
158.865646945  1.51425647725e-22
178.250187627  1.47356804304e-22
200  1.43268885394e-22
224.40369086  1.39222178362e-22
251.785082359  1.3528168741e-22
282.507508925  1.31515063145e-22
316.978638492  1.28070542517e-22
355.655882008  1.24841022002e-22
399.052462994  1.21964019945e-22
447.744227714  1.19472758906e-22
502.377286302  1.1738005051e-22
563.676586253  1.15676953265e-22
632.455532034  1.14334615002e-22
709.626778467  1.13309380107e-22
796.214341107  1.12578239102e-22
893.367184302  1.11814493288e-22
1002.37446725  1.12021872533e-22
1124.68265038  1.12605251445e-22
1261.91468896  1.13565753568e-22
1415.89156877  1.16226931447e-22
1588.65646945  1.19367500053e-22
1782.50187627  1.21807698347e-22
2000  1.23757247382e-22
2244.0369086  1.25227150787e-22
2517.85082359  1.26354500135e-22
2825.07508925  1.27147956187e-22
3169.78638492  1.276775928e-22
3556.55882008  1.27998301173e-22
3990.52462994  1.28154017212e-22
4477.44227714  1.28180480077e-22
5023.77286302  1.28107073667e-22
5636.76586253  1.27958084299e-22
6324.55532034  1.2775358556e-22
7096.26778467  1.27510087541e-22
7962.14341107  1.27241040063e-22
8933.67184302  1.26957247124e-22
10023.7446725  1.26667227338e-22
11246.8265038  1.26377539623e-22
12619.1468896  1.26093083111e-22
14158.9156877  1.25817373951e-22
15886.5646945  1.2555279837e-22
17825.0187627  1.25300840103e-22
20000  1.25062280479e-22

