1.78250187627 20000 82
82
1.78250187627  0
2  3.87789881573e-40
2.2440369086  3.01628298632e-39
2.51785082359  6.3098152307e-39
2.82507508925  1.00052191887e-38
3.16978638492  8.20898100677e-35
3.55655882008  2.58560605615e-34
3.99052462994  3.17474106764e-32
4.47744227714  2.59161677871e-31
5.02377286302  4.89276184269e-31
5.63676586253  4.68233478438e-31
6.32455532034  4.07769353899e-31
7.09626778467  3.39927490343e-31
7.96214341107  2.63807667459e-31
8.93367184302  1.78399821445e-31
10.0237446725  8.25706420743e-32
11.2468265038  1.07787271038e-24
12.6191468896  1.65216411917e-23
14.1589156877  4.12828950868e-23
15.8865646945  6.3773154314e-23
17.8250187627  8.75636331692e-23
20  1.30728573819e-22
22.440369086  1.81659154515e-22
25.1785082359  2.20911759177e-22
28.2507508925  2.3507842218e-22
31.6978638492  2.46754224708e-22
35.5655882008  2.56205252074e-22
39.9052462994  2.63667728711e-22
44.7744227714  2.69351486976e-22
50.2377286302  2.73443153005e-22
56.3676586253  2.76109094221e-22
63.2455532034  2.77498174246e-22
70.9626778467  2.77744361842e-22
79.6214341107  2.76969240644e-22
89.3367184302  2.75284464843e-22
100.237446725  2.72794200959e-22
112.468265038  2.69597584434e-22
126.191468896  2.65791197954e-22
141.589156877  2.61471540312e-22
158.865646945  2.56737393995e-22
178.250187627  2.51691911368e-22
200  2.46444124733e-22
224.40369086  2.41109460322e-22
251.785082359  2.35808741508e-22
282.507508925  2.30665174223e-22
316.978638492  2.2593090782e-22
355.655882008  2.21443404665e-22
399.052462994  2.17434629718e-22
447.744227714  2.13967049234e-22
502.377286302  2.1106931921e-22
563.676586253  2.08734293115e-22
632.455532034  2.06922178278e-22
709.626778467  2.05568952967e-22
796.214341107  2.04644371051e-22
893.367184302  2.03666048942e-22
1002.37446725  2.04183834294e-22
1124.68265038  2.05285811964e-22
1261.91468896  2.06974538197e-22
1415.89156877  2.11409993561e-22
1588.65646945  2.16589002388e-22
1782.50187627  2.20596866527e-22
2000  2.23783127782e-22
2244.0369086  2.2618435958e-22
2517.85082359  2.28022792253e-22
2825.07508925  2.29321473588e-22
3169.78638492  2.30194219199e-22
3556.55882008  2.30730020515e-22
3990.52462994  2.30999997916e-22
4477.44227714  2.31061921159e-22
5023.77286302  2.30963221022e-22
5636.76586253  2.30743044892e-22
6324.55532034  2.3043370329e-22
7096.26778467  2.30061731692e-22
7962.14341107  2.29648713521e-22
8933.67184302  2.29211957389e-22
10023.7446725  2.28765085148e-22
11246.8265038  2.28318562189e-22
12619.1468896  2.27880184766e-22
14158.9156877  2.2745552893e-22
15886.5646945  2.27048360216e-22
17825.0187627  2.2666100126e-22
20000  2.2629465468e-22

