1.47128450892 20 69
69
1.47128450892  0
1.52884454851  3.28607459032e-24
1.58865646945  1.21427409038e-23
1.65080837054  1.52851198976e-23
1.71539179718  1.72537860518e-23
1.78250187627  1.88865623622e-23
1.85223745626  2.0503784454e-23
1.9247012528  2.22607983091e-23
2  2.42043461895e-23
2.07824460767  2.62841731465e-23
2.15955032466  2.8379659924e-23
2.2440369086  3.03402407113e-23
2.33182880236  3.2074696882e-23
2.42305531726  3.35778135405e-23
2.51785082359  3.48927064863e-23
2.61635494852  3.6125886681e-23
2.71871278176  3.73905782799e-23
2.82507508925  3.87825540063e-23
2.93559853524  4.03612438624e-23
3.05044591308  4.21571863544e-23
3.16978638492  4.41109380639e-23
3.29379573097  4.61798058209e-23
3.42265660832  4.82583393295e-23
3.55655882008  5.0229063645e-23
3.69569959484  5.19781779968e-23
3.84028387728  5.34103367633e-23
3.99052462994  5.44597883186e-23
4.14664314697  5.5096437714e-23
4.30886938006  5.5322862235e-23
4.47744227714  5.51673936004e-23
4.65261013431  5.46735381844e-23
4.83463096161  5.38915250328e-23
5.02377286302  5.28727823376e-23
5.22031443137  5.16648465012e-23
5.42454515866  5.031580879e-23
5.63676586253  4.88648722388e-23
5.85728912925  4.73469822784e-23
6.08643977422  4.58275523733e-23
6.32455532034  4.43145429053e-23
6.5719864952  4.27427082215e-23
6.82909774767  4.12177832484e-23
7.09626778467  3.98210698651e-23
7.37389012904  3.83738165467e-23
7.66237369911  3.69487206379e-23
7.96214341107  3.55230446722e-23
8.27364080478  3.43918352272e-23
8.59732469416  3.39210913017e-23
8.93367184302  3.35575114345e-23
9.28317766723  3.32109284896e-23
9.64635696448  3.281225002e-23
10.0237446725  3.25685603409e-23
10.4158966572  3.23334937405e-23
10.8233905309  3.21139464186e-23
11.2468265038  3.18756922976e-23
11.6868282675  3.15091280427e-23
12.1440439138  3.11612555082e-23
12.6191468896  3.08781902132e-23
13.1128369884  3.04790934471e-23
13.6258413812  3.00617082079e-23
14.1589156877  2.96985476859e-23
14.7128450892  2.92380967962e-23
15.2884454851  2.87837811879e-23
15.8865646945  2.8334429906e-23
16.5080837054  2.78448518808e-23
17.1539179718  2.74080478588e-23
17.8250187627  2.69807695919e-23
18.5223745626  2.72307779013e-23
19.247012528  2.77265137856e-23
20  2.82416439998e-23

