0.893367184302 20000 88
88
0.893367184302  0
1.00237446725  2.66233248402e-38
1.12468265038  1.95530143299e-37
1.26191468896  4.05087094571e-37
1.41589156877  6.40213861126e-37
1.58865646945  9.04030432301e-37
1.78250187627  1.20003749371e-36
2  7.37839873468e-33
2.2440369086  5.73801866879e-32
2.51785082359  1.20032956176e-31
2.82507508925  1.90330519754e-31
3.16978638492  3.8905278575e-29
3.55655882008  1.22062971649e-28
3.99052462994  1.31618146807e-27
4.47744227714  9.41349157415e-27
5.02377286302  5.59407202738e-26
5.63676586253  2.83442520102e-25
6.32455532034  1.55195929499e-24
7.09626778467  5.50869221487e-24
7.96214341107  1.61506201855e-23
8.93367184302  3.53869041949e-23
10.0237446725  5.96867678018e-23
11.2468265038  8.42424308945e-23
12.6191468896  1.06381495643e-22
14.1589156877  1.25513768959e-22
15.8865646945  1.42070988785e-22
17.8250187627  1.56545345138e-22
20  1.71787706462e-22
22.440369086  1.89231106518e-22
25.1785082359  2.03576465793e-22
28.2507508925  2.10146131041e-22
31.6978638492  2.15282407208e-22
35.5655882008  2.19134530673e-22
39.9052462994  2.2183495994e-22
44.7744227714  2.23501382134e-22
50.2377286302  2.24238570841e-22
56.3676586253  2.2414012384e-22
63.2455532034  2.23290110486e-22
70.9626778467  2.21764659498e-22
79.6214341107  2.19633518376e-22
89.3367184302  2.16961614738e-22
100.237446725  2.13810646234e-22
112.468265038  2.10240717057e-22
126.191468896  2.06312022212e-22
141.589156877  2.02086551207e-22
158.865646945  1.97629735742e-22
178.250187627  1.93011897485e-22
200  1.88309263156e-22
224.40369086  1.83604217255e-22
251.785082359  1.78984389425e-22
282.507508925  1.74540179504e-22
316.978638492  1.70463288818e-22
355.655882008  1.66622767016e-22
399.052462994  1.63195950145e-22
447.744227714  1.60228342315e-22
502.377286302  1.57739370983e-22
563.676586253  1.55720686628e-22
632.455532034  1.54138498974e-22
709.626778467  1.52940059087e-22
796.214341107  1.52098699983e-22
893.367184302  1.51214351471e-22
1002.37446725  1.51536719714e-22
1124.68265038  1.52327252783e-22
1261.91468896  1.53587657578e-22
1415.89156877  1.5699788114e-22
1588.65646945  1.61004088546e-22
1782.50187627  1.64112316169e-22
2000  1.66591233725e-22
2244.0369086  1.6846039853e-22
2517.85082359  1.69893481594e-22
2825.07508925  1.70904129224e-22
3169.78638492  1.71581145995e-22
3556.55882008  1.71994033411e-22
3990.52462994  1.72198382458e-22
4477.44227714  1.72239385985e-22
5023.77286302  1.7215418075e-22
5636.76586253  1.71973446002e-22
6324.55532034  1.71722527826e-22
7096.26778467  1.7142226389e-22
7962.14341107  1.71089622426e-22
8933.67184302  1.70738228114e-22
10023.7446725  1.70378819042e-22
11246.8265038  1.70019659242e-22
12619.1468896  1.69666918274e-22
14158.9156877  1.69325021341e-22
15886.5646945  1.68996969191e-22
17825.0187627  1.68684625504e-22
20000  1.68388969597e-22

