0.893367184302 20000 88
88
0.893367184302  0
1.00237446725  4.54334860657e-41
1.12468265038  3.33677934456e-40
1.26191468896  6.91293028843e-40
1.41589156877  1.09254376428e-39
1.58865646945  1.54275449425e-39
1.78250187627  2.04789924159e-39
2  7.7232733256e-35
2.2440369086  6.00709725334e-34
2.51785082359  1.25663236425e-33
2.82507508925  1.99258966971e-33
3.16978638492  1.16787827796e-30
3.55655882008  3.67373300643e-30
3.99052462994  7.60589512046e-29
4.47744227714  5.84363363218e-28
5.02377286302  5.41055413108e-27
5.63676586253  3.10318726417e-26
6.32455532034  2.65819190075e-25
7.09626778467  1.33472748655e-24
7.96214341107  5.58245021085e-24
8.93367184302  1.77228440522e-23
10.0237446725  3.96842880536e-23
11.2468265038  6.67245314878e-23
12.6191468896  9.31692802582e-23
14.1589156877  1.16664306895e-22
15.8865646945  1.37259816811e-22
17.8250187627  1.5533523026e-22
20  1.73418890672e-22
22.440369086  1.94015472359e-22
25.1785082359  2.11420289459e-22
28.2507508925  2.20248611199e-22
31.6978638492  2.27322928541e-22
35.5655882008  2.32827812735e-22
39.9052462994  2.36927097353e-22
44.7744227714  2.39766328991e-22
50.2377286302  2.41475028841e-22
56.3676586253  2.42168798675e-22
63.2455532034  2.41951305939e-22
70.9626778467  2.40916183667e-22
79.6214341107  2.39148881275e-22
89.3367184302  2.36728501196e-22
100.237446725  2.33729652222e-22
112.468265038  2.3022434093e-22
126.191468896  2.262839041e-22
141.589156877  2.21980952744e-22
158.865646945  2.1739124687e-22
178.250187627  2.12595345132e-22
200  2.07679776173e-22
224.40369086  2.02737372221e-22
251.785082359  1.97866324901e-22
282.507508925  1.93167529467e-22
316.978638492  1.88852346653e-22
355.655882008  1.84779217157e-22
399.052462994  1.81143319923e-22
447.744227714  1.77995622149e-22
502.377286302  1.75358483748e-22
563.676586253  1.73223845017e-22
632.455532034  1.71555820338e-22
709.626778467  1.70297811004e-22
796.214341107  1.69421816763e-22
893.367184302  1.68499242241e-22
1002.37446725  1.6888127933e-22
1124.68265038  1.69770558355e-22
1261.91468896  1.71169037755e-22
1415.89156877  1.74914931955e-22
1588.65646945  1.79306338549e-22
1782.50187627  1.82710341595e-22
2000  1.85422149658e-22
2244.0369086  1.87466486179e-22
2517.85082359  1.89033087273e-22
2825.07508925  1.90138480751e-22
3169.78638492  1.90879731288e-22
3556.55882008  1.91332777202e-22
3990.52462994  1.91558338594e-22
4477.44227714  1.91605762905e-22
5023.77286302  1.91515588275e-22
5636.76586253  1.91321293072e-22
6324.55532034  1.91050526564e-22
7096.26778467  1.90726011818e-22
7962.14341107  1.90366245266e-22
8933.67184302  1.89986072399e-22
10023.7446725  1.89597187847e-22
11246.8265038  1.89208586661e-22
12619.1468896  1.88826979365e-22
14158.9156877  1.88457174618e-22
15886.5646945  1.88102428715e-22
17825.0187627  1.87764759438e-22
20000  1.87445221933e-22

