0.893367184302 20000 88
88
0.893367184302  0
1.00237446725  9.79657694132e-36
1.12468265038  7.19491688088e-35
1.26191468896  1.49059777985e-34
1.41589156877  2.35579304504e-34
1.58865646945  3.32655809915e-34
1.78250187627  4.41577440466e-34
2  5.13540987393e-31
2.2440369086  3.99070804862e-30
2.51785082359  8.34762060841e-30
2.82507508925  1.32361569043e-29
3.16978638492  9.93206048649e-28
3.55655882008  3.09454409624e-27
3.99052462994  1.84789323985e-26
4.47744227714  1.15706061199e-25
5.02377286302  4.5992354314e-25
5.63676586253  1.91605362465e-24
6.32455532034  6.67080991838e-24
7.09626778467  1.70765878781e-23
7.96214341107  3.54013417586e-23
8.93367184302  5.79658652235e-23
10.0237446725  8.07472299291e-23
11.2468265038  1.01528408709e-22
12.6191468896  1.19624477875e-22
14.1589156877  1.35211757647e-22
15.8865646945  1.48685326767e-22
17.8250187627  1.60374978358e-22
20  1.72554243368e-22
22.440369086  1.86460355652e-22
25.1785082359  1.97783793664e-22
28.2507508925  2.0270715185e-22
31.6978638492  2.06431076632e-22
35.5655882008  2.0907898019e-22
39.9052462994  2.10760397485e-22
44.7744227714  2.11572667412e-22
50.2377286302  2.1160249536e-22
56.3676586253  2.10927422036e-22
63.2455532034  2.09617224704e-22
70.9626778467  2.07735277982e-22
79.6214341107  2.05339901874e-22
89.3367184302  2.02485723921e-22
100.237446725  1.99225078973e-22
112.468265038  1.95609461971e-22
126.191468896  1.9169103331e-22
141.589156877  1.87524148594e-22
158.865646945  1.83166840385e-22
178.250187627  1.78682115381e-22
200  1.74138847388e-22
224.40369086  1.69611956352e-22
251.785082359  1.65181496327e-22
282.507508925  1.60930282948e-22
316.978638492  1.57036437946e-22
355.655882008  1.5337498779e-22
399.052462994  1.50110838644e-22
447.744227714  1.47285120849e-22
502.377286302  1.44914653833e-22
563.676586253  1.42990388368e-22
632.455532034  1.41479623478e-22
709.626778467  1.40332090205e-22
796.214341107  1.39522140183e-22
893.367184302  1.38674762529e-22
1002.37446725  1.38959529845e-22
1124.68265038  1.39684525974e-22
1261.91468896  1.4085108792e-22
1415.89156877  1.440325386e-22
1588.65646945  1.47773737672e-22
1782.50187627  1.50675066419e-22
2000  1.52987919653e-22
2244.0369086  1.54730506447e-22
2517.85082359  1.56065390834e-22
2825.07508925  1.57005297703e-22
3169.78638492  1.57633348322e-22
3556.55882008  1.58014592965e-22
3990.52462994  1.58201057139e-22
4477.44227714  1.58235029401e-22
5023.77286302  1.58151254198e-22
5636.76586253  1.57978428917e-22
6324.55532034  1.57740257009e-22
7096.26778467  1.57456220628e-22
7962.14341107  1.57142179306e-22
8933.67184302  1.56810862707e-22
10023.7446725  1.56472298803e-22
11246.8265038  1.56134200384e-22
12619.1468896  1.55802320666e-22
14158.9156877  1.5548078124e-22
15886.5646945  1.5517237167e-22
17825.0187627  1.5487881859e-22
20000  1.54601022294e-22

