1.47128450892 20000 249
249
1.47128450892  0
1.52884454851  3.77898577887e-28
1.58865646945  1.39641520394e-27
1.65080837054  1.75778878822e-27
1.71539179718  1.98418539596e-27
1.78250187627  2.17195467165e-27
1.85223745626  2.35793521221e-27
1.9247012528  2.55999180554e-27
2  2.7834998118e-27
2.07824460767  3.02267991185e-27
2.15955032466  3.26366089126e-27
2.2440369086  3.4891276818e-27
2.33182880236  3.68859014143e-27
2.42305531726  3.86144855716e-27
2.51785082359  4.01266124593e-27
2.61635494852  4.15447696831e-27
2.71871278176  4.29991650219e-27
2.82507508925  4.45999371072e-27
2.93559853524  4.64154304417e-27
3.05044591308  2.8227021844e-24
3.16978638492  1.19281420831e-23
3.29379573097  1.51749801628e-23
3.42265660832  1.71728695141e-23
3.55655882008  1.88124866209e-23
3.69569959484  2.04259925388e-23
3.84028387728  2.21740908044e-23
3.99052462994  2.4108997995e-23
4.14664314697  2.61843420463e-23
4.30886938006  2.82822442203e-23
4.47744227714  3.02528794987e-23
4.65261013431  3.19976432858e-23
4.83463096161  3.3511246579e-23
5.02377286302  3.48336837815e-23
5.22031443137  3.60675384452e-23
5.42454515866  3.73282005855e-23
5.63676586253  3.87113656706e-23
5.85728912925  4.02803957332e-23
6.08643977422  4.20651338193e-23
6.32455532034  4.40122970081e-23
6.5719864952  4.60776977436e-23
6.82909774767  4.81575237112e-23
7.09626778467  5.01353738342e-23
7.37389012904  5.18973393969e-23
7.66237369911  5.33467779471e-23
7.96214341107  5.44160081919e-23
8.27364080478  5.50729894313e-23
8.59732469416  5.53188611527e-23
8.93367184302  5.51809008371e-23
9.28317766723  5.47022122689e-23
9.64635696448  5.39328806874e-23
10.0237446725  5.29250621958e-23
10.4158966572  5.17253919741e-23
10.8233905309  5.03822233663e-23
11.2468265038  4.89356507998e-23
11.6868282675  4.74204340594e-23
12.1440439138  4.58988579001e-23
12.6191468896  4.43882668956e-23
13.1128369884  4.28195117801e-23
13.6258413812  4.12856826384e-23
14.1589156877  3.98892445908e-23
14.7128450892  3.84442920405e-23
15.2884454851  3.70161507094e-23
15.8865646945  3.55917762504e-23
16.5080837054  3.44271697742e-23
17.1539179718  3.39381931529e-23
17.8250187627  3.35743180139e-23
18.5223745626  3.32617807577e-23
19.247012528  3.29596720853e-23
20  3.26457442256e-23
20.7824460767  3.23195347848e-23
21.5955032466  3.19805632791e-23
22.440369086  3.16283304272e-23
23.3182880236  3.12623174147e-23
24.2305531726  3.09051483093e-23
25.1785082359  3.06109687351e-23
26.1635494852  3.03146688493e-23
27.1871278176  3.00162573951e-23
28.2507508925  2.97157439653e-23
29.3559853524  2.94131391272e-23
30.5044591308  2.91084545555e-23
31.6978638492  2.88017031706e-23
32.9379573097  2.84928992846e-23
34.2265660832  2.81820587558e-23
35.5655882008  2.78691991502e-23
36.9569959484  2.75543399125e-23
38.4028387728  2.7237502546e-23
39.9052462994  2.69187108023e-23
41.4664314697  2.65979908813e-23
43.0886938006  2.6275371641e-23
44.7744227714  2.59508848196e-23
46.5261013431  2.56245652678e-23
48.3463096161  2.52964511936e-23
50.2377286302  2.49665844194e-23
52.2031443137  2.46350106503e-23
54.2454515866  2.43017797564e-23
56.3676586253  2.39669460668e-23
58.5728912925  2.36305686761e-23
60.8643977422  2.32927117642e-23
63.2455532034  2.29534449266e-23
65.719864952  2.2612843518e-23
68.2909774767  2.22709890049e-23
70.9626778467  2.19279693296e-23
73.7389012904  2.15838792812e-23
76.6237369911  2.12388208745e-23
79.6214341107  2.08929037333e-23
82.7364080478  2.05462454761e-23
85.9732469416  2.01989721017e-23
89.3367184302  1.98512183706e-23
92.8317766723  1.95031281791e-23
96.4635696448  1.91548549211e-23
100.237446725  1.88065618321e-23
104.158966572  1.84584223109e-23
108.233905309  1.81106202105e-23
112.468265038  1.77633500927e-23
116.868282675  1.74168174378e-23
121.440439138  1.70712387999e-23
126.191468896  1.67268418996e-23
131.128369884  1.63838656434e-23
136.258413812  1.60425600595e-23
141.589156877  1.57031861384e-23
147.128450892  1.53660155679e-23
152.884454851  1.50313303505e-23
158.865646945  1.4699422292e-23
165.080837054  1.43705923512e-23
171.539179718  1.40451498403e-23
178.250187627  1.37234114672e-23
185.223745626  1.34057002129e-23
192.47012528  1.30923440391e-23
200  1.27836744233e-23
207.824460767  1.24800247211e-23
215.955032466  1.21817283617e-23
224.40369086  1.1889116882e-23
233.182880236  1.16025178128e-23
242.305531726  1.1322252434e-23
251.785082359  1.10486334176e-23
261.635494852  1.07819623879e-23
271.871278176  1.05225274253e-23
282.507508925  1.02706005511e-23
293.559853524  1.00264352293e-23
305.044591308  9.79811146618e-24
316.978638492  9.56987375735e-24
329.379573097  9.35003842747e-24
342.265660832  9.13876029191e-24
355.655882008  8.9361648939e-24
369.569959484  8.74234699801e-24
384.028387728  8.55736938537e-24
399.052462994  8.38126197968e-24
414.664314697  8.21402132694e-24
430.886938006  8.05561044501e-24
447.744227714  7.90595905171e-24
465.261013431  7.76496417325e-24
483.463096161  7.63249112745e-24
502.377286302  7.50837487015e-24
522.031443137  7.39242168826e-24
542.454515866  7.28441121897e-24
563.676586253  7.18409877375e-24
585.728912925  7.09121794702e-24
608.643977422  7.00548349542e-24
632.455532034  6.92659448609e-24
657.19864952  6.85423773681e-24
682.909774767  6.78809162089e-24
709.626778467  6.72783042462e-24
737.389012904  6.67312978972e-24
766.237369911  6.62396464103e-24
796.214341107  6.58145134924e-24
827.364080478  6.5455303133e-24
859.732469416  6.51595360543e-24
893.367184302  6.41473061308e-24
928.317766723  6.403789243e-24
964.635696448  6.39775670633e-24
1002.37446725  6.39670329309e-24
1041.58966572  6.40069422653e-24
1082.33905309  6.40978938849e-24
1124.68265038  6.42404306024e-24
1168.68282675  6.44350368081e-24
1214.40439138  6.4682136246e-24
1261.91468896  6.49820900019e-24
1311.28369884  6.5335194719e-24
1362.58413812  6.57416810553e-24
1415.89156877  6.73650784597e-24
1471.28450892  6.84212220782e-24
1528.84454851  6.94262800052e-24
1588.65646945  7.03856666237e-24
1650.80837054  7.13045459265e-24
1715.39179718  7.21878425908e-24
1782.50187627  7.3040251614e-24
1852.23745626  7.38662467347e-24
1924.7012528  7.46700878265e-24
2000  7.54558274244e-24
2078.24460767  7.62273165234e-24
2159.55032466  7.69882097686e-24
2244.0369086  7.74360711039e-24
2331.82880236  7.80440951555e-24
2423.05531726  7.86022046625e-24
2517.85082359  7.91131559881e-24
2616.35494852  7.95795476043e-24
2718.71278176  8.00038339461e-24
2825.07508925  8.03883377891e-24
2935.59853524  8.07352612832e-24
3050.44591308  8.10466957617e-24
3169.78638492  8.13246304374e-24
3293.79573097  8.15709600878e-24
3422.65660832  8.17874918253e-24
3556.55882008  8.1975951044e-24
3695.69959484  8.21379866267e-24
3840.28387728  8.22751754929e-24
3990.52462994  8.23890265634e-24
4146.64314697  8.24809842108e-24
4308.86938006  8.25524312638e-24
4477.44227714  8.26046916245e-24
4652.61013431  8.26390325564e-24
4834.63096161  8.26566666948e-24
5023.77286302  8.26587538253e-24
5220.31443137  8.26464024751e-24
5424.54515866  8.26206713529e-24
5636.76586253  8.25825706718e-24
5857.28912925  8.25330633839e-24
6086.43977422  8.24730663526e-24
6324.55532034  8.24034514826e-24
6571.9864952  8.23250468265e-24
6829.09774767  8.22386376816e-24
7096.26778467  8.21449676887e-24
7373.89012904  8.20447399418e-24
7662.37369911  8.19386181142e-24
7962.14341107  8.18272276055e-24
8273.64080478  8.17111567118e-24
8597.32469416  8.15909578192e-24
8933.67184302  8.14671486198e-24
9283.17766723  8.13402133491e-24
9646.35696448  8.12106040405e-24
10023.7446725  8.1078741794e-24
10415.8966572  8.09450180557e-24
10823.3905309  8.08097959023e-24
11246.8265038  8.06734113267e-24
11686.8282675  8.05361745199e-24
12144.0439138  8.03983711444e-24
12619.1468896  8.02602635945e-24
13112.8369884  8.01220922386e-24
13625.8413812  7.99840766407e-24
14158.9156877  7.98464167554e-24
14712.8450892  7.97092940946e-24
15288.4454851  7.95728728623e-24
15886.5646945  7.94373010535e-24
16508.0837054  7.93027115174e-24
17153.9179718  7.91692229804e-24
17825.0187627  7.90369410293e-24
18522.3745626  7.89059590524e-24
19247.012528  7.87763591379e-24
20000  7.86482129302e-24

