5.63676586253 20000 72
72
5.63676586253  0
6.32455532034  5.83803931357e-40
7.09626778467  1.64595400033e-37
7.96214341107  1.51832535375e-35
8.93367184302  8.46229686578e-34
10.0237446725  8.71983996626e-33
11.2468265038  4.56077844828e-32
12.6191468896  2.51805070723e-29
14.1589156877  4.9134333568e-28
15.8865646945  8.2188731038e-27
17.8250187627  1.10762475165e-25
20  1.29498751649e-23
22.440369086  2.86405348298e-23
25.1785082359  5.5574503144e-23
28.2507508925  9.22762646493e-23
31.6978638492  1.23961068971e-22
35.5655882008  1.51181455086e-22
39.9052462994  1.74428223143e-22
44.7744227714  1.94137137208e-22
50.2377286302  2.1069499474e-22
56.3676586253  2.24445125074e-22
63.2455532034  2.35692379591e-22
70.9626778467  2.44707676039e-22
79.6214341107  2.51732159055e-22
89.3367184302  2.56981038384e-22
100.237446725  2.60647165542e-22
112.468265038  2.62904408062e-22
126.191468896  2.63910877006e-22
141.589156877  2.63812056136e-22
158.865646945  2.62743866966e-22
178.250187627  2.6083567837e-22
200  2.58213226812e-22
224.40369086  2.55001347231e-22
251.785082359  2.51326321373e-22
282.507508925  2.47317533607e-22
316.978638492  2.43108004448e-22
355.655882008  2.38833295998e-22
399.052462994  2.34628328257e-22
447.744227714  2.30732025726e-22
502.377286302  2.27032904475e-22
563.676586253  2.23741334615e-22
632.455532034  2.20920506829e-22
709.626778467  2.18598984264e-22
796.214341107  2.16770077021e-22
893.367184302  2.15396349157e-22
1002.37446725  2.14419487965e-22
1124.68265038  2.1393506528e-22
1261.91468896  2.13436250289e-22
1415.89156877  2.14288482099e-22
1588.65646945  2.15684505065e-22
1782.50187627  2.17623959686e-22
2000  2.23348479567e-22
2244.0369086  2.27663905617e-22
2517.85082359  2.31114914611e-22
2825.07508925  2.33961872236e-22
3169.78638492  2.36002223699e-22
3556.55882008  2.37600426686e-22
3990.52462994  2.38736973696e-22
4477.44227714  2.39505046819e-22
5023.77286302  2.39978818314e-22
5636.76586253  2.40218477411e-22
6324.55532034  2.40273545724e-22
7096.26778467  2.40185110207e-22
7962.14341107  2.39987364636e-22
8933.67184302  2.39708711932e-22
10023.7446725  2.39372592616e-22
11246.8265038  2.38998146615e-22
12619.1468896  2.38600775464e-22
14158.9156877  2.38192643927e-22
15886.5646945  2.37783140995e-22
17825.0187627  2.37379308006e-22
20000  2.36986234526e-22

