1.78250187627 20000 82
82
1.78250187627  0
2  7.35064883542e-38
2.2440369086  5.7174356718e-37
2.51785082359  1.19604038633e-36
2.82507508925  1.89651293838e-36
3.16978638492  2.99107950853e-33
3.55655882008  9.41714162908e-33
3.99052462994  3.49445765558e-31
4.47744227714  2.77401567165e-30
5.02377286302  3.91451247366e-29
5.63676586253  2.40821810737e-28
6.32455532034  3.22481967757e-27
7.09626778467  2.45231257495e-26
7.96214341107  1.64165472414e-25
8.93367184302  9.84382150287e-25
10.0237446725  4.67284152354e-24
11.2468265038  1.53150698784e-23
12.6191468896  3.34958337435e-23
14.1589156877  5.40289624814e-23
15.8865646945  7.31564102932e-23
17.8250187627  8.9984167875e-23
20  1.03902697802e-22
22.440369086  1.19532438419e-22
25.1785082359  1.33656890255e-22
28.2507508925  1.42430860644e-22
31.6978638492  1.49711198983e-22
35.5655882008  1.55657156424e-22
39.9052462994  1.60410040674e-22
44.7744227714  1.64095199386e-22
50.2377286302  1.66823828627e-22
56.3676586253  1.68694627001e-22
63.2455532034  1.69795316793e-22
70.9626778467  1.70204054206e-22
79.6214341107  1.69990751498e-22
89.3367184302  1.69218334504e-22
100.237446725  1.67943959582e-22
112.468265038  1.66220213941e-22
126.191468896  1.64096321914e-22
141.589156877  1.61619375825e-22
158.865646945  1.58835601575e-22
178.250187627  1.55791653384e-22
200  1.5253590557e-22
224.40369086  1.49119668343e-22
251.785082359  1.45598197292e-22
282.507508925  1.42031295804e-22
316.978638492  1.3848323967e-22
355.655882008  1.35021713585e-22
399.052462994  1.31715487587e-22
447.744227714  1.28700687543e-22
502.377286302  1.25891788786e-22
563.676586253  1.23409528807e-22
632.455532034  1.21282221323e-22
709.626778467  1.19517754285e-22
796.214341107  1.18103329295e-22
893.367184302  1.17008342151e-22
1002.37446725  1.16190505079e-22
1124.68265038  1.1570441437e-22
1261.91468896  1.15230965852e-22
1415.89156877  1.15614831552e-22
1588.65646945  1.16351241197e-22
1782.50187627  1.17437817356e-22
2000  1.20883447322e-22
2244.0369086  1.23466098593e-22
2517.85082359  1.25522009398e-22
2825.07508925  1.27211682216e-22
3169.78638492  1.28408468772e-22
3556.55882008  1.29337906329e-22
3990.52462994  1.29987242205e-22
4477.44227714  1.30413749863e-22
5023.77286302  1.3066294314e-22
5636.76586253  1.30771689901e-22
6324.55532034  1.30770267766e-22
7096.26778467  1.30683749466e-22
7962.14341107  1.30532959431e-22
8933.67184302  1.30335157762e-22
10023.7446725  1.30104554055e-22
11246.8265038  1.29852717546e-22
12619.1468896  1.29588925185e-22
14158.9156877  1.29320471854e-22
15886.5646945  1.2905295513e-22
17825.0187627  1.28790539447e-22
20000  1.28536200089e-22

