2.82507508925 20000 78
78
2.82507508925  0
3.16978638492  9.92760656445e-40
3.55655882008  3.12723812997e-39
3.99052462994  1.86490221842e-36
4.47744227714  1.53679114923e-35
5.02377286302  1.26579037213e-33
5.63676586253  8.62640195834e-33
6.32455532034  4.16814864277e-31
7.09626778467  7.65845873182e-30
7.96214341107  1.04103842956e-28
8.93367184302  1.30636104415e-27
10.0237446725  1.46759196691e-26
11.2468265038  1.38264656461e-25
12.6191468896  1.15359244546e-24
14.1589156877  6.89890832599e-24
15.8865646945  2.36395392607e-23
17.8250187627  4.83259595281e-23
20  7.34076489495e-23
22.440369086  1.01971086653e-22
25.1785082359  1.27890737812e-22
28.2507508925  1.44361384583e-22
31.6978638492  1.5833656675e-22
35.5655882008  1.70086793744e-22
39.9052462994  1.79852221559e-22
44.7744227714  1.87845976716e-22
50.2377286302  1.94257176481e-22
56.3676586253  1.99253677987e-22
63.2455532034  2.02984589624e-22
70.9626778467  2.05582578658e-22
79.6214341107  2.07166009509e-22
89.3367184302  2.078409476e-22
100.237446725  2.07703063939e-22
112.468265038  2.06839475204e-22
126.191468896  2.05330552109e-22
141.589156877  2.03251723822e-22
158.865646945  2.00675295741e-22
178.250187627  1.9767227859e-22
200  1.9431419429e-22
224.40369086  1.90674773661e-22
251.785082359  1.86831390144e-22
282.507508925  1.82865985721e-22
316.978638492  1.78865156445e-22
355.655882008  1.74919011873e-22
399.052462994  1.71118463948e-22
447.744227714  1.676364981e-22
502.377286302  1.64374303924e-22
563.676586253  1.61485043922e-22
632.455532034  1.59008293392e-22
709.626778467  1.5695798255e-22
796.214341107  1.55321990261e-22
893.367184302  1.54065644628e-22
1002.37446725  1.53139277031e-22
1124.68265038  1.52612337344e-22
1261.91468896  1.52092391065e-22
1415.89156877  1.52624378335e-22
1588.65646945  1.53586015682e-22
1782.50187627  1.54975147199e-22
2000  1.5927443258e-22
2244.0369086  1.62502283199e-22
2517.85082359  1.65075277693e-22
2825.07508925  1.67192315085e-22
3169.78638492  1.68697576548e-22
3556.55882008  1.69869885968e-22
3990.52462994  1.70693813956e-22
4477.44227714  1.71240319943e-22
5023.77286302  1.71565811558e-22
5636.76586253  1.71715999996e-22
6324.55532034  1.71728443667e-22
7096.26778467  1.71634261512e-22
7962.14341107  1.71459315559e-22
8933.67184302  1.71225056228e-22
10023.7446725  1.70949157175e-22
11246.8265038  1.70646021989e-22
12619.1468896  1.70327214176e-22
14158.9156877  1.7000184044e-22
15886.5646945  1.69676902602e-22
17825.0187627  1.69357624149e-22
20000  1.6904775198e-22

