1.78250187627 20000 82
82
1.78250187627  0
2  7.89618712756e-39
2.2440369086  6.14176285184e-38
2.51785082359  1.28480613264e-37
2.82507508925  2.03726519748e-37
3.16978638492  5.22380819721e-34
3.55655882008  1.64499690089e-33
3.99052462994  8.182397148e-32
4.47744227714  6.56243690183e-31
5.02377286302  1.12090277587e-29
5.63676586253  7.05125661463e-29
6.32455532034  1.10592350207e-27
7.09626778467  9.47482632646e-27
7.96214341107  7.08184001765e-26
8.93367184302  4.84100028164e-25
10.0237446725  2.71174253143e-24
11.2468265038  1.06958859338e-23
12.6191468896  2.73365250688e-23
14.1589156877  4.84269852901e-23
15.8865646945  6.8868904243e-23
17.8250187627  8.70382789285e-23
20  1.01832722843e-22
22.440369086  1.18415750858e-22
25.1785082359  1.33524147114e-22
28.2507508925  1.43114496987e-22
31.6978638492  1.5110386205e-22
35.5655882008  1.57663403628e-22
39.9052462994  1.62945010125e-22
44.7744227714  1.67083424096e-22
50.2377286302  1.70198180644e-22
56.3676586253  1.72395379018e-22
63.2455532034  1.73769310068e-22
70.9626778467  1.74403962905e-22
79.6214341107  1.74374434844e-22
89.3367184302  1.73748269349e-22
100.237446725  1.72586747242e-22
112.468265038  1.70946156304e-22
126.191468896  1.68879062974e-22
141.589156877  1.66435605777e-22
158.865646945  1.63664821404e-22
178.250187627  1.60615998246e-22
200  1.57340024953e-22
224.40369086  1.53890659589e-22
251.785082359  1.50325586112e-22
282.507508925  1.46707052412e-22
316.978638492  1.43101812015e-22
355.655882008  1.39580050428e-22
399.052462994  1.36213015739e-22
447.744227714  1.33141025009e-22
502.377286302  1.30276947572e-22
563.676586253  1.27745216352e-22
632.455532034  1.25575397498e-22
709.626778467  1.23776034497e-22
796.214341107  1.22334370196e-22
893.367184302  1.21219298486e-22
1002.37446725  1.20387651532e-22
1124.68265038  1.19895719436e-22
1261.91468896  1.19415903856e-22
1415.89156877  1.1981600073e-22
1588.65646945  1.20577641921e-22
1782.50187627  1.21698460682e-22
2000  1.25242034087e-22
2244.0369086  1.27898600018e-22
2517.85082359  1.30013680581e-22
2825.07508925  1.31752212061e-22
3169.78638492  1.32984180549e-22
3556.55882008  1.33941270918e-22
3990.52462994  1.3461041956e-22
4477.44227714  1.35050476369e-22
5023.77286302  1.35308209139e-22
5636.76586253  1.35421503052e-22
6324.55532034  1.35421472838e-22
7096.26778467  1.35333886059e-22
7962.14341107  1.35180145802e-22
8933.67184302  1.34977993295e-22
10023.7446725  1.34742035684e-22
11246.8265038  1.34484167325e-22
12619.1468896  1.34213927289e-22
14158.9156877  1.33938817995e-22
15886.5646945  1.33664597709e-22
17825.0187627  1.33395551883e-22
20000  1.33134743795e-22

