2.82507508925 20000 78
78
2.82507508925  0
3.16978638492  1.09378914366e-42
3.55655882008  3.44548214517e-42
3.99052462994  7.81720350722e-39
4.47744227714  6.45340292449e-38
5.02377286302  1.27811009415e-35
5.63676586253  8.81301761714e-35
6.32455532034  7.80847185132e-33
7.09626778467  2.16160312759e-31
7.96214341107  3.91387331375e-30
8.93367184302  6.26756964791e-29
10.0237446725  8.83384634477e-28
11.2468265038  1.02958836614e-26
12.6191468896  1.14692234063e-25
14.1589156877  1.06268505382e-24
15.8865646945  7.10125677067e-24
17.8250187627  2.52241885542e-23
20  5.27673774276e-23
22.440369086  8.50419631588e-23
25.1785082359  1.14824523755e-22
28.2507508925  1.3456059143e-22
31.6978638492  1.5139573437e-22
35.5655882008  1.65645919784e-22
39.9052462994  1.77591701208e-22
44.7744227714  1.87482086662e-22
50.2377286302  1.95538050005e-22
56.3676586253  2.01955722858e-22
63.2455532034  2.06909305104e-22
70.9626778467  2.10553732459e-22
79.6214341107  2.13027139929e-22
89.3367184302  2.14453160288e-22
100.237446725  2.14943096803e-22
112.468265038  2.14598008815e-22
126.191468896  2.13510746607e-22
141.589156877  2.11767966599e-22
158.865646945  2.09452146877e-22
178.250187627  2.06643602836e-22
200  2.03422468657e-22
224.40369086  1.99870557655e-22
251.785082359  1.96072940284e-22
282.507508925  1.92118986361e-22
316.978638492  1.88102524553e-22
355.655882008  1.84120715624e-22
399.052462994  1.80271277562e-22
447.744227714  1.76737177593e-22
502.377286302  1.73418069015e-22
563.676586253  1.70475750918e-22
632.455532034  1.67953496713e-22
709.626778467  1.65867583942e-22
796.214341107  1.64206854272e-22
893.367184302  1.62936362106e-22
1002.37446725  1.62005271273e-22
1124.68265038  1.61486968803e-22
1261.91468896  1.60972211047e-22
1415.89156877  1.61553299586e-22
1588.65646945  1.62580715664e-22
1782.50187627  1.640526087e-22
2000  1.68563846357e-22
2244.0369086  1.71953680952e-22
2517.85082359  1.74657605155e-22
2825.07508925  1.76883596203e-22
3169.78638492  1.78468918583e-22
3556.55882008  1.79705057585e-22
3990.52462994  1.80575981507e-22
4477.44227714  1.81155939294e-22
5023.77286302  1.81503970338e-22
5636.76586253  1.81667932403e-22
6324.55532034  1.81687158947e-22
7096.26778467  1.81594248968e-22
7962.14341107  1.8141630244e-22
8933.67184302  1.81175803483e-22
10023.7446725  1.8089128376e-22
11246.8265038  1.80577852053e-22
12619.1468896  1.80247643789e-22
14158.9156877  1.79910221811e-22
15886.5646945  1.79572944444e-22
17825.0187627  1.79241307087e-22
20000  1.7891925791e-22

