5.63676586253 20000 72
72
5.63676586253  0
6.32455532034  7.35742562506e-40
7.09626778467  1.93265805272e-37
7.96214341107  5.93504222528e-36
8.93367184302  3.96216789598e-35
10.0237446725  4.60694909463e-35
11.2468265038  4.57718379603e-35
12.6191468896  4.5437865817e-35
14.1589156877  4.5063142909e-35
15.8865646945  4.4642696891e-35
17.8250187627  4.41709486997e-35
20  1.0701586533e-23
22.440369086  2.37594970063e-23
25.1785082359  4.95305619592e-23
28.2507508925  8.73725225562e-23
31.6978638492  1.20059021277e-22
35.5655882008  1.48158166484e-22
39.9052462994  1.72174597147e-22
44.7744227714  1.92556371449e-22
50.2377286302  2.09701203838e-22
56.3676586253  2.23962114407e-22
63.2455532034  2.35652554852e-22
70.9626778467  2.45051074996e-22
79.6214341107  2.52405593358e-22
89.3367184302  2.57937334696e-22
100.237446725  2.61844496539e-22
112.468265038  2.64305705133e-22
126.191468896  2.65483317617e-22
141.589156877  2.65526619905e-22
158.865646945  2.64574955354e-22
178.250187627  2.62760793609e-22
200  2.60212705907e-22
224.40369086  2.57058146634e-22
251.785082359  2.5342584678e-22
282.507508925  2.49447507173e-22
316.978638492  2.45258358402e-22
355.655882008  2.40996077413e-22
399.052462994  2.36797595559e-22
447.744227714  2.32904530095e-22
502.377286302  2.29205425731e-22
563.676586253  2.25912951477e-22
632.455532034  2.23091435351e-22
709.626778467  2.20770228e-22
796.214341107  2.18943069661e-22
893.367184302  2.17572632902e-22
1002.37446725  2.16600474396e-22
1124.68265038  2.16123211805e-22
1261.91468896  2.15630154088e-22
1415.89156877  2.1649800445e-22
1588.65646945  2.17913172645e-22
1782.50187627  2.19875438323e-22
2000  2.25653143307e-22
2244.0369086  2.30009672411e-22
2517.85082359  2.33494182403e-22
2825.07508925  2.36369200812e-22
3169.78638492  2.38430529741e-22
3556.55882008  2.40045653556e-22
3990.52462994  2.41194932497e-22
4477.44227714  2.41972345913e-22
5023.77286302  2.42452707236e-22
5636.76586253  2.42696731177e-22
6324.55532034  2.42754375781e-22
7096.26778467  2.42667093374e-22
7962.14341107  2.42469384508e-22
8933.67184302  2.42189909244e-22
10023.7446725  2.41852322396e-22
11246.8265038  2.41475940816e-22
12619.1468896  2.41076310289e-22
14158.9156877  2.40665711374e-22
15886.5646945  2.40253624328e-22
17825.0187627  2.39847160864e-22
20000  2.39451463433e-22

