1.78250187627 20000 82
82
1.78250187627  0
2  8.02141068443e-43
2.2440369086  6.23916345511e-42
2.51785082359  1.3051815355e-41
2.82507508925  2.06957365094e-41
3.16978638492  4.44052517802e-37
3.55655882008  1.39873093141e-36
3.99052462994  2.47606829247e-34
4.47744227714  2.02866393937e-33
5.02377286302  7.65055673328e-32
5.63676586253  5.08940040754e-31
6.32455532034  1.41820269837e-29
7.09626778467  1.80365662618e-28
7.96214341107  1.8695786224e-27
8.93367184302  1.81732575385e-26
10.0237446725  1.57021047424e-25
11.2468265038  1.1095460565e-24
12.6191468896  6.00347351081e-24
14.1589156877  2.03292762442e-23
15.8865646945  4.23495327508e-23
17.8250187627  6.52077103998e-23
20  8.51470497158e-23
22.440369086  1.07619493144e-22
25.1785082359  1.28042429693e-22
28.2507508925  1.41017746309e-22
31.6978638492  1.51956358654e-22
35.5655882008  1.61077961731e-22
39.9052462994  1.68577565344e-22
44.7744227714  1.74628205007e-22
50.2377286302  1.79383407934e-22
56.3676586253  1.82979441157e-22
63.2455532034  1.85537369585e-22
70.9626778467  1.87164952432e-22
79.6214341107  1.87958407043e-22
89.3367184302  1.88004069714e-22
100.237446725  1.87379983472e-22
112.468265038  1.86157442511e-22
126.191468896  1.8440252131e-22
141.589156877  1.82177611915e-22
158.865646945  1.79542983415e-22
178.250187627  1.76558360048e-22
200  1.73284484837e-22
224.40369086  1.69784589919e-22
251.785082359  1.6612563058e-22
282.507508925  1.62379060625e-22
316.978638492  1.5862084716e-22
355.655882008  1.5493037634e-22
399.052462994  1.51387941258e-22
447.744227714  1.4814855001e-22
502.377286302  1.45120350219e-22
563.676586253  1.42440662266e-22
632.455532034  1.40143725337e-22
709.626778467  1.38240691582e-22
796.214341107  1.36719290224e-22
893.367184302  1.35547020197e-22
1002.37446725  1.34677995785e-22
1124.68265038  1.34174404894e-22
1261.91468896  1.3368022967e-22
1415.89156877  1.34141264671e-22
1588.65646945  1.34993518243e-22
1782.50187627  1.36234771567e-22
2000  1.40113160031e-22
2244.0369086  1.43023200039e-22
2517.85082359  1.45341686956e-22
2825.07508925  1.47248510217e-22
3169.78638492  1.48602291371e-22
3556.55882008  1.49655479861e-22
3990.52462994  1.503939759e-22
4477.44227714  1.50881970627e-22
5023.77286302  1.51170486528e-22
5636.76586253  1.51300865114e-22
6324.55532034  1.51307068675e-22
7096.26778467  1.51217231006e-22
7962.14341107  1.5105472793e-22
8933.67184302  1.50838942642e-22
10023.7446725  1.50585840573e-22
11246.8265038  1.50308428259e-22
12619.1468896  1.50017142773e-22
14158.9156877  1.49720198838e-22
15886.5646945  1.49423907535e-22
17825.0187627  1.49132971988e-22
20000  1.48850760569e-22

