4.47744227714 20000 74
74
4.47744227714  0
5.02377286302  5.74552135864e-40
5.63676586253  3.99460144523e-39
6.32455532034  1.75635503666e-36
7.09626778467  1.46778123549e-34
7.96214341107  5.70962302041e-33
8.93367184302  1.68964108242e-31
10.0237446725  4.04497585703e-30
11.2468265038  7.25312520556e-29
12.6191468896  1.22611412788e-27
14.1589156877  1.66345466865e-26
15.8865646945  2.11652964091e-25
17.8250187627  2.1633737133e-24
20  2.61284850392e-23
22.440369086  5.56994898337e-23
25.1785082359  8.77111448861e-23
28.2507508925  1.16104855494e-22
31.6978638492  1.40511495323e-22
35.5655882008  1.61368364333e-22
39.9052462994  1.79063842334e-22
44.7744227714  1.93942712046e-22
50.2377286302  2.06310983784e-22
56.3676586253  2.16440271918e-22
63.2455532034  2.24571773858e-22
70.9626778467  2.30919902396e-22
79.6214341107  2.35675622274e-22
89.3367184302  2.39009541686e-22
100.237446725  2.41074809132e-22
112.468265038  2.42009864935e-22
126.191468896  2.41941093879e-22
141.589156877  2.40985419074e-22
158.865646945  2.39252864375e-22
178.250187627  2.36849089644e-22
200  2.33877864321e-22
224.40369086  2.30443384846e-22
251.785082359  2.26652256766e-22
282.507508925  2.22614856663e-22
316.978638492  2.18445681149e-22
355.655882008  2.14262222973e-22
399.052462994  2.10181957738e-22
447.744227714  2.06418089605e-22
502.377286302  2.02863383655e-22
563.676586253  1.99705946024e-22
632.455532034  1.96999538799e-22
709.626778467  1.94766775743e-22
796.214341107  1.92998578824e-22
893.367184302  1.91658298824e-22
1002.37446725  1.90690697418e-22
1124.68265038  1.90181181874e-22
1261.91468896  1.89666449637e-22
1415.89156877  1.90389371518e-22
1588.65646945  1.91613201407e-22
1782.50187627  1.93336782448e-22
2000  1.98511476271e-22
2244.0369086  2.02406559313e-22
2517.85082359  2.05517748752e-22
2825.07508925  2.08081895837e-22
3169.78638492  2.09914310579e-22
3556.55882008  2.11346674649e-22
3990.52462994  2.12361018794e-22
4477.44227714  2.13041999917e-22
5023.77286302  2.13456969809e-22
5636.76586253  2.13660554983e-22
6324.55532034  2.136976775e-22
7096.26778467  2.13605589499e-22
7962.14341107  2.13415277548e-22
8933.67184302  2.13152466701e-22
10023.7446725  2.12838374882e-22
11246.8265038  2.12490315285e-22
12619.1468896  2.12122207916e-22
14158.9156877  2.11745035826e-22
15886.5646945  2.11367264271e-22
17825.0187627  2.10995229848e-22
20000  2.10633500249e-22

