1.78250187627 20000 82
82
1.78250187627  0
2  2.45917238034e-42
2.2440369086  1.9127780697e-41
2.51785082359  4.00137395989e-41
2.82507508925  6.34481709227e-41
3.16978638492  1.02774808501e-36
3.55655882008  3.23728656535e-36
3.99052462994  4.83471391187e-34
4.47744227714  3.95506800984e-33
5.02377286302  1.34165569617e-31
5.63676586253  8.88017996528e-31
6.32455532034  2.29953400522e-29
7.09626778467  2.78531970348e-28
7.96214341107  2.78098500656e-27
8.93367184302  2.61048656367e-26
10.0237446725  2.17472516139e-25
11.2468265038  1.46692608088e-24
12.6191468896  7.3538509778e-24
14.1589156877  2.28553270039e-23
15.8865646945  4.49740244417e-23
17.8250187627  6.7283265807e-23
20  8.69554696688e-23
22.440369086  1.09148476306e-22
25.1785082359  1.29196565117e-22
28.2507508925  1.41742847603e-22
31.6978638492  1.52306780198e-22
35.5655882008  1.6110198465e-22
39.9052462994  1.683180743e-22
44.7744227714  1.7412329209e-22
50.2377286302  1.78666910712e-22
56.3676586253  1.82081421303e-22
63.2455532034  1.84484537865e-22
70.9626778467  1.85981045224e-22
79.6214341107  1.86664518942e-22
89.3367184302  1.86618946198e-22
100.237446725  1.85920277027e-22
112.468265038  1.8463793508e-22
126.191468896  1.82836315397e-22
141.589156877  1.80576292232e-22
158.865646945  1.77916750562e-22
178.250187627  1.74916137514e-22
200  1.71634000621e-22
224.40369086  1.68132434506e-22
251.785082359  1.64477293988e-22
282.507508925  1.60738952975e-22
316.978638492  1.56992309726e-22
355.655882008  1.53315693149e-22
399.052462994  1.49788364316e-22
447.744227714  1.46563719171e-22
502.377286302  1.43550322731e-22
563.676586253  1.40884088039e-22
632.455532034  1.38598709602e-22
709.626778467  1.36705018368e-22
796.214341107  1.35190651954e-22
893.367184302  1.34023221836e-22
1002.37446725  1.33157099924e-22
1124.68265038  1.32653830907e-22
1261.91468896  1.32160367298e-22
1415.89156877  1.32614278213e-22
1588.65646945  1.33456355621e-22
1782.50187627  1.34684352624e-22
2000  1.38526934828e-22
2244.0369086  1.4140978014e-22
2517.85082359  1.43706389818e-22
2825.07508925  1.45595076378e-22
3169.78638492  1.46935660374e-22
3556.55882008  1.47978398731e-22
3990.52462994  1.48709299336e-22
4477.44227714  1.49191987492e-22
5023.77286302  1.49477034303e-22
5636.76586253  1.49605414106e-22
6324.55532034  1.49610786305e-22
7096.26778467  1.49521032711e-22
7962.14341107  1.49359318836e-22
8933.67184302  1.49144852626e-22
10023.7446725  1.48893454371e-22
11246.8265038  1.48618011607e-22
12619.1468896  1.48328865174e-22
14158.9156877  1.48034153317e-22
15886.5646945  1.47740127612e-22
17825.0187627  1.47451446079e-22
20000  1.47171443985e-22

