2.82507508925 20000 78
78
2.82507508925  0
3.16978638492  4.85608860328e-43
3.55655882008  1.52968848474e-42
3.99052462994  4.18257404772e-39
4.47744227714  3.45325152894e-38
5.02377286302  7.74838249787e-36
5.63676586253  5.34798140898e-35
6.32455532034  5.16120436955e-33
7.09626778467  1.51346222006e-31
7.96214341107  2.84910159995e-30
8.93367184302  4.70212665065e-29
10.0237446725  6.75387263493e-28
11.2468265038  8.01400509995e-27
12.6191468896  9.08679399326e-26
14.1589156877  8.61046822585e-25
15.8865646945  6.05960258658e-24
17.8250187627  2.30307175479e-23
20  5.07378638084e-23
22.440369086  8.33851946627e-23
25.1785082359  1.13645168553e-22
28.2507508925  1.33903978223e-22
31.6978638492  1.51195417217e-22
35.5655882008  1.65842857694e-22
39.9052462994  1.78133433316e-22
44.7744227714  1.88321996352e-22
50.2377286302  1.96634709371e-22
56.3676586253  2.03272309664e-22
63.2455532034  2.08413085206e-22
70.9626778467  2.12215601412e-22
79.6214341107  2.14821218253e-22
89.3367184302  2.16356437601e-22
100.237446725  2.16935120718e-22
112.468265038  2.16660615191e-22
126.191468896  2.15627828373e-22
141.589156877  2.13925278941e-22
158.865646945  2.11637147042e-22
178.250187627  2.08845323056e-22
200  2.05631420634e-22
224.40369086  2.02078666455e-22
251.785082359  1.98273504184e-22
282.507508925  1.94306656901e-22
316.978638492  1.9027329779e-22
355.655882008  1.86271921554e-22
399.052462994  1.82401550796e-22
447.744227714  1.78847222102e-22
502.377286302  1.75507996616e-22
563.676586253  1.72547482264e-22
632.455532034  1.70009632254e-22
709.626778467  1.67911115949e-22
796.214341107  1.66240871403e-22
893.367184302  1.64963787445e-22
1002.37446725  1.64028677305e-22
1124.68265038  1.6350975541e-22
1261.91468896  1.6299389776e-22
1415.89156877  1.6358411695e-22
1588.65646945  1.6462465296e-22
1782.50187627  1.66113687873e-22
2000  1.7067144106e-22
2244.0369086  1.74096583766e-22
2517.85082359  1.76828897979e-22
2825.07508925  1.7907841467e-22
3169.78638492  1.80680836909e-22
3556.55882008  1.81930505524e-22
3990.52462994  1.82811248585e-22
4477.44227714  1.83398051805e-22
5023.77286302  1.83750542147e-22
5636.76586253  1.83917055179e-22
6324.55532034  1.83937318368e-22
7096.26778467  1.83844258388e-22
7962.14341107  1.83665248605e-22
8933.67184302  1.83423000861e-22
10023.7446725  1.83136235349e-22
11246.8265038  1.82820215359e-22
12619.1468896  1.82487201207e-22
14158.9156877  1.82146854935e-22
15886.5646945  1.81806611995e-22
17825.0187627  1.81472026203e-22
20000  1.81147088551e-22

