1.78250187627 20000 82
82
1.78250187627  0
2  2.33045119093e-39
2.2440369086  1.81265695978e-38
2.51785082359  3.79192885573e-38
2.82507508925  6.01270844906e-38
3.16978638492  2.00915785512e-34
3.55655882008  6.32738345317e-34
3.99052462994  3.67844175209e-32
4.47744227714  2.96295072904e-31
5.02377286302  5.56205545844e-30
5.63676586253  3.53198461596e-29
6.32455532034  6.00091369979e-28
7.09626778467  5.46592187608e-27
7.96214341107  4.30813824541e-26
8.93367184302  3.1244754261e-25
10.0237446725  1.88813159167e-24
11.2468265038  8.22427185542e-24
12.6191468896  2.32849134274e-23
14.1589156877  4.41901009693e-23
15.8865646945  6.51435190606e-23
17.8250187627  8.39211207213e-23
20  9.98305525315e-23
22.440369086  1.17724792485e-22
25.1785082359  1.33868247984e-22
28.2507508925  1.43887470708e-22
31.6978638492  1.52248604327e-22
35.5655882008  1.59129126137e-22
39.9052462994  1.64686535261e-22
44.7744227714  1.69060556042e-22
50.2377286302  1.72375145493e-22
56.3676586253  1.74740327352e-22
63.2455532034  1.76253876109e-22
70.9626778467  1.77002875047e-22
79.6214341107  1.77065173047e-22
89.3367184302  1.76510765568e-22
100.237446725  1.75403125717e-22
112.468265038  1.73800511183e-22
126.191468896  1.71757271374e-22
141.589156877  1.69325174912e-22
158.865646945  1.66554768852e-22
178.250187627  1.63496764602e-22
200  1.60203417891e-22
224.40369086  1.56729827509e-22
251.785082359  1.53135017781e-22
282.507508925  1.49482596059e-22
316.978638492  1.45840703121e-22
355.655882008  1.42280932323e-22
399.052462994  1.38875932222e-22
447.744227714  1.35768437899e-22
502.377286302  1.32870316346e-22
563.676586253  1.30308137379e-22
632.455532034  1.28112165456e-22
709.626778467  1.26291295902e-22
796.214341107  1.24832766826e-22
893.367184302  1.23705152654e-22
1002.37446725  1.22864748165e-22
1124.68265038  1.2236882373e-22
1261.91468896  1.21884773e-22
1415.89156877  1.2229397539e-22
1588.65646945  1.2307005617e-22
1782.50187627  1.24210646723e-22
2000  1.27811444606e-22
2244.0369086  1.30511140101e-22
2517.85082359  1.32660711272e-22
2825.07508925  1.34427699122e-22
3169.78638492  1.35680113296e-22
3556.55882008  1.36653248363e-22
3990.52462994  1.37333857259e-22
4477.44227714  1.37781714432e-22
5023.77286302  1.38044322683e-22
5636.76586253  1.38160163162e-22
6324.55532034  1.38160840744e-22
7096.26778467  1.38072529625e-22
7962.14341107  1.37916971379e-22
8933.67184302  1.37712188527e-22
10023.7446725  1.37473020538e-22
11246.8265038  1.37211551645e-22
12619.1468896  1.3693747391e-22
14158.9156877  1.36658410782e-22
15886.5646945  1.3638021414e-22
17825.0187627  1.36107239837e-22
20000  1.35842602238e-22

