5.63676586253 20000 72
72
5.63676586253  0
6.32455532034  1.78865134921e-40
7.09626778467  5.53671716449e-38
7.96214341107  5.2629987803e-36
8.93367184302  1.24637867562e-34
10.0237446725  6.51817261325e-34
11.2468265038  2.90720596047e-34
12.6191468896  1.23671187506e-29
14.1589156877  2.59695792092e-28
15.8865646945  2.4984614134e-27
17.8250187627  2.7225684612e-27
20  1.22296270086e-23
22.440369086  2.71487445265e-23
25.1785082359  5.39176851796e-23
28.2507508925  9.13367525483e-23
31.6978638492  1.23648161877e-22
35.5655882008  1.51414544814e-22
39.9052462994  1.75135671058e-22
44.7744227714  1.95255272304e-22
50.2377286302  2.1216722111e-22
56.3676586253  2.26221128085e-22
63.2455532034  2.37727421132e-22
70.9626778467  2.46961970282e-22
79.6214341107  2.54170321185e-22
89.3367184302  2.59571599746e-22
100.237446725  2.63362149619e-22
112.468265038  2.65718962591e-22
126.191468896  2.66802958443e-22
141.589156877  2.66762163405e-22
158.865646945  2.65734822082e-22
178.250187627  2.63852451853e-22
200  2.61242805719e-22
224.40369086  2.58032642855e-22
251.785082359  2.54350111884e-22
282.507508925  2.50326433901e-22
316.978638492  2.46096451078e-22
355.655882008  2.4179752974e-22
399.052462994  2.37566351737e-22
447.744227714  2.3364462347e-22
502.377286302  2.2992007976e-22
563.676586253  2.26605520189e-22
632.455532034  2.23765052911e-22
709.626778467  2.21427772862e-22
796.214341107  2.19587126869e-22
893.367184302  2.18205465732e-22
1002.37446725  2.17224016423e-22
1124.68265038  2.16739463041e-22
1261.91468896  2.16239801893e-22
1415.89156877  2.17104776983e-22
1588.65646945  2.18518807363e-22
1782.50187627  2.2048158374e-22
2000  2.26268590566e-22
2244.0369086  2.30631503598e-22
2517.85082359  2.34120727112e-22
2825.07508925  2.36999371563e-22
3169.78638492  2.39062799762e-22
3556.55882008  2.40679285425e-22
3990.52462994  2.41829136492e-22
4477.44227714  2.42606521489e-22
5023.77286302  2.4308639966e-22
5636.76586253  2.43329600416e-22
6324.55532034  2.43386173418e-22
7096.26778467  2.43297644871e-22
7962.14341107  2.4309857512e-22
8933.67184302  2.42817672491e-22
10023.7446725  2.42478630411e-22
11246.8265038  2.42100796149e-22
12619.1468896  2.41699738906e-22
14158.9156877  2.41287756699e-22
15886.5646945  2.40874342206e-22
17825.0187627  2.40466615386e-22
20000  2.4006972353e-22

