6.32455532034 20000 71
71
6.32455532034  0
7.09626778467  8.70679775762e-39
7.96214341107  1.6817133374e-36
8.93367184302  3.35552514812e-34
10.0237446725  3.01115098111e-32
11.2468265038  1.23129707675e-30
12.6191468896  4.51155535462e-29
14.1589156877  9.83903922206e-28
15.8865646945  2.57078815958e-26
17.8250187627  3.69794033348e-25
20  1.71449281334e-23
22.440369086  3.77076160959e-23
25.1785082359  6.62960172119e-23
28.2507508925  9.98033779326e-23
31.6978638492  1.28692307361e-22
35.5655882008  1.53470837727e-22
39.9052462994  1.74590213627e-22
44.7744227714  1.92451061388e-22
50.2377286302  2.07408977247e-22
56.3676586253  2.19779591888e-22
63.2455532034  2.29843169336e-22
70.9626778467  2.37848798158e-22
79.6214341107  2.44018232594e-22
89.3367184302  2.48549440922e-22
100.237446725  2.51619917702e-22
112.468265038  2.53389815184e-22
126.191468896  2.54004945905e-22
141.589156877  2.5359970161e-22
158.865646945  2.5229992003e-22
178.250187627  2.50225706566e-22
200  2.47494176913e-22
224.40369086  2.44222023238e-22
251.785082359  2.40527716899e-22
282.507508925  2.36533048655e-22
316.978638492  2.32363592528e-22
355.655882008  2.28147607157e-22
399.052462994  2.24012932601e-22
447.744227714  2.20187785163e-22
502.377286302  2.16562921236e-22
563.676586253  2.13339410465e-22
632.455532034  2.10576668092e-22
709.626778467  2.08300943859e-22
796.214341107  2.06504731299e-22
893.367184302  2.05151109039e-22
1002.37446725  2.04183230529e-22
1124.68265038  2.03692416658e-22
1261.91468896  2.03190636017e-22
1415.89156877  2.03990770897e-22
1588.65646945  2.05315939562e-22
1782.50187627  2.07165502506e-22
2000  2.12656667585e-22
2244.0369086  2.16794102504e-22
2517.85082359  2.20101470434e-22
2825.07508925  2.22829053049e-22
3169.78638492  2.24781951194e-22
3556.55882008  2.26310581615e-22
3990.52462994  2.27396103199e-22
4477.44227714  2.28128054588e-22
5023.77286302  2.28577696341e-22
5636.76586253  2.28802845369e-22
6324.55532034  2.28851063601e-22
7096.26778467  2.28761805588e-22
7962.14341107  2.28567901019e-22
8933.67184302  2.2829661483e-22
10023.7446725  2.27970443861e-22
11246.8265038  2.27607753192e-22
12619.1468896  2.27223316649e-22
14158.9156877  2.26828799008e-22
15886.5646945  2.26433199113e-22
17825.0187627  2.26043261344e-22
20000  2.25663856072e-22

