1.78250187627 20000 82
82
1.78250187627  0
2  2.05014070575e-39
2.2440369086  1.59462761257e-38
2.51785082359  3.33582944397e-38
2.82507508925  5.28949003145e-38
3.16978638492  1.37507165588e-34
3.55655882008  4.33017136622e-34
3.99052462994  2.24463824608e-32
4.47744227714  1.80242475435e-31
5.02377286302  3.16404603802e-30
5.63676586253  1.99603898874e-29
6.32455532034  3.15878741268e-28
7.09626778467  2.69130854134e-27
7.96214341107  1.99155155896e-26
8.93367184302  1.35597333298e-25
10.0237446725  7.94991111316e-25
11.2468265038  3.70532263147e-24
12.6191468896  1.26475094718e-23
14.1589156877  2.93315587505e-23
15.8865646945  4.94453727347e-23
17.8250187627  6.89327465363e-23
20  9.02690213789e-23
22.440369086  1.14728378741e-22
25.1785082359  1.34983087629e-22
28.2507508925  1.44746268459e-22
31.6978638492  1.52783716055e-22
35.5655882008  1.59281034827e-22
39.9052462994  1.64402873979e-22
44.7744227714  1.68295368073e-22
50.2377286302  1.71088370939e-22
56.3676586253  1.72897514617e-22
63.2455532034  1.73826125358e-22
70.9626778467  1.73967028968e-22
79.6214341107  1.73404277653e-22
89.3367184302  1.72214829451e-22
100.237446725  1.70470208266e-22
112.468265038  1.68238165723e-22
126.191468896  1.65584353024e-22
141.589156877  1.6257398822e-22
158.865646945  1.5927346773e-22
178.250187627  1.55751817042e-22
200  1.52081804112e-22
224.40369086  1.4834045776e-22
251.785082359  1.44608664793e-22
282.507508925  1.40969505549e-22
316.978638492  1.37581796463e-22
355.655882008  1.34363776697e-22
399.052462994  1.31462698282e-22
447.744227714  1.28926375717e-22
502.377286302  1.26780927697e-22
563.676586253  1.25028625371e-22
632.455532034  1.23649041625e-22
709.626778467  1.22603776259e-22
796.214341107  1.21871135831e-22
893.367184302  1.21052340251e-22
1002.37446725  1.21297978295e-22
1124.68265038  1.21928473242e-22
1261.91468896  1.22949064611e-22
1415.89156877  1.25668874938e-22
1588.65646945  1.28897086462e-22
1782.50187627  1.31459019662e-22
2000  1.33553963159e-22
2244.0369086  1.35163172227e-22
2517.85082359  1.36426051698e-22
2825.07508925  1.37336948769e-22
3169.78638492  1.37966889488e-22
3556.55882008  1.38371921562e-22
3990.52462994  1.38597241974e-22
4477.44227714  1.38679900414e-22
5023.77286302  1.38650604506e-22
5636.76586253  1.38534949688e-22
6324.55532034  1.38354281093e-22
7096.26778467  1.38126323762e-22
7962.14341107  1.37865670746e-22
8933.67184302  1.37584186421e-22
10023.7446725  1.37291359692e-22
11246.8265038  1.36994626026e-22
12619.1468896  1.36699666853e-22
14158.9156877  1.36410688455e-22
15886.5646945  1.36130679146e-22
17825.0187627  1.35861642318e-22
20000  1.35604803135e-22

