3.55655882008 20000 76
76
3.55655882008  0
3.99052462994  1.1308937939e-39
4.47744227714  9.34192673208e-39
5.02377286302  2.14963981106e-36
5.63676586253  1.48396439617e-35
6.32455532034  1.52017083441e-33
7.09626778467  4.71964156578e-32
7.96214341107  9.29609565925e-31
8.93367184302  1.59356109696e-29
10.0237446725  2.35007603945e-28
11.2468265038  2.78365395081e-27
12.6191468896  3.05473476071e-26
14.1589156877  2.79289452769e-25
15.8865646945  2.11976788918e-24
17.8250187627  1.06848860068e-23
20  4.20479039059e-23
22.440369086  8.02364500907e-23
25.1785082359  1.1447240446e-22
28.2507508925  1.35586214055e-22
31.6978638492  1.53491991758e-22
35.5655882008  1.68541838792e-22
39.9052462994  1.81048124609e-22
44.7744227714  1.91288016449e-22
50.2377286302  1.99507593808e-22
56.3676586253  2.05925602533e-22
63.2455532034  2.10736902613e-22
70.9626778467  2.14115663055e-22
79.6214341107  2.16218356185e-22
89.3367184302  2.17186601689e-22
100.237446725  2.17149906393e-22
112.468265038  2.16228337199e-22
126.191468896  2.14535148544e-22
141.589156877  2.12179357887e-22
158.865646945  2.09268217814e-22
178.250187627  2.05909466466e-22
200  2.02213147816e-22
224.40369086  1.98292687986e-22
251.785082359  1.94264819172e-22
282.507508925  1.90247909705e-22
316.978638492  1.86451269825e-22
355.655882008  1.82792398023e-22
399.052462994  1.79464684975e-22
447.744227714  1.76540204793e-22
502.377286302  1.74063037356e-22
563.676586253  1.72046160277e-22
632.455532034  1.70472496541e-22
709.626778467  1.69300582857e-22
796.214341107  1.6850750755e-22
893.367184302  1.67572916504e-22
1002.37446725  1.67987033307e-22
1124.68265038  1.68874362059e-22
1261.91468896  1.70244310452e-22
1415.89156877  1.73725152198e-22
1588.65646945  1.7784171132e-22
1782.50187627  1.8113286033e-22
2000  1.83844809887e-22
2244.0369086  1.85944298039e-22
2517.85082359  1.87606526159e-22
2825.07508925  1.88819713102e-22
3169.78638492  1.89673078947e-22
3556.55882008  1.90237190447e-22
3990.52462994  1.90569095457e-22
4477.44227714  1.90715684586e-22
5023.77286302  1.90715933623e-22
5636.76586253  1.90602428812e-22
6324.55532034  1.90402433694e-22
7096.26778467  1.90138667896e-22
7962.14341107  1.89829909903e-22
8933.67184302  1.89491495501e-22
10023.7446725  1.89135755207e-22
11246.8265038  1.88772414277e-22
12619.1468896  1.88408965788e-22
14158.9156877  1.88051019279e-22
15886.5646945  1.87702623227e-22
17825.0187627  1.87366558122e-22
20000  1.87044597163e-22

