4.47744227714 20000 74
74
4.47744227714  0
5.02377286302  4.14076388439e-42
5.63676586253  2.87888606872e-41
6.32455532034  2.30918084274e-38
7.09626778467  3.10894683986e-36
7.96214341107  1.73612917817e-34
8.93367184302  6.82124927445e-33
10.0237446725  2.08454023316e-31
11.2468265038  4.59203222943e-30
12.6191468896  9.48727897847e-29
14.1589156877  1.45892839674e-27
15.8865646945  1.9785250185e-26
17.8250187627  2.1837608718e-25
20  2.14822170119e-23
22.440369086  4.74700749433e-23
25.1785082359  7.88340979359e-23
28.2507508925  1.10711032823e-22
31.6978638492  1.3801173603e-22
35.5655882008  1.61242563754e-22
39.9052462994  1.80852757765e-22
44.7744227714  1.972409036e-22
50.2377286302  2.10760778211e-22
56.3676586253  2.21726662851e-22
63.2455532034  2.3041819527e-22
70.9626778467  2.3708483351e-22
79.6214341107  2.41950001584e-22
89.3367184302  2.45214984232e-22
100.237446725  2.47062632532e-22
112.468265038  2.47660931954e-22
126.191468896  2.47166466083e-22
141.589156877  2.45727777629e-22
158.865646945  2.43488577366e-22
178.250187627  2.40590675566e-22
200  2.37176407019e-22
224.40369086  2.33390198299e-22
251.785082359  2.29378812609e-22
282.507508925  2.25289760452e-22
316.978638492  2.21371170648e-22
355.655882008  2.17544844477e-22
399.052462994  2.14039188717e-22
447.744227714  2.10946326718e-22
502.377286302  2.08325696632e-22
563.676586253  2.06200256899e-22
632.455532034  2.04557435647e-22
709.626778467  2.03355435622e-22
796.214341107  2.02571841037e-22
893.367184302  2.01599636744e-22
1002.37446725  2.02172155525e-22
1124.68265038  2.0327514717e-22
1261.91468896  2.04921802116e-22
1415.89156877  2.08961463856e-22
1588.65646945  2.13724344482e-22
1782.50187627  2.17551193668e-22
2000  2.20720262792e-22
2244.0369086  2.23186618405e-22
2517.85082359  2.25150535483e-22
2825.07508925  2.2659527074e-22
3169.78638492  2.27622853078e-22
3556.55882008  2.28314128647e-22
3990.52462994  2.28734579895e-22
4477.44227714  2.28938135805e-22
5023.77286302  2.28969712663e-22
5636.76586253  2.28866941043e-22
6324.55532034  2.28661372743e-22
7096.26778467  2.28379361343e-22
7962.14341107  2.28042743823e-22
8933.67184302  2.27669404798e-22
10023.7446725  2.2727377257e-22
11246.8265038  2.26867273724e-22
12619.1468896  2.26458758068e-22
14158.9156877  2.26054896548e-22
15886.5646945  2.2566055001e-22
17825.0187627  2.25279104952e-22
20000  2.24912772712e-22

