2.82507508925 20000 78
78
2.82507508925  0
3.16978638492  4.17395147348e-42
3.55655882008  1.31481239872e-41
3.99052462994  1.68793178285e-38
4.47744227714  1.39276993285e-37
5.02377286302  2.02746092401e-35
5.63676586253  1.39382516056e-34
6.32455532034  1.03160556517e-32
7.09626778467  2.55439419846e-31
7.96214341107  4.28292023865e-30
8.93367184302  6.40030872864e-29
10.0237446725  8.33284041304e-28
11.2468265038  8.85687075459e-27
12.6191468896  8.64789412556e-26
14.1589156877  6.984131186e-25
15.8865646945  4.39162142047e-24
17.8250187627  1.72431069084e-23
20  4.86679220594e-23
22.440369086  8.63790105201e-23
25.1785082359  1.19392307871e-22
28.2507508925  1.3850379108e-22
31.6978638492  1.54665520399e-22
35.5655882008  1.6820053944e-22
39.9052462994  1.79395436668e-22
44.7744227714  1.88504510716e-22
50.2377286302  1.95753557293e-22
56.3676586253  2.01343328395e-22
63.2455532034  2.05452714054e-22
70.9626778467  2.08241696396e-22
79.6214341107  2.09854124861e-22
89.3367184302  2.10420359644e-22
100.237446725  2.1005982626e-22
112.468265038  2.08883515903e-22
126.191468896  2.06996450639e-22
141.589156877  2.04500105424e-22
158.865646945  2.01494735275e-22
178.250187627  1.9808149102e-22
200  1.94364119718e-22
224.40369086  1.90449944279e-22
251.785082359  1.86449726251e-22
282.507508925  1.82475985964e-22
316.978638492  1.78730000291e-22
355.655882008  1.75128740699e-22
399.052462994  1.71858280648e-22
447.744227714  1.68986615183e-22
502.377286302  1.66554734186e-22
563.676586253  1.64573672085e-22
632.455532034  1.63025583384e-22
709.626778467  1.61869276292e-22
796.214341107  1.61081918134e-22
893.367184302  1.60162841203e-22
1002.37446725  1.60548074882e-22
1124.68265038  1.61393292123e-22
1261.91468896  1.62707149647e-22
1415.89156877  1.66069922224e-22
1588.65646945  1.70048790055e-22
1782.50187627  1.73225789962e-22
2000  1.75840222275e-22
2244.0369086  1.77861602263e-22
2517.85082359  1.79459664153e-22
2825.07508925  1.80623832568e-22
3169.78638492  1.81440549249e-22
3556.55882008  1.81978153788e-22
3990.52462994  1.82291868236e-22
4477.44227714  1.82427060608e-22
5023.77286302  1.82421422109e-22
5636.76586253  1.82306448397e-22
6324.55532034  1.82108475952e-22
7096.26778467  1.81849438798e-22
7962.14341107  1.81547454223e-22
8933.67184302  1.81217307037e-22
10023.7446725  1.80870874363e-22
11246.8265038  1.80517513884e-22
12619.1468896  1.80164425741e-22
14158.9156877  1.79816990535e-22
15886.5646945  1.79479081797e-22
17825.0187627  1.79153349833e-22
20000  1.78841474081e-22

