2.82507508925 20000 78
78
2.82507508925  0
3.16978638492  2.13141484865e-38
3.55655882008  6.71404707892e-38
3.99052462994  1.73583088442e-35
4.47744227714  1.42587923014e-34
5.02377286302  7.12126236202e-33
5.63676586253  4.78962397406e-32
6.32455532034  1.65261969877e-30
7.09626778467  2.42417774171e-29
7.96214341107  2.77780938504e-28
8.93367184302  2.94294268208e-27
10.0237446725  2.74905209403e-26
11.2468265038  2.12488502503e-25
12.6191468896  1.40750744388e-24
14.1589156877  6.94676711778e-24
15.8865646945  2.18446751228e-23
17.8250187627  4.42962572819e-23
20  7.29827359279e-23
22.440369086  1.06159043113e-22
25.1785082359  1.34220643067e-22
28.2507508925  1.48846704543e-22
31.6978638492  1.61095935473e-22
35.5655882008  1.71226770354e-22
39.9052462994  1.7946845985e-22
44.7744227714  1.86024430936e-22
50.2377286302  1.91075348865e-22
56.3676586253  1.94781923081e-22
63.2455532034  1.97287499137e-22
70.9626778467  1.98720478496e-22
79.6214341107  1.99196607648e-22
89.3367184302  1.98821176513e-22
100.237446725  1.97691162543e-22
112.468265038  1.95897349472e-22
126.191468896  1.93526435278e-22
141.589156877  1.90663118911e-22
158.865646945  1.87392114881e-22
178.250187627  1.8379998459e-22
200  1.79976592515e-22
224.40369086  1.76015901483e-22
251.785082359  1.72015738162e-22
282.507508925  1.68076133536e-22
316.978638492  1.64380380785e-22
355.655882008  1.60846991244e-22
399.052462994  1.57645991867e-22
447.744227714  1.5483757703e-22
502.377286302  1.52457125113e-22
563.676586253  1.5051243811e-22
632.455532034  1.48984726453e-22
709.626778467  1.47833736186e-22
796.214341107  1.47036457692e-22
893.367184302  1.46120826929e-22
1002.37446725  1.46430923775e-22
1124.68265038  1.47174480762e-22
1261.91468896  1.48358959186e-22
1415.89156877  1.51450576365e-22
1588.65646945  1.55119902355e-22
1782.50187627  1.58049857092e-22
2000  1.60461786418e-22
2244.0369086  1.62325011442e-22
2517.85082359  1.6379717114e-22
2825.07508925  1.64867216605e-22
3169.78638492  1.65615334822e-22
3556.55882008  1.66104917634e-22
3990.52462994  1.66387185889e-22
4477.44227714  1.66504218237e-22
5023.77286302  1.66490971972e-22
5636.76586253  1.66376657669e-22
6324.55532034  1.66185700617e-22
7096.26778467  1.65938442523e-22
7962.14341107  1.65651684477e-22
8933.67184302  1.65339135795e-22
10023.7446725  1.65011807781e-22
11246.8265038  1.64678373692e-22
12619.1468896  1.64345504362e-22
14158.9156877  1.64018181754e-22
15886.5646945  1.63699988893e-22
17825.0187627  1.63393373297e-22
20000  1.63099881221e-22

