0.893367184302 20000 88
88
0.893367184302  0
1.00237446725  2.60294147731e-42
1.12468265038  1.91168279361e-41
1.26191468896  3.96050458278e-41
1.41589156877  6.2593204398e-41
1.58865646945  8.83863425442e-41
1.78250187627  1.17326719539e-40
2  4.0253111545e-36
2.2440369086  3.13084443704e-35
2.51785082359  6.54945208975e-35
2.82507508925  1.03851929641e-34
3.16978638492  5.59219827192e-32
3.55655882008  1.75889085063e-31
3.99052462994  3.47452964776e-30
4.47744227714  2.65985176424e-29
5.02377286302  2.47890121552e-28
5.63676586253  1.42380783743e-27
6.32455532034  1.32782991414e-26
7.09626778467  7.75159361605e-26
7.96214341107  4.08746094254e-25
8.93367184302  1.89853011832e-24
10.0237446725  6.97474428751e-24
11.2468265038  1.85431199528e-23
12.6191468896  3.57956482616e-23
14.1589156877  5.45977440322e-23
15.8865646945  7.21983639595e-23
17.8250187627  8.78001207624e-23
20  1.04453945267e-22
22.440369086  1.23514158289e-22
25.1785082359  1.39127467996e-22
28.2507508925  1.46297151556e-22
31.6978638492  1.52083164783e-22
35.5655882008  1.56632705521e-22
39.9052462994  1.60076341151e-22
44.7744227714  1.62529968455e-22
50.2377286302  1.64096613632e-22
56.3676586253  1.64868098972e-22
63.2455532034  1.64926603213e-22
70.9626778467  1.64346142977e-22
79.6214341107  1.63194002775e-22
89.3367184302  1.61532140215e-22
100.237446725  1.59418590297e-22
112.468265038  1.56908886491e-22
126.191468896  1.54057504203e-22
141.589156877  1.50919311131e-22
158.865646945  1.4755097505e-22
178.250187627  1.44012229598e-22
200  1.40366832503e-22
224.40369086  1.36682975743e-22
251.785082359  1.33032844194e-22
282.507508925  1.29491007251e-22
316.978638492  1.26202712687e-22
355.655882008  1.23089821498e-22
399.052462994  1.20287349477e-22
447.744227714  1.17838019762e-22
502.377286302  1.15764554059e-22
563.676586253  1.1406765287e-22
632.455532034  1.1272704322e-22
709.626778467  1.11705848626e-22
796.214341107  1.10982710247e-22
893.367184302  1.10180379383e-22
1002.37446725  1.10378181484e-22
1124.68265038  1.10937338561e-22
1261.91468896  1.1186249259e-22
1415.89156877  1.1436637796e-22
1588.65646945  1.17346808925e-22
1782.50187627  1.19714258553e-22
2000  1.21652472678e-22
2244.0369086  1.23141287579e-22
2517.85082359  1.24310071062e-22
2825.07508925  1.25152191756e-22
3169.78638492  1.2573350302e-22
3556.55882008  1.26105991248e-22
3990.52462994  1.2631159289e-22
4477.44227714  1.26384696276e-22
5023.77286302  1.26353812691e-22
5636.76586253  1.2624271479e-22
6324.55532034  1.26071234196e-22
7096.26778467  1.25855844541e-22
7962.14341107  1.2561011302e-22
8933.67184302  1.25345073603e-22
10023.7446725  1.25069554035e-22
11246.8265038  1.24790474183e-22
12619.1468896  1.24513123589e-22
14158.9156877  1.24241420158e-22
15886.5646945  1.2397814883e-22
17825.0187627  1.23725177955e-22
20000  1.23483651278e-22

