3.55655882008 20000 76
76
3.55655882008  0
3.99052462994  2.75606932269e-40
4.47744227714  2.27669457734e-39
5.02377286302  6.63889135063e-37
5.63676586253  4.58992958065e-36
6.32455532034  5.56570355094e-34
7.09626778467  1.94424766998e-32
7.96214341107  4.16323200378e-31
8.93367184302  7.65421232405e-30
10.0237446725  1.20231449841e-28
11.2468265038  1.50367175408e-27
12.6191468896  1.74739281134e-26
14.1589156877  1.68970005509e-25
15.8865646945  1.38821793852e-24
17.8250187627  7.89524213824e-24
20  3.87988129117e-23
22.440369086  7.66290462751e-23
25.1785082359  1.11084778558e-22
28.2507508925  1.33179237987e-22
31.6978638492  1.51940999257e-22
35.5655882008  1.6773622586e-22
39.9052462994  1.80889766227e-22
44.7744227714  1.91689858659e-22
50.2377286302  2.00392403536e-22
56.3676586253  2.07224859413e-22
63.2455532034  2.12389818854e-22
70.9626778467  2.16068319122e-22
79.6214341107  2.18422941662e-22
89.3367184302  2.1960075223e-22
100.237446725  2.19736129089e-22
112.468265038  2.18953517948e-22
126.191468896  2.17370136024e-22
141.589156877  2.15098619389e-22
158.865646945  2.12249562207e-22
178.250187627  2.08933828687e-22
200  2.05264427113e-22
224.40369086  2.01357628386e-22
251.785082359  1.97332915258e-22
282.507508925  1.93311314463e-22
316.978638492  1.89505799252e-22
355.655882008  1.85833932837e-22
399.052462994  1.82492385128e-22
447.744227714  1.79554970706e-22
502.377286302  1.77067066426e-22
563.676586253  1.75042453398e-22
632.455532034  1.73464370529e-22
709.626778467  1.72291254798e-22
796.214341107  1.71500249252e-22
893.367184302  1.70564196977e-22
1002.37446725  1.70993739392e-22
1124.68265038  1.71901790891e-22
1261.91468896  1.73298058864e-22
1415.89156877  1.76832751188e-22
1588.65646945  1.81011072008e-22
1782.50187627  1.8435238897e-22
2000  1.87106246659e-22
2244.0369086  1.89238911739e-22
2517.85082359  1.90927980932e-22
2825.07508925  1.92161516922e-22
3169.78638492  1.93029972844e-22
3556.55882008  1.93604897504e-22
3990.52462994  1.93944138411e-22
4477.44227714  1.94095248222e-22
5023.77286302  1.94097757e-22
5636.76586253  1.93984717753e-22
6324.55532034  1.93783787463e-22
7096.26778467  1.93518016238e-22
7962.14341107  1.9320645814e-22
8933.67184302  1.92864676317e-22
10023.7446725  1.92505186342e-22
11246.8265038  1.92137861655e-22
12619.1468896  1.91770311748e-22
14158.9156877  1.91408235589e-22
15886.5646945  1.91055748553e-22
17825.0187627  1.90715679565e-22
20000  1.90389835422e-22

