2.82507508925 20000 78
78
2.82507508925  0
3.16978638492  9.43627529853e-42
3.55655882008  2.97246669949e-41
3.99052462994  3.23715497495e-38
4.47744227714  2.67054734021e-37
5.02377286302  3.47897365956e-35
5.63676586253  2.38852258772e-34
6.32455532034  1.63373773701e-32
7.09626778467  3.82957813088e-31
7.96214341107  6.17256377026e-30
8.93367184302  8.91143367443e-29
10.0237446725  1.12379272107e-27
11.2468265038  1.16153572602e-26
12.6191468896  1.10118595558e-25
14.1589156877  8.61112742702e-25
15.8865646945  5.14242218189e-24
17.8250187627  1.89909201452e-23
20  4.98939966722e-23
22.440369086  8.68306869871e-23
25.1785082359  1.19087603781e-22
28.2507508925  1.37630622775e-22
31.6978638492  1.53300285817e-22
35.5655882008  1.66411105801e-22
39.9052462994  1.77242107055e-22
44.7744227714  1.86040882047e-22
50.2377286302  1.93027280757e-22
56.3676586253  1.98396782117e-22
63.2455532034  2.02323596536e-22
70.9626778467  2.04963548112e-22
79.6214341107  2.06456784278e-22
89.3367184302  2.06930358857e-22
100.237446725  2.06500730434e-22
112.468265038  2.05276209703e-22
126.191468896  2.03359374006e-22
141.589156877  2.00849440354e-22
158.865646945  1.97844544943e-22
178.250187627  1.94443812859e-22
200  1.90749015331e-22
224.40369086  1.86865511764e-22
251.785082359  1.82902085153e-22
282.507508925  1.78969251733e-22
316.978638492  1.75265621783e-22
355.655882008  1.71707509396e-22
399.052462994  1.68478449576e-22
447.744227714  1.65644800064e-22
502.377286302  1.63246254962e-22
563.676586253  1.61292991951e-22
632.455532034  1.59766796411e-22
709.626778467  1.5862657388e-22
796.214341107  1.57849677253e-22
893.367184302  1.56946357639e-22
1002.37446725  1.57326092317e-22
1124.68265038  1.58160111983e-22
1261.91468896  1.59456722809e-22
1415.89156877  1.62780868599e-22
1588.65646945  1.66712651114e-22
1782.50187627  1.69848352642e-22
2000  1.72425446964e-22
2244.0369086  1.74416032966e-22
2517.85082359  1.75987877626e-22
2825.07508925  1.77131627629e-22
3169.78638492  1.77932756217e-22
3556.55882008  1.7845881214e-22
3990.52462994  1.78764356945e-22
4477.44227714  1.78894197136e-22
5023.77286302  1.78885540709e-22
5636.76586253  1.78769464744e-22
6324.55532034  1.78571942588e-22
7096.26778467  1.78314594135e-22
7962.14341107  1.78015266652e-22
8933.67184302  1.77688514937e-22
10023.7446725  1.77346022352e-22
11246.8265038  1.7699698542e-22
12619.1468896  1.76648472115e-22
14158.9156877  1.76305756294e-22
15886.5646945  1.75972626702e-22
17825.0187627  1.75651667522e-22
20000  1.7534450768e-22

