3.55655882008 20000 76
76
3.55655882008  0
3.99052462994  5.59578866369e-40
4.47744227714  4.62248957299e-39
5.02377286302  1.1967677578e-36
5.63676586253  8.26821944551e-36
6.32455532034  9.21135948557e-34
7.09626778467  3.0324972838e-32
7.96214341107  6.22641648828e-31
8.93367184302  1.10523740298e-29
10.0237446725  1.6819762091e-28
11.2468265038  2.04694587227e-27
12.6191468896  2.31171741323e-26
14.1589156877  2.17505151725e-25
15.8865646945  1.72036220428e-24
17.8250187627  9.22181214055e-24
20  4.04811005126e-23
22.440369086  7.86550626403e-23
25.1785082359  1.13114833918e-22
28.2507508925  1.34737591285e-22
31.6978638492  1.53086902139e-22
35.5655882008  1.6852223106e-22
39.9052462994  1.81362480673e-22
44.7744227714  1.91890613458e-22
50.2377286302  2.00357849159e-22
56.3676586253  2.06987493525e-22
63.2455532034  2.11978453428e-22
70.9626778467  2.15508492654e-22
79.6214341107  2.17737281589e-22
89.3367184302  2.18809291926e-22
100.237446725  2.18856583182e-22
112.468265038  2.18001519123e-22
126.191468896  2.16359436049e-22
141.589156877  2.14041256827e-22
158.865646945  2.11155999347e-22
178.250187627  2.0781306067e-22
200  2.04124067297e-22
224.40369086  2.00203975712e-22
251.785082359  1.96171011722e-22
282.507508925  1.92145003333e-22
316.978638492  1.88337252354e-22
355.655882008  1.84665406643e-22
399.052462994  1.81324666764e-22
447.744227714  1.78388121224e-22
502.377286302  1.75900620144e-22
563.676586253  1.73875629096e-22
632.455532034  1.72296270323e-22
709.626778467  1.71121024362e-22
796.214341107  1.70326970272e-22
893.367184302  1.69388978543e-22
1002.37446725  1.69810477353e-22
1124.68265038  1.7070838911e-22
1261.91468896  1.72092309251e-22
1415.89156877  1.75602287934e-22
1588.65646945  1.7975276151e-22
1782.50187627  1.83072020886e-22
2000  1.85807975285e-22
2244.0369086  1.87926697224e-22
2517.85082359  1.89604727772e-22
2825.07508925  1.90829998206e-22
3169.78638492  1.91692410247e-22
3556.55882008  1.92263077172e-22
3990.52462994  1.92599494942e-22
4477.44227714  1.92748927887e-22
5023.77286302  1.92750667112e-22
5636.76586253  1.9263756655e-22
6324.55532034  1.92437117284e-22
7096.26778467  1.92172231753e-22
7962.14341107  1.91861850707e-22
8933.67184302  1.91521445143e-22
10023.7446725  1.91163456834e-22
11246.8265038  1.90797701235e-22
12619.1468896  1.90431743308e-22
14158.9156877  1.90071248777e-22
15886.5646945  1.89720309061e-22
17825.0187627  1.89381736618e-22
20000  1.89057327681e-22

