4.47744227714 20000 74
74
4.47744227714  0
5.02377286302  5.02028535593e-43
5.63676586253  3.49037761527e-42
6.32455532034  4.00148655407e-39
7.09626778467  5.91278089248e-37
7.96214341107  3.76537306716e-35
8.93367184302  2.71265153667e-34
10.0237446725  3.02083385427e-34
11.2468265038  2.81421758599e-34
12.6191468896  2.58239032001e-34
14.1589156877  2.32227584937e-34
15.8865646945  2.03042261309e-34
17.8250187627  1.70295789603e-34
20  1.7715584732e-23
22.440369086  3.93318673922e-23
25.1785082359  6.89052161216e-23
28.2507508925  1.02977966558e-22
31.6978638492  1.32200600195e-22
35.5655882008  1.57110448148e-22
39.9052462994  1.78184242281e-22
44.7744227714  1.9584495839e-22
50.2377286302  2.10468009774e-22
56.3676586253  2.22386871067e-22
63.2455532034  2.3189821027e-22
70.9626778467  2.3926660493e-22
79.6214341107  2.44728916209e-22
89.3367184302  2.48498391274e-22
100.237446725  2.50768558758e-22
112.468265038  2.51716971566e-22
126.191468896  2.5150883246e-22
141.589156877  2.5030050551e-22
158.865646945  2.48242864469e-22
178.250187627  2.45484351368e-22
200  2.42173512939e-22
224.40369086  2.38460657187e-22
251.785082359  2.34498156371e-22
282.507508925  2.30438873786e-22
316.978638492  2.26537901954e-22
355.655882008  2.22717838041e-22
399.052462994  2.19213233696e-22
447.744227714  2.16119689333e-22
502.377286302  2.13499301025e-22
563.676586253  2.11376786008e-22
632.455532034  2.09740447588e-22
709.626778467  2.08548608486e-22
796.214341107  2.0777920589e-22
893.367184302  2.06814199597e-22
1002.37446725  2.07421306519e-22
1124.68265038  2.08567080409e-22
1261.91468896  2.10265348097e-22
1415.89156877  2.14403618791e-22
1588.65646945  2.19278179307e-22
1782.50187627  2.23196002163e-22
2000  2.26441165636e-22
2244.0369086  2.28968110154e-22
2517.85082359  2.30981266932e-22
2825.07508925  2.32463730758e-22
3169.78638492  2.33519688667e-22
3556.55882008  2.34231710658e-22
3990.52462994  2.34666686432e-22
4477.44227714  2.34879712552e-22
5023.77286302  2.34916684518e-22
5636.76586253  2.34816058722e-22
6324.55532034  2.34610083941e-22
7096.26778467  2.34325699928e-22
7962.14341107  2.33985233109e-22
8933.67184302  2.33606972548e-22
10023.7446725  2.33205676401e-22
11246.8265038  2.32793036079e-22
12619.1468896  2.32378110169e-22
14158.9156877  2.31967730785e-22
15886.5646945  2.31566880165e-22
17825.0187627  2.31179033573e-22
20000  2.30806464877e-22

