4.47744227714 20000 74
74
4.47744227714  0
5.02377286302  4.86231199966e-41
5.63676586253  3.38054587715e-40
6.32455532034  1.67750146463e-37
7.09626778467  1.62073047701e-35
7.96214341107  7.1922676536e-34
8.93367184302  2.38849134999e-32
10.0237446725  6.37472895779e-31
11.2468265038  1.26316114062e-29
12.6191468896  2.38057683649e-28
14.1589156877  3.49435535821e-27
15.8865646945  4.676024968e-26
17.8250187627  5.08608086704e-25
20  2.10801955206e-23
22.440369086  4.62748606646e-23
25.1785082359  7.66801557658e-23
28.2507508925  1.07576204247e-22
31.6978638492  1.34029866758e-22
35.5655882008  1.56532614551e-22
39.9052462994  1.75520499468e-22
44.7744227714  1.91380419351e-22
50.2377286302  2.04455793152e-22
56.3676586253  2.15051719033e-22
63.2455532034  2.23439687177e-22
70.9626778467  2.29861917429e-22
79.6214341107  2.34535389977e-22
89.3367184302  2.37655634285e-22
100.237446725  2.39400336132e-22
112.468265038  2.39932812499e-22
126.191468896  2.39405385791e-22
141.589156877  2.37962657487e-22
158.865646945  2.35744630857e-22
178.250187627  2.32889557134e-22
200  2.29536277746e-22
224.40369086  2.25825715398e-22
251.785082359  2.21901057319e-22
282.507508925  2.1790613171e-22
316.978638492  2.14084468451e-22
355.655882008  2.1035572094e-22
399.052462994  2.06943779191e-22
447.744227714  2.03937429983e-22
502.377286302  2.01393363982e-22
563.676586253  1.99332612202e-22
632.455532034  1.97741641286e-22
709.626778467  1.96578667768e-22
796.214341107  1.95821718828e-22
893.367184302  1.94888877644e-22
1002.37446725  1.9545581508e-22
1124.68265038  1.96542264259e-22
1261.91468896  1.98160606442e-22
1415.89156877  2.02136740988e-22
1588.65646945  2.06819387181e-22
1782.50187627  2.10571817248e-22
2000  2.13670176645e-22
2244.0369086  2.16076648752e-22
2517.85082359  2.17988081759e-22
2825.07508925  2.19391163096e-22
3169.78638492  2.20386279832e-22
3556.55882008  2.21052908845e-22
3990.52462994  2.2145536567e-22
4477.44227714  2.21646567604e-22
5023.77286302  2.21670543582e-22
5636.76586253  2.21564141276e-22
6324.55532034  2.21358221208e-22
7096.26778467  2.21078528679e-22
7962.14341107  2.20746368962e-22
8933.67184302  2.20379166061e-22
10023.7446725  2.19990953469e-22
11246.8265038  2.19592823334e-22
12619.1468896  2.19193345723e-22
14158.9156877  2.18798960684e-22
15886.5646945  2.18414341123e-22
17825.0187627  2.1804272281e-22
20000  2.17686198095e-22

