4.47744227714 20000 74
74
4.47744227714  0
5.02377286302  4.86231199966e-41
5.63676586253  3.38054587715e-40
6.32455532034  1.67750146463e-37
7.09626778467  1.62073047701e-35
7.96214341107  7.1922676536e-34
8.93367184302  2.38849134999e-32
10.0237446725  6.37472895779e-31
11.2468265038  1.26316114062e-29
12.6191468896  2.38057683649e-28
14.1589156877  3.49435535821e-27
15.8865646945  4.676024968e-26
17.8250187627  5.08608086704e-25
20  2.21660668578e-23
22.440369086  4.8685695423e-23
25.1785082359  7.97245689877e-23
28.2507508925  1.10152858225e-22
31.6978638492  1.36195537933e-22
35.5655882008  1.58337622774e-22
39.9052462994  1.77009431181e-22
44.7744227714  1.9259277172e-22
50.2377286302  2.05426547055e-22
56.3676586253  2.15811848011e-22
63.2455532034  2.24016608741e-22
70.9626778467  2.30279892404e-22
79.6214341107  2.34815874914e-22
89.3367184302  2.37817591359e-22
100.237446725  2.39460504382e-22
112.468265038  2.39905943808e-22
126.191468896  2.39304448646e-22
141.589156877  2.37799011373e-22
158.865646945  2.35528174217e-22
178.250187627  2.32628852235e-22
200  2.29238656634e-22
224.40369086  2.25497372324e-22
251.785082359  2.21547134534e-22
282.507508925  2.17530806683e-22
316.978638492  2.13690611864e-22
355.655882008  2.09946347888e-22
399.052462994  2.0652081949e-22
447.744227714  2.03502335017e-22
502.377286302  2.0094725415e-22
563.676586253  1.9887641196e-22
632.455532034  1.97276186825e-22
709.626778467  1.9610477527e-22
796.214341107  1.95340045274e-22
893.367184302  1.94399440884e-22
1002.37446725  1.94957455946e-22
1124.68265038  1.9603421801e-22
1261.91468896  1.97642054167e-22
1415.89156877  2.01599233801e-22
1588.65646945  2.06261642385e-22
1782.50187627  2.09999031329e-22
2000  2.13086148603e-22
2244.0369086  2.15484253132e-22
2517.85082359  2.17389499585e-22
2825.07508925  2.18788089684e-22
3169.78638492  2.19780029916e-22
3556.55882008  2.2044450253e-22
3990.52462994  2.20845590457e-22
4477.44227714  2.21036024976e-22
5023.77286302  2.21059685212e-22
5636.76586253  2.20953297999e-22
6324.55532034  2.20747626723e-22
7096.26778467  2.20468339267e-22
7962.14341107  2.20136680052e-22
8933.67184302  2.19770026182e-22
10023.7446725  2.1938237596e-22
11246.8265038  2.18984796077e-22
12619.1468896  2.18585839112e-22
14158.9156877  2.18191934016e-22
15886.5646945  2.17807747602e-22
17825.0187627  2.17436513331e-22
20000  2.17080324004e-22

