3.55655882008 20000 76
76
3.55655882008  0
3.99052462994  4.02541558408e-43
4.47744227714  3.32525809723e-42
5.02377286302  3.3806070263e-39
5.63676586253  2.34661630836e-38
6.32455532034  6.33223319521e-36
7.09626778467  3.89593596375e-34
7.96214341107  1.2442369261e-32
8.93367184302  3.17019285634e-31
10.0237446725  6.66674667742e-30
11.2468265038  1.06936911534e-28
12.6191468896  1.59586944183e-27
14.1589156877  1.91104768585e-26
15.8865646945  2.04004154195e-25
17.8250187627  1.72949661113e-24
20  2.95384798327e-23
22.440369086  6.36787024247e-23
25.1785082359  9.76828598225e-23
28.2507508925  1.23943007624e-22
31.6978638492  1.46339764723e-22
35.5655882008  1.65299114642e-22
39.9052462994  1.81198985498e-22
44.7744227714  1.94374702677e-22
50.2377286302  2.05123933224e-22
56.3676586253  2.13711186682e-22
63.2455532034  2.20371936006e-22
70.9626778467  2.2531642097e-22
79.6214341107  2.28733194995e-22
89.3367184302  2.30792473817e-22
100.237446725  2.31649339527e-22
112.468265038  2.31446844181e-22
126.191468896  2.30319039924e-22
141.589156877  2.28393932837e-22
158.865646945  2.25796309767e-22
178.250187627  2.22650315859e-22
200  2.19081563748e-22
224.40369086  2.15218441641e-22
251.785082359  2.11192183891e-22
282.507508925  2.07135228285e-22
316.978638492  2.03275924507e-22
355.655882008  1.99533142243e-22
399.052462994  1.96117420976e-22
447.744227714  1.93110366876e-22
502.377286302  1.90563283465e-22
563.676586253  1.88493749548e-22
632.455532034  1.86886644656e-22
709.626778467  1.85700152769e-22
796.214341107  1.84911564397e-22
893.367184302  1.83960052892e-22
1002.37446725  1.844515526e-22
1124.68265038  1.8544457275e-22
1261.91468896  1.86950259979e-22
1415.89156877  1.90708007306e-22
1588.65646945  1.95144210553e-22
1782.50187627  1.98698393139e-22
2000  2.01633143339e-22
2244.0369086  2.03910541346e-22
2517.85082359  2.05718225758e-22
2825.07508925  2.07042510697e-22
3169.78638492  2.07978983109e-22
3556.55882008  2.08603304543e-22
3990.52462994  2.08976691306e-22
4477.44227714  2.09149502352e-22
5023.77286302  2.09163632228e-22
5636.76586253  2.09054138279e-22
6324.55532034  2.08850378456e-22
7096.26778467  2.08576841758e-22
7962.14341107  2.08253791041e-22
8933.67184302  2.07897794812e-22
10023.7446725  2.07522194267e-22
11246.8265038  2.07137530746e-22
12619.1468896  2.06751944774e-22
14158.9156877  2.06371549262e-22
15886.5646945  2.06000774973e-22
17825.0187627  2.05642684725e-22
20000  2.05299253074e-22

