2.319100e-02  0.000000e+00
2.415490e-02  3.871960e+00
2.511890e-02  7.457900e+00
2.674480e-02  1.294410e+01
2.918380e-02  2.004640e+01
3.162280e-02  2.603430e+01
3.571670e-02  3.412950e+01
3.981070e-02  4.035360e+01
6.309570e-02  5.716240e+01
1.584890e-01  6.225230e+01
5.011870e-01  5.851260e+01
3.981070e+00  7.485310e+01
1.000000e+01  8.814630e+01
2.511890e+01  1.024140e+02
6.309570e+01  1.169900e+02
1.584890e+02  1.311690e+02
3.981070e+02  1.417030e+02
1.000000e+05  1.473140e+02
-1  -1
3.391200e-03  0.000000e+00
3.686140e-03  1.265440e+02
3.981070e-03  2.442890e+02
4.496470e-03  4.308640e+02
5.011870e-03  5.943830e+02
5.660720e-03  7.701690e+02
6.309570e-03  9.140970e+02
8.154790e-03  1.196700e+03
1.258930e-02  1.452750e+03
1.995260e-02  1.452770e+03
5.011870e-02  1.073970e+03
6.309570e-02  9.677310e+02
1.584890e-01  6.395650e+02
3.981070e-01  4.813770e+02
6.309570e-01  4.517830e+02
1.584890e+00  4.576640e+02
6.309570e+00  5.517070e+02
1.584890e+01  6.336540e+02
3.981070e+01  7.098530e+02
1.000000e+05  7.747580e+02
-1  -1
3.151500e-03  0.000000e+00
3.162280e-03  9.852420e+00
3.366980e-03  1.927050e+02
3.674020e-03  4.454440e+02
3.981070e-03  6.721640e+02
4.496470e-03  9.974370e+02
5.011870e-03  1.262820e+03
5.660720e-03  1.524480e+03
6.309570e-03  1.723660e+03
8.154790e-03  2.068570e+03
1.258930e-02  2.290430e+03
3.981070e-02  1.716160e+03
6.309570e-02  1.392610e+03
1.584890e-01  9.197580e+02
3.981070e-01  6.969460e+02
6.309570e-01  6.568270e+02
1.584890e+00  6.708940e+02
6.309570e+00  8.169890e+02
1.584890e+01  9.422710e+02
3.981070e+01  1.052720e+03
1.000000e+05  1.127990e+03
-1  -1
3.004500e-03  0.000000e+00
3.162280e-03  3.206160e+02
3.571670e-03  1.080700e+03
3.981070e-03  1.737120e+03
4.496470e-03  2.422480e+03
5.011870e-03  2.977910e+03
8.154790e-03  4.604380e+03
1.584890e-02  4.902470e+03
3.981070e-02  3.644360e+03
6.309570e-02  2.941840e+03
1.000000e-01  2.362720e+03
1.258930e-01  2.128550e+03
3.162280e-01  1.534690e+03
1.258930e+00  1.374540e+03
5.011870e+00  1.641710e+03
1.258930e+01  1.897080e+03
3.162280e+01  2.139330e+03
1.000000e+05  2.331850e+03
-1  -1
6.159500e-04  0.000000e+00
6.309570e-04  8.474820e+02
6.770880e-04  3.225590e+03
7.578160e-04  6.723600e+03
8.789080e-04  1.115760e+04
1.000000e-03  1.512860e+04
1.584890e-03  2.714060e+04
2.511890e-03  3.323670e+04
3.162280e-03  3.386210e+04
1.000000e-02  2.306780e+04
1.584890e-02  1.752170e+04
2.511890e-02  1.291620e+04
3.981070e-02  9.409660e+03
6.309570e-02  6.882740e+03
8.154790e-02  5.825100e+03
1.258930e-01  4.484590e+03
1.995260e-01  3.538560e+03
2.511890e-01  3.205180e+03
6.309570e-01  2.504830e+03
1.258930e+00  2.404730e+03
6.309570e+00  2.734470e+03
1.995260e+01  2.961790e+03
1.000000e+05  3.045720e+03
-1  -1
5.201500e-04  0.000000e+00
5.340010e-04  1.197010e+03
5.824790e-04  5.033030e+03
6.309570e-04  8.634370e+03
7.232180e-04  1.488760e+04
8.616090e-04  2.282120e+04
1.000000e-03  2.923400e+04
1.584890e-03  4.448940e+04
2.511890e-03  5.034940e+04
3.981070e-03  4.784530e+04
6.309570e-03  4.072070e+04
1.000000e-02  3.222190e+04
1.584890e-02  2.437400e+04
2.511890e-02  1.798150e+04
3.981070e-02  1.315000e+04
6.309570e-02  9.672610e+03
8.154790e-02  8.215450e+03
1.258930e-01  6.365530e+03
1.995260e-01  5.058150e+03
2.511890e-01  4.597850e+03
6.309570e-01  3.643610e+03
1.258930e+00  3.532650e+03
6.309570e+00  4.072110e+03
1.995260e+01  4.388490e+03
1.000000e+05  4.493880e+03
-1  -1
4.946600e-04  0.000000e+00
5.011870e-04  1.348990e+03
5.336300e-04  7.566490e+03
6.309570e-04  2.469830e+04
7.232180e-04  3.910000e+04
8.616090e-04  5.716450e+04
1.000000e-03  7.153290e+04
1.584890e-03  1.042000e+05
2.511890e-03  1.149900e+05
5.011870e-03  9.972780e+04
1.000000e-02  7.128590e+04
1.584890e-02  5.376590e+04
2.511890e-02  3.962430e+04
3.981070e-02  2.898260e+04
6.309570e-02  2.133760e+04
8.154790e-02  1.813560e+04
1.258930e-01  1.407070e+04
1.995260e-01  1.119810e+04
2.511890e-01  1.018720e+04
6.309570e-01  8.098750e+03
1.258930e+00  7.869800e+03
1.995260e+01  9.756880e+03
1.000000e+05  9.969550e+03
-1  -1
3.230300e-04  0.000000e+00
3.324150e-04  5.822910e+03
4.238770e-04  5.889130e+04
4.625320e-04  8.785190e+04
5.011870e-04  1.252370e+05
5.660720e-04  1.805110e+05
6.309570e-04  2.258640e+05
7.232180e-04  2.760620e+05
8.616090e-04  3.258590e+05
1.258930e-03  3.830890e+05
1.995260e-03  3.836200e+05
5.011870e-03  2.810040e+05
6.309570e-03  2.496500e+05
1.000000e-02  1.911850e+05
1.584890e-02  1.424360e+05
2.511890e-02  1.045980e+05
3.981070e-02  7.662800e+04
6.309570e-02  5.666050e+04
8.154790e-02  4.830490e+04
1.258930e-01  3.769000e+04
1.995260e-01  3.018270e+04
2.511890e-01  2.754320e+04
6.309570e-01  2.216010e+04
1.258930e+00  2.169790e+04
1.584890e+01  2.586610e+04
1.000000e+05  2.623550e+04
-1  -1
3.179600e-04  0.000000e+00
3.279780e-04  9.716090e+03
3.981070e-04  7.270910e+04
4.496470e-04  1.253230e+05
5.660720e-04  2.834560e+05
6.309570e-04  3.524710e+05
7.232180e-04  4.276440e+05
8.616090e-04  5.025140e+05
1.258930e-03  5.874760e+05
1.995260e-03  5.858220e+05
5.011870e-03  4.272340e+05
8.154790e-03  3.278500e+05
1.000000e-02  2.898540e+05
1.584890e-02  2.156570e+05
2.511890e-02  1.582320e+05
3.981070e-02  1.158400e+05
6.309570e-02  8.560630e+04
8.154790e-02  7.296200e+04
1.258930e-01  5.690520e+04
1.995260e-01  4.555290e+04
2.511890e-01  4.156200e+04
6.309570e-01  3.342710e+04
1.258930e+00  3.271500e+04
1.584890e+01  3.891590e+04
1.000000e+05  3.945950e+04
-1  -1
8.852000e-05  0.000000e+00
9.139000e-05  3.853070e+04
9.569500e-05  9.185060e+04
1.000000e-04  1.407080e+05
1.129460e-04  2.699500e+05
1.258930e-04  3.815410e+05
1.584890e-04  6.048170e+05
2.511890e-04  9.772600e+05
3.981070e-04  1.181320e+06
6.309570e-04  1.184810e+06
1.584890e-03  8.347010e+05
2.511890e-03  6.241590e+05
3.981070e-03  4.459030e+05
6.309570e-03  3.093130e+05
8.154790e-03  2.502450e+05
1.000000e-02  2.108730e+05
1.584890e-02  1.426160e+05
2.511890e-02  9.646440e+04
3.981070e-02  6.578380e+04
6.309570e-02  4.563750e+04
8.154790e-02  3.764940e+04
1.258930e-01  2.788010e+04
1.995260e-01  2.119780e+04
3.162280e-01  1.704660e+04
5.011870e-01  1.457170e+04
6.309570e-01  1.377470e+04
5.011870e+00  1.215550e+04
1.000000e+05  1.224260e+04
-1  -1
5.884000e-05  0.000000e+00
6.309570e-05  1.706570e+05
7.232180e-05  5.047980e+05
8.616090e-05  9.228510e+05
1.000000e-04  1.254460e+06
1.584890e-04  2.082430e+06
2.511890e-04  2.565560e+06
3.981070e-04  2.652790e+06
1.258930e-03  1.747950e+06
1.995260e-03  1.299890e+06
3.162280e-03  9.263440e+05
5.011870e-03  6.417220e+05
6.309570e-03  5.304250e+05
8.154790e-03  4.274420e+05
1.000000e-02  3.593590e+05
1.584890e-02  2.422520e+05
2.511890e-02  1.636210e+05
3.981070e-02  1.115270e+05
6.309570e-02  7.736570e+04
8.154790e-02  6.382390e+04
1.258930e-01  4.725920e+04
1.995260e-01  3.591800e+04
3.162280e-01  2.885010e+04
5.011870e-01  2.459550e+04
6.309570e-01  2.320170e+04
3.981070e+00  1.999330e+04
1.000000e+05  1.999450e+04
-1  -1
5.478000e-05  0.000000e+00
5.893790e-05  4.171320e+05
6.309570e-05  8.074410e+05
7.232180e-05  1.578060e+06
8.616090e-05  2.519430e+06
1.000000e-04  3.251610e+06
1.584890e-04  5.053110e+06
2.511890e-04  6.035860e+06
3.981070e-04  6.099790e+06
1.000000e-03  4.424370e+06
1.584890e-03  3.353470e+06
2.511890e-03  2.421170e+06
3.981070e-03  1.691920e+06
6.309570e-03  1.158130e+06
8.154790e-03  9.325270e+05
1.000000e-02  7.836390e+05
1.584890e-02  5.279690e+05
2.511890e-02  3.565480e+05
3.981070e-02  2.430530e+05
6.309570e-02  1.686410e+05
8.154790e-02  1.391440e+05
1.258930e-01  1.030580e+05
1.995260e-01  7.834750e+04
3.162280e-01  6.294370e+04
5.011870e-01  5.366850e+04
6.309570e-01  5.062930e+04
3.981070e+00  4.362790e+04
1.000000e+05  4.361040e+04
-1  -1
1.024000e-05  0.000000e+00
1.082730e-05  5.630060e+06
1.170830e-05  1.351550e+07
1.258930e-05  2.082030e+07
1.421910e-05  3.304920e+07
1.584890e-05  4.388150e+07
1.995260e-05  6.639800e+07
3.162280e-05  1.078770e+08
5.011870e-05  1.392360e+08
6.309570e-05  1.475430e+08
1.000000e-04  1.452600e+08
2.511890e-04  1.059600e+08
3.981070e-04  8.315640e+07
6.309570e-04  6.241770e+07
8.154790e-04  5.236880e+07
1.000000e-03  4.524470e+07
1.584890e-03  3.195340e+07
2.511890e-03  2.214300e+07
3.981070e-03  1.514620e+07
6.309570e-03  1.026840e+07
8.154790e-03  8.248480e+06
1.000000e-02  6.924690e+06
1.584890e-02  4.662140e+06
2.511890e-02  3.147720e+06
3.981070e-02  2.144070e+06
6.309570e-02  1.485400e+06
8.154790e-02  1.224250e+06
1.258930e-01  9.048440e+05
1.995260e-01  6.859070e+05
3.162280e-01  5.488860e+05
3.981070e-01  5.017680e+05
1.000000e+00  4.003480e+05
1.995260e+00  3.743070e+05
1.000000e+05  3.614660e+05
-1  -1
9.810000e-06  0.000000e+00
1.000000e-05  3.180710e+06
1.064730e-05  1.346960e+07
1.161830e-05  2.769400e+07
1.258930e-05  4.075150e+07
1.584890e-05  7.798900e+07
1.995260e-05  1.142660e+08
3.162280e-05  1.797640e+08
5.011870e-05  2.267240e+08
6.309570e-05  2.380160e+08
1.000000e-04  2.316000e+08
2.511890e-04  1.672980e+08
3.981070e-04  1.308010e+08
6.309570e-04  9.787300e+07
8.154790e-04  8.197570e+07
1.000000e-03  7.074860e+07
1.584890e-03  4.986190e+07
2.511890e-03  3.450030e+07
3.981070e-03  2.356030e+07
6.309570e-03  1.595180e+07
8.154790e-03  1.280510e+07
1.000000e-02  1.074440e+07
1.584890e-02  7.225660e+06
2.511890e-02  4.874490e+06
3.981070e-02  3.317070e+06
6.309570e-02  2.296060e+06
8.154790e-02  1.891580e+06
1.258930e-01  1.397150e+06
1.995260e-01  1.058460e+06
3.162280e-01  8.465820e+05
3.981070e-01  7.737360e+05
1.000000e+00  6.169480e+05
1.995260e+00  5.766780e+05
1.000000e+05  5.567920e+05
-1  -1
6.560000e-06  0.000000e+00
6.775000e-06  3.148740e+06
7.178120e-06  8.537430e+06
7.883590e-06  1.674420e+07
8.941800e-06  2.701370e+07
1.000000e-05  3.555080e+07
1.584890e-05  6.615430e+07
2.511890e-05  8.652450e+07
5.011870e-05  9.155510e+07
1.258930e-04  6.369560e+07
1.995260e-04  4.707830e+07
3.162280e-04  3.308580e+07
5.011870e-04  2.245090e+07
6.309570e-04  1.832330e+07
8.154790e-04  1.453100e+07
1.000000e-03  1.204370e+07
1.584890e-03  7.818170e+06
2.511890e-03  5.036120e+06
3.981070e-03  3.230400e+06
6.309570e-03  2.069310e+06
8.154790e-03  1.615270e+06
1.000000e-02  1.327320e+06
1.584890e-02  8.551060e+05
2.511890e-02  5.554340e+05
3.981070e-02  3.656640e+05
6.309570e-02  2.457290e+05
8.154790e-02  1.993480e+05
1.258930e-01  1.436320e+05
1.995260e-01  1.061520e+05
3.162280e-01  8.298640e+04
3.981070e-01  7.507270e+04
1.000000e+00  5.810740e+04
1.995260e+00  5.374210e+04
1.000000e+05  5.154660e+04
-1  -1
-2  -2
