5.420000e-06 0.000000e+00
5.420000e-06  9.579960e+06
5.688529e-06  8.243580e+06
6.250000e-06  6.104614e+06
6.250000e-06  6.841992e+06
6.310000e-06  6.651468e+06
6.531306e-06  6.020033e+06
6.606934e-06  5.825722e+06
6.760830e-06  5.463542e+06
7.000000e-06  4.968444e+06
7.244360e-06  4.535049e+06
7.400000e-06  4.292066e+06
7.400000e-06  4.738826e+06
7.440000e-06  4.676800e+06
7.500000e-06  4.588682e+06
7.673615e-06  4.352785e+06
7.700000e-06  4.319463e+06
7.762471e-06  4.243218e+06
7.943282e-06  4.039278e+06
8.035261e-06  3.943691e+06
8.128305e-06  3.853118e+06
8.350000e-06  3.657072e+06
8.420000e-06  3.600945e+06
8.709636e-06  3.393395e+06
8.912509e-06  3.271454e+06
9.015711e-06  3.215780e+06
9.120108e-06  3.163742e+06
9.332543e-06  3.069701e+06
9.549926e-06  2.987234e+06
9.660509e-06  2.950681e+06
1.000000e-05  2.857045e+06
1.011579e-05  2.830950e+06
1.035142e-05  2.787539e+06
1.047129e-05  2.769680e+06
1.071519e-05  2.741142e+06
1.083927e-05  2.730547e+06
1.122018e-05  2.713489e+06
1.174898e-05  2.719446e+06
1.180000e-05  2.721860e+06
1.216186e-05  2.747777e+06
1.244515e-05  2.776331e+06
1.303167e-05  2.856908e+06
1.333521e-05  2.909426e+06
1.412538e-05  3.074875e+06
1.445440e-05  3.153884e+06
1.513561e-05  3.336227e+06
1.640590e-05  3.731353e+06
1.883649e-05  4.648775e+06
2.018366e-05  5.233404e+06
2.070000e-05  5.464906e+06
2.089296e-05  5.551801e+06
2.213095e-05  6.130324e+06
2.264644e-05  6.374183e+06
2.317395e-05  6.624467e+06
2.342000e-05  6.743113e+06
2.342000e-05  3.159505e+07
2.360000e-05  3.062322e+07
2.400000e-05  2.892848e+07
2.426610e-05  2.789795e+07
2.454709e-05  2.695918e+07
2.483133e-05  2.607582e+07
2.540973e-05  2.456444e+07
2.550000e-05  2.434673e+07
2.600160e-05  2.329460e+07
2.630268e-05  2.272015e+07
2.691535e-05  2.173883e+07
2.722701e-05  2.128778e+07
2.754229e-05  2.088906e+07
2.786121e-05  2.051122e+07
2.819900e-05  2.014226e+07
2.851018e-05  1.984659e+07
2.917427e-05  1.927232e+07
2.960000e-05  1.894455e+07
3.019952e-05  1.856313e+07
3.080000e-05  1.822068e+07
3.150000e-05  1.787181e+07
3.198895e-05  1.767571e+07
3.235937e-05  1.753449e+07
3.388442e-05  1.706105e+07
3.392000e-05  1.705144e+07
3.392000e-05  2.679642e+07
3.400000e-05  2.667275e+07
3.427678e-05  2.625375e+07
3.430000e-05  2.621981e+07
3.500000e-05  2.530791e+07
3.510000e-05  2.518651e+07
3.589219e-05  2.434326e+07
3.700000e-05  2.334678e+07
3.758374e-05  2.290990e+07
3.801894e-05  2.260932e+07
3.810000e-05  2.255238e+07
3.981072e-05  2.154692e+07
4.000000e-05  2.145428e+07
4.027170e-05  2.132665e+07
4.073803e-05  2.110268e+07
4.220000e-05  2.048678e+07
4.265795e-05  2.032196e+07
4.400000e-05  1.984762e+07
4.518559e-05  1.949099e+07
4.623810e-05  1.917985e+07
4.786301e-05  1.877157e+07
4.800000e-05  1.874050e+07
5.011872e-05  1.824141e+07
5.080000e-05  1.808595e+07
5.128614e-05  1.797313e+07
5.188000e-05  1.784282e+07
5.248075e-05  1.771749e+07
5.308844e-05  1.758483e+07
5.312000e-05  1.757759e+07
5.312000e-05  1.796719e+07
5.370318e-05  1.782641e+07
5.495409e-05  1.753743e+07
5.500000e-05  1.752724e+07
5.559043e-05  1.738559e+07
5.623413e-05  1.722740e+07
5.650000e-05  1.716365e+07
5.688529e-05  1.707273e+07
5.730000e-05  1.697723e+07
5.821032e-05  1.675387e+07
6.000000e-05  1.631537e+07
6.070000e-05  1.614091e+07
6.237348e-05  1.571885e+07
6.309573e-05  1.553238e+07
6.382635e-05  1.533770e+07
6.456542e-05  1.514726e+07
6.580000e-05  1.482028e+07
6.650000e-05  1.463151e+07
6.683439e-05  1.454334e+07
6.839116e-05  1.412329e+07
6.918310e-05  1.390825e+07
7.079458e-05  1.347073e+07
7.161434e-05  1.324804e+07
7.328245e-05  1.279081e+07
7.413102e-05  1.256049e+07
7.585776e-05  1.209025e+07
7.673615e-05  1.185357e+07
7.800000e-05  1.151063e+07
7.852356e-05  1.137377e+07
8.000000e-05  1.098649e+07
8.150000e-05  1.059440e+07
8.300000e-05  1.021005e+07
8.317638e-05  1.016402e+07
8.413951e-05  9.918661e+06
8.609938e-05  9.430958e+06
8.709636e-05  9.186363e+06
8.810489e-05  8.940037e+06
8.912509e-05  8.700744e+06
9.015711e-05  8.457717e+06
9.150000e-05  8.144844e+06
9.225714e-05  7.975618e+06
9.332543e-05  7.735292e+06
9.500000e-05  7.367128e+06
9.549926e-05  7.258276e+06
9.660509e-05  7.024933e+06
9.800000e-05  6.736652e+06
9.900000e-05  6.532808e+06
9.950000e-05  6.434115e+06
1.011579e-04  6.112005e+06
1.020000e-04  5.950994e+06
1.023293e-04  5.889583e+06
1.040000e-04  5.583074e+06
1.050000e-04  5.403919e+06
1.060000e-04  5.228009e+06
1.071519e-04  5.034738e+06
1.083927e-04  4.831507e+06
1.098500e-04  4.601080e+06
1.098500e-04  5.895707e+06
1.099600e-04  5.926043e+06
1.100000e-04  5.932473e+06
1.102500e-04  5.974381e+06
1.106000e-04  6.033003e+06
1.110000e-04  6.098368e+06
1.110500e-04  6.107134e+06
1.115000e-04  6.178449e+06
1.120000e-04  6.256052e+06
1.124000e-04  6.315982e+06
1.129500e-04  6.394465e+06
1.135011e-04  6.468362e+06
1.141000e-04  6.538322e+06
1.146000e-04  6.591181e+06
1.152000e-04  6.647118e+06
1.159000e-04  6.700724e+06
1.161449e-04  6.714389e+06
1.165000e-04  6.735862e+06
1.170000e-04  6.755944e+06
1.171000e-04  6.759720e+06
1.177000e-04  6.769460e+06
1.185000e-04  6.765345e+06
1.192600e-04  6.743094e+06
1.195000e-04  6.730409e+06
1.195000e-04  7.517697e+06
1.196000e-04  7.533075e+06
1.200000e-04  7.576446e+06
1.202264e-04  7.597661e+06
1.205000e-04  7.622534e+06
1.208000e-04  7.651125e+06
1.213000e-04  7.687362e+06
1.216186e-04  7.711165e+06
1.217000e-04  7.715688e+06
1.220000e-04  7.730677e+06
1.222000e-04  7.742116e+06
1.227000e-04  7.769378e+06
1.233000e-04  7.789324e+06
1.235000e-04  7.795249e+06
1.237000e-04  7.798642e+06
1.240000e-04  7.801685e+06
1.242000e-04  7.803817e+06
1.244515e-04  7.804249e+06
1.245000e-04  7.804474e+06
1.247000e-04  7.802216e+06
1.252000e-04  7.793022e+06
1.258925e-04  7.776118e+06
1.265000e-04  7.746573e+06
1.270000e-04  7.718513e+06
1.273503e-04  7.695118e+06
1.277000e-04  7.667320e+06
1.285000e-04  7.593160e+06
1.292000e-04  7.518853e+06
1.293500e-04  7.501916e+06
1.302000e-04  7.393027e+06
1.303167e-04  7.376493e+06
1.310000e-04  7.279607e+06
1.318257e-04  7.153233e+06
1.320000e-04  7.126035e+06
1.330000e-04  6.958057e+06
1.340000e-04  6.783635e+06
1.348963e-04  6.621084e+06
1.350000e-04  6.602646e+06
1.365000e-04  6.323058e+06
1.380384e-04  6.035513e+06
1.400000e-04  5.680048e+06
1.412538e-04  5.457372e+06
1.430000e-04  5.162002e+06
1.450000e-04  4.837431e+06
1.462177e-04  4.652471e+06
1.465000e-04  4.610362e+06
1.479108e-04  4.404641e+06
1.500000e-04  4.116705e+06
1.513561e-04  3.940484e+06
1.520000e-04  3.860211e+06
1.531087e-04  3.724997e+06
1.540000e-04  3.619414e+06
1.566751e-04  3.320849e+06
1.584893e-04  3.133922e+06
1.603245e-04  2.954303e+06
1.621810e-04  2.784034e+06
1.630000e-04  2.712912e+06
1.640590e-04  2.623910e+06
1.650000e-04  2.546668e+06
1.665000e-04  2.429536e+06
1.670000e-04  2.391820e+06
1.698244e-04  2.191548e+06
1.700000e-04  2.179723e+06
1.705000e-04  2.146342e+06
1.730000e-04  1.988345e+06
1.740000e-04  1.929164e+06
1.760000e-04  1.817131e+06
1.770000e-04  1.764124e+06
1.778279e-04  1.721632e+06
1.790000e-04  1.664326e+06
1.800000e-04  1.617267e+06
1.819701e-04  1.529340e+06
1.820000e-04  1.528057e+06
1.835000e-04  1.465326e+06
1.854000e-04  1.390528e+06
1.862087e-04  1.360193e+06
1.865000e-04  1.349623e+06
1.905461e-04  1.213406e+06
1.930000e-04  1.140293e+06
1.972423e-04  1.029224e+06
2.000000e-04  9.650480e+05
2.018366e-04  9.268708e+05
2.041738e-04  8.820873e+05
2.045000e-04  8.761089e+05
2.065380e-04  8.400780e+05
2.068000e-04  8.357125e+05
2.078400e-04  8.187469e+05
2.089296e-04  8.015217e+05
2.090000e-04  8.004309e+05
2.110000e-04  7.703945e+05
2.118800e-04  7.577157e+05
2.120000e-04  7.560181e+05
2.125000e-04  7.492594e+05
2.137962e-04  7.321885e+05
2.140000e-04  7.295660e+05
2.155000e-04  7.107371e+05
2.162719e-04  7.013481e+05
2.164200e-04  6.995759e+05
2.164200e-04  1.068156e+06
2.168000e-04  1.062530e+06
2.170000e-04  1.059598e+06
2.183000e-04  1.041212e+06
2.187762e-04  1.034625e+06
2.196000e-04  1.023442e+06
2.207500e-04  1.008207e+06
2.213095e-04  1.001030e+06
2.220000e-04  9.923561e+05
2.238721e-04  9.699835e+05
2.240900e-04  9.674424e+05
2.264644e-04  9.405259e+05
2.280000e-04  9.238834e+05
2.290868e-04  9.129036e+05
2.295000e-04  9.088202e+05
2.317395e-04  8.875073e+05
2.330000e-04  8.759715e+05
2.344229e-04  8.636045e+05
2.350000e-04  8.587191e+05
2.371374e-04  8.413744e+05
2.380000e-04  8.347703e+05
2.398833e-04  8.211138e+05
2.400000e-04  8.202897e+05
2.426610e-04  8.022904e+05
2.430000e-04  8.000757e+05
2.454709e-04  7.848415e+05
2.483133e-04  7.686807e+05
2.511886e-04  7.538659e+05
2.520000e-04  7.498583e+05
2.540973e-04  7.400763e+05
2.570396e-04  7.277062e+05
2.580000e-04  7.238544e+05
2.600160e-04  7.162557e+05
2.630268e-04  7.061160e+05
2.635000e-04  7.045976e+05
2.650000e-04  7.000648e+05
2.660725e-04  6.971620e+05
2.691535e-04  6.898831e+05
2.722701e-04  6.835006e+05
2.730000e-04  6.821260e+05
2.754229e-04  6.781685e+05
2.786121e-04  6.738178e+05
2.800000e-04  6.721302e+05
2.813300e-04  6.707933e+05
2.813300e-04  8.308735e+05
2.818383e-04  8.275413e+05
2.827000e-04  8.221542e+05
2.840000e-04  8.157079e+05
2.855000e-04  8.099722e+05
2.868000e-04  8.059479e+05
2.884032e-04  8.019452e+05
2.890000e-04  8.006447e+05
2.917427e-04  7.959020e+05
2.925000e-04  7.946991e+05
2.951209e-04  7.911216e+05
2.985383e-04  7.874116e+05
3.000000e-04  7.862336e+05
3.019952e-04  7.818491e+05
3.030000e-04  7.796037e+05
3.090295e-04  7.672898e+05
3.100000e-04  7.653820e+05
3.126079e-04  7.607640e+05
3.162278e-04  7.546899e+05
3.180000e-04  7.518563e+05
3.200000e-04  7.488770e+05
3.235937e-04  7.439381e+05
3.280000e-04  7.383798e+05
3.311311e-04  7.348453e+05
3.350000e-04  7.304502e+05
3.390000e-04  7.262002e+05
3.427678e-04  7.226285e+05
3.430000e-04  7.224016e+05
3.466400e-04  7.192222e+05
3.466400e-04  7.673242e+05
3.467369e-04  7.672318e+05
3.535700e-04  7.611476e+05
3.548134e-04  7.601523e+05
3.589219e-04  7.566529e+05
3.672823e-04  7.501295e+05
3.715352e-04  7.467960e+05
3.758374e-04  7.436830e+05
3.801894e-04  7.406890e+05
3.890451e-04  7.343168e+05
3.935501e-04  7.312254e+05
4.000000e-04  7.265776e+05
4.027170e-04  7.244457e+05
4.073803e-04  7.207231e+05
4.120975e-04  7.171839e+05
4.168694e-04  7.135227e+05
4.200000e-04  7.110808e+05
4.216965e-04  7.097095e+05
4.265795e-04  7.059211e+05
4.315191e-04  7.020115e+05
4.330900e-04  7.007447e+05
4.330900e-04  8.055727e+05
4.332000e-04  8.038156e+05
4.336000e-04  8.000615e+05
4.341000e-04  7.961698e+05
4.345000e-04  7.935364e+05
4.352000e-04  7.897296e+05
4.358000e-04  7.871256e+05
4.365158e-04  7.846065e+05
4.367000e-04  7.839695e+05
4.375000e-04  7.817652e+05
4.385000e-04  7.795632e+05
4.400000e-04  7.770071e+05
4.415704e-04  7.749564e+05
4.430000e-04  7.733880e+05
4.451800e-04  7.714576e+05
4.460800e-04  7.708342e+05
4.460800e-04  8.397064e+05
4.464000e-04  8.381937e+05
4.466836e-04  8.371734e+05
4.468000e-04  8.367545e+05
4.470000e-04  8.361442e+05
4.477000e-04  8.341717e+05
4.483000e-04  8.328160e+05
4.490000e-04  8.314826e+05
4.500000e-04  8.302235e+05
4.501000e-04  8.300950e+05
4.507000e-04  8.295258e+05
4.513000e-04  8.291150e+05
4.523000e-04  8.286843e+05
4.528000e-04  8.286272e+05
4.540000e-04  8.287653e+05
4.550000e-04  8.291832e+05
4.565000e-04  8.305375e+05
4.570882e-04  8.313083e+05
4.580000e-04  8.325097e+05
4.595000e-04  8.353793e+05
4.607000e-04  8.382440e+05
4.610000e-04  8.390998e+05
4.623810e-04  8.434273e+05
4.632000e-04  8.464710e+05
4.640000e-04  8.496993e+05
4.648000e-04  8.534191e+05
4.658000e-04  8.584540e+05
4.663000e-04  8.613020e+05
4.677351e-04  8.701698e+05
4.692000e-04  8.809828e+05
4.700000e-04  8.874211e+05
4.705000e-04  8.918021e+05
4.720000e-04  9.060394e+05
4.731513e-04  9.185416e+05
4.735000e-04  9.224670e+05
4.750000e-04  9.406588e+05
4.765000e-04  9.611703e+05
4.780000e-04  9.838602e+05
4.786301e-04  9.941406e+05
4.795000e-04  1.008857e+06
4.810000e-04  1.036354e+06
4.820000e-04  1.056262e+06
4.827000e-04  1.070445e+06
4.841724e-04  1.102514e+06
4.850000e-04  1.121672e+06
4.880000e-04  1.196915e+06
4.910000e-04  1.281642e+06
4.930000e-04  1.342688e+06
4.940000e-04  1.375436e+06
4.950000e-04  1.408507e+06
4.954502e-04  1.423711e+06
4.960000e-04  1.442704e+06
4.985000e-04  1.532064e+06
5.000000e-04  1.587385e+06
5.011872e-04  1.633613e+06
5.040000e-04  1.745403e+06
5.069907e-04  1.869749e+06
5.070000e-04  1.870157e+06
5.100000e-04  1.999538e+06
5.128614e-04  2.126332e+06
5.160000e-04  2.268036e+06
5.188000e-04  2.395265e+06
5.190000e-04  2.404722e+06
5.220000e-04  2.541370e+06
5.248075e-04  2.667085e+06
5.253000e-04  2.689944e+06
5.254100e-04  2.694925e+06
5.280000e-04  2.808399e+06
5.290000e-04  2.852361e+06
5.300000e-04  2.894665e+06
5.308844e-04  2.932737e+06
5.310000e-04  2.937758e+06
5.320000e-04  2.980165e+06
5.335000e-04  3.041883e+06
5.350000e-04  3.102670e+06
5.370318e-04  3.182429e+06
5.390000e-04  3.258383e+06
5.400000e-04  3.295184e+06
5.432503e-04  3.412463e+06
5.465000e-04  3.520169e+06
5.480000e-04  3.568601e+06
5.495409e-04  3.615661e+06
5.500000e-04  3.629802e+06
5.520000e-04  3.688479e+06
5.540000e-04  3.743627e+06
5.559043e-04  3.793723e+06
5.580000e-04  3.849685e+06
5.635000e-04  3.976681e+06
5.650000e-04  4.006131e+06
5.688529e-04  4.082711e+06
5.690000e-04  4.085664e+06
5.740000e-04  4.168468e+06
5.754399e-04  4.190462e+06
5.760000e-04  4.199011e+06
5.800000e-04  4.252267e+06
5.830000e-04  4.288309e+06
5.850000e-04  4.308991e+06
5.900000e-04  4.355245e+06
5.980000e-04  4.405947e+06
6.000000e-04  4.416078e+06
6.025596e-04  4.425336e+06
6.058100e-04  4.437062e+06
6.095369e-04  4.445978e+06
6.100000e-04  4.447072e+06
6.165950e-04  4.454518e+06
6.237348e-04  4.455111e+06
6.280000e-04  4.450549e+06
6.309573e-04  4.445072e+06
6.382635e-04  4.431685e+06
6.390000e-04  4.429558e+06
6.456542e-04  4.405945e+06
6.531306e-04  4.379697e+06
6.550000e-04  4.371840e+06
6.606934e-04  4.343610e+06
6.700000e-04  4.298202e+06
6.760830e-04  4.265489e+06
6.839116e-04  4.218505e+06
6.850000e-04  4.212035e+06
6.918310e-04  4.171810e+06
7.000000e-04  4.120758e+06
7.079458e-04  4.068260e+06
7.161434e-04  4.015214e+06
7.244360e-04  3.959684e+06
7.328245e-04  3.900972e+06
7.413102e-04  3.843053e+06
7.585776e-04  3.724533e+06
7.673615e-04  3.663239e+06
7.762471e-04  3.602851e+06
7.852356e-04  3.540943e+06
7.941700e-04  3.481070e+06
7.941700e-04  3.829387e+06
7.943282e-04  3.828395e+06
8.035261e-04  3.768572e+06
8.128305e-04  3.709882e+06
8.200000e-04  3.664195e+06
8.283800e-04  3.612083e+06
8.317638e-04  3.591050e+06
8.413951e-04  3.532454e+06
8.425500e-04  3.525286e+06
8.425500e-04  3.712559e+06
8.500000e-04  3.669823e+06
8.511380e-04  3.663276e+06
8.570000e-04  3.629959e+06
8.609938e-04  3.607350e+06
8.650000e-04  3.584184e+06
8.709636e-04  3.549345e+06
8.760000e-04  3.520408e+06
8.810489e-04  3.491497e+06
8.850000e-04  3.468429e+06
8.912509e-04  3.432093e+06
9.100000e-04  3.327280e+06
9.120108e-04  3.316311e+06
9.225714e-04  3.257892e+06
9.332543e-04  3.200323e+06
9.350000e-04  3.190799e+06
9.549926e-04  3.082780e+06
9.660509e-04  3.025258e+06
9.700000e-04  3.005147e+06
9.772372e-04  2.968092e+06
9.885530e-04  2.911157e+06
1.000000e-03  2.855419e+06
1.023293e-03  2.744416e+06
1.030000e-03  2.713670e+06
1.035142e-03  2.690271e+06
1.047129e-03  2.635904e+06
1.059254e-03  2.582684e+06
1.071519e-03  2.529392e+06
1.090000e-03  2.451923e+06
1.096478e-03  2.425472e+06
1.106000e-03  2.386798e+06
1.106000e-03  2.539472e+06
1.109175e-03  2.526238e+06
1.114000e-03  2.506345e+06
1.130000e-03  2.442234e+06
1.135011e-03  2.422609e+06
1.148154e-03  2.371809e+06
1.161449e-03  2.322184e+06
1.174898e-03  2.273278e+06
1.190000e-03  2.220391e+06
1.202264e-03  2.178186e+06
1.230269e-03  2.086644e+06
1.244515e-03  2.041375e+06
1.258925e-03  1.997117e+06
1.273503e-03  1.953663e+06
1.288250e-03  1.910647e+06
1.303167e-03  1.868709e+06
1.318257e-03  1.827440e+06
1.333521e-03  1.786514e+06
1.348963e-03  1.746371e+06
1.364583e-03  1.707220e+06
1.370500e-03  1.692569e+06
1.370500e-03  1.713802e+06
1.380384e-03  1.689765e+06
1.396368e-03  1.651843e+06
1.420000e-03  1.597783e+06
1.445440e-03  1.542426e+06
1.450000e-03  1.532708e+06
1.462177e-03  1.507240e+06
1.479108e-03  1.472951e+06
1.500000e-03  1.432295e+06
1.513561e-03  1.406421e+06
1.533700e-03  1.369166e+06
1.533700e-03  1.393859e+06
1.550000e-03  1.364596e+06
1.570000e-03  1.330038e+06
1.584893e-03  1.304663e+06
1.603245e-03  1.274434e+06
1.610000e-03  1.263562e+06
1.621810e-03  1.244821e+06
1.640590e-03  1.215654e+06
1.659587e-03  1.187216e+06
1.670000e-03  1.172063e+06
1.698244e-03  1.132455e+06
1.717908e-03  1.105980e+06
1.737801e-03  1.079936e+06
1.740000e-03  1.077093e+06
1.757924e-03  1.054373e+06
1.778279e-03  1.029232e+06
1.819701e-03  9.809069e+05
1.840772e-03  9.576736e+05
1.850000e-03  9.477661e+05
1.862087e-03  9.350166e+05
1.883649e-03  9.125736e+05
1.905461e-03  8.905060e+05
1.927525e-03  8.690150e+05
1.972423e-03  8.274677e+05
2.000000e-03  8.033192e+05
2.018366e-03  7.877274e+05
2.041738e-03  7.684457e+05
2.070000e-03  7.460979e+05
2.089296e-03  7.312961e+05
2.113489e-03  7.132738e+05
2.150000e-03  6.872324e+05
2.187762e-03  6.618329e+05
2.213095e-03  6.456017e+05
2.220000e-03  6.412424e+05
2.238721e-03  6.296387e+05
2.264644e-03  6.140773e+05
2.290868e-03  5.988339e+05
2.300000e-03  5.936635e+05
2.317395e-03  5.839998e+05
2.371374e-03  5.552288e+05
2.426610e-03  5.277796e+05
2.454709e-03  5.145883e+05
2.500000e-03  4.943420e+05
2.511886e-03  4.891988e+05
2.540973e-03  4.768798e+05
2.570396e-03  4.647995e+05
2.600160e-03  4.529695e+05
2.630268e-03  4.414697e+05
2.660725e-03  4.302737e+05
2.691535e-03  4.193574e+05
2.722701e-03  4.087336e+05
2.754229e-03  3.983466e+05
2.786121e-03  3.881958e+05
2.800000e-03  3.838894e+05
2.818383e-03  3.782962e+05
2.884032e-03  3.590818e+05
2.951209e-03  3.409167e+05
2.985383e-03  3.321908e+05
3.000000e-03  3.285593e+05
3.019952e-03  3.236952e+05
3.054921e-03  3.153807e+05
3.090295e-03  3.071934e+05
3.126079e-03  2.992350e+05
3.198895e-03  2.839301e+05
3.235937e-03  2.765834e+05
3.273407e-03  2.694084e+05
3.311311e-03  2.623936e+05
3.388442e-03  2.489369e+05
3.400000e-03  2.469960e+05
3.427678e-03  2.424216e+05
3.467369e-03  2.360790e+05
3.507519e-03  2.298865e+05
3.548134e-03  2.238623e+05
3.589219e-03  2.179914e+05
3.630781e-03  2.122790e+05
3.650000e-03  2.097137e+05
3.672823e-03  2.067115e+05
3.715352e-03  2.012819e+05
3.758374e-03  1.959654e+05
3.776900e-03  1.937330e+05
3.776900e-03  4.644130e+05
3.815000e-03  4.515661e+05
3.845918e-03  4.427188e+05
3.890451e-03  4.303953e+05
3.900000e-03  4.278173e+05
3.935501e-03  4.184161e+05
3.977800e-03  4.066656e+05
3.977800e-03  5.762114e+05
3.981072e-03  5.749890e+05
4.000000e-03  5.679866e+05
4.005000e-03  5.661570e+05
4.073803e-03  5.426034e+05
4.120975e-03  5.272320e+05
4.168694e-03  5.122749e+05
4.216965e-03  4.972244e+05
4.265795e-03  4.826180e+05
4.300000e-03  4.727372e+05
4.315191e-03  4.684783e+05
4.400000e-03  4.456700e+05
4.415704e-03  4.416137e+05
4.500000e-03  4.206999e+05
4.518559e-03  4.162104e+05
4.549900e-03  4.087617e+05
4.549900e-03  4.768487e+05
4.581000e-03  4.689358e+05
4.677351e-03  4.455691e+05
4.731513e-03  4.330440e+05
4.740000e-03  4.311268e+05
4.800000e-03  4.178389e+05
4.841724e-03  4.089272e+05
4.897788e-03  3.973788e+05
5.011872e-03  3.752843e+05
5.188000e-03  3.437465e+05
5.248075e-03  3.338386e+05
5.370318e-03  3.148936e+05
5.432503e-03  3.058292e+05
5.495409e-03  2.970289e+05
5.548500e-03  2.898814e+05
5.548500e-03  3.077416e+05
5.559043e-03  3.063179e+05
5.623413e-03  2.978165e+05
5.688529e-03  2.895234e+05
5.800000e-03  2.760146e+05
5.821032e-03  2.735693e+05
5.888437e-03  2.658736e+05
5.900000e-03  2.645840e+05
5.902100e-03  2.643502e+05
5.902100e-03  2.754723e+05
5.956621e-03  2.693839e+05
6.000000e-03  2.646752e+05
6.025596e-03  2.619538e+05
6.095369e-03  2.547384e+05
6.165950e-03  2.477241e+05
6.309573e-03  2.341927e+05
6.382635e-03  2.276956e+05
6.456542e-03  2.213886e+05
6.531306e-03  2.152267e+05
6.606934e-03  2.092195e+05
6.650000e-03  2.059086e+05
6.683439e-03  2.033829e+05
6.800000e-03  1.949168e+05
6.839116e-03  1.921877e+05
6.998420e-03  1.816302e+05
7.000000e-03  1.815294e+05
7.079458e-03  1.765604e+05
7.161434e-03  1.716130e+05
7.244360e-03  1.668118e+05
7.300000e-03  1.637008e+05
7.328245e-03  1.621436e+05
7.413102e-03  1.575920e+05
7.585776e-03  1.488695e+05
7.673615e-03  1.446698e+05
7.762471e-03  1.405868e+05
7.852356e-03  1.366258e+05
7.943282e-03  1.327527e+05
8.000000e-03  1.304178e+05
8.035261e-03  1.289957e+05
8.128305e-03  1.253179e+05
8.222426e-03  1.217285e+05
8.317638e-03  1.182477e+05
8.413951e-03  1.148689e+05
8.609938e-03  1.084148e+05
8.709636e-03  1.053327e+05
8.810489e-03  1.023403e+05
9.000000e-03  9.702864e+04
9.015711e-03  9.660644e+04
9.120108e-03  9.386673e+04
9.225714e-03  9.120918e+04
9.300000e-03  8.940411e+04
9.440609e-03  8.612392e+04
9.549926e-03  8.369402e+04
9.660509e-03  8.130091e+04
9.885531e-03  7.669277e+04
1.000000e-02  7.448173e+04
1.011579e-02  7.233499e+04
1.023293e-02  7.025143e+04
1.035142e-02  6.823038e+04
1.047129e-02  6.626698e+04
1.059254e-02  6.435256e+04
1.071519e-02  6.249064e+04
1.109175e-02  5.723989e+04
1.122018e-02  5.559189e+04
1.135011e-02  5.399406e+04
1.148154e-02  5.244330e+04
1.150000e-02  5.223066e+04
1.161449e-02  5.093165e+04
1.174898e-02  4.946469e+04
1.188502e-02  4.804154e+04
1.190000e-02  4.788841e+04
1.202264e-02  4.665968e+04
1.216186e-02  4.531967e+04
1.230269e-02  4.400410e+04
1.244515e-02  4.272403e+04
1.258925e-02  4.148326e+04
1.273503e-02  4.027561e+04
1.288250e-02  3.910075e+04
1.318257e-02  3.685768e+04
1.333521e-02  3.578542e+04
1.355400e-02  3.431811e+04
1.364583e-02  3.372809e+04
1.396368e-02  3.179485e+04
1.412538e-02  3.087223e+04
1.428894e-02  2.997587e+04
1.445440e-02  2.910346e+04
1.450000e-02  2.886937e+04
1.462177e-02  2.825465e+04
1.479108e-02  2.743076e+04
1.500000e-02  2.646097e+04
1.513561e-02  2.585544e+04
1.531087e-02  2.510045e+04
1.566751e-02  2.364962e+04
1.580000e-02  2.314121e+04
1.584893e-02  2.295674e+04
1.603245e-02  2.228285e+04
1.621810e-02  2.162971e+04
1.640590e-02  2.099514e+04
1.650000e-02  2.068722e+04
1.659587e-02  2.037923e+04
1.678804e-02  1.978124e+04
1.698244e-02  1.920158e+04
1.717908e-02  1.863835e+04
1.737801e-02  1.809169e+04
1.757924e-02  1.756122e+04
1.778279e-02  1.704475e+04
1.798871e-02  1.654383e+04
1.807100e-02  1.634950e+04
1.807100e-02  3.854070e+04
1.819701e-02  3.789519e+04
1.835000e-02  3.713125e+04
1.840772e-02  3.682523e+04
1.883649e-02  3.465442e+04
1.905461e-02  3.361838e+04
1.927525e-02  3.259666e+04
1.949845e-02  3.160491e+04
1.950000e-02  3.159817e+04
1.972423e-02  3.064144e+04
1.995262e-02  2.970745e+04
2.000000e-02  2.951867e+04
2.018366e-02  2.880233e+04
2.041738e-02  2.792497e+04
2.065380e-02  2.707384e+04
2.089296e-02  2.624903e+04
2.113489e-02  2.543880e+04
2.137962e-02  2.465325e+04
2.162719e-02  2.389225e+04
2.187762e-02  2.315441e+04
2.237100e-02  2.179045e+04
2.237100e-02  3.095317e+04
2.238721e-02  3.089566e+04
2.264644e-02  2.999556e+04
2.290000e-02  2.914839e+04
2.290868e-02  2.911931e+04
2.300000e-02  2.881582e+04
2.312200e-02  2.841665e+04
2.312200e-02  3.280953e+04
2.317395e-02  3.261894e+04
2.334000e-02  3.202005e+04
2.344229e-02  3.167064e+04
2.371374e-02  3.076944e+04
2.398833e-02  2.989465e+04
2.400000e-02  2.985826e+04
2.410000e-02  2.954900e+04
2.426610e-02  2.904948e+04
2.450000e-02  2.836634e+04
2.454709e-02  2.822952e+04
2.500000e-02  2.696027e+04
2.511886e-02  2.664050e+04
2.530000e-02  2.616344e+04
2.540973e-02  2.588320e+04
2.550000e-02  2.565556e+04
2.580000e-02  2.491129e+04
2.600160e-02  2.442442e+04
2.630268e-02  2.372219e+04
2.660725e-02  2.303986e+04
2.691535e-02  2.237021e+04
2.722701e-02  2.172058e+04
2.754229e-02  2.109030e+04
2.786121e-02  2.047878e+04
2.818383e-02  1.988548e+04
2.851018e-02  1.930988e+04
2.884032e-02  1.874836e+04
2.917427e-02  1.820365e+04
2.951209e-02  1.767489e+04
2.985383e-02  1.716230e+04
3.000000e-02  1.694949e+04
3.019952e-02  1.666467e+04
3.090295e-02  1.571230e+04
3.126079e-02  1.525736e+04
3.162278e-02  1.481597e+04
3.223700e-02  1.410157e+04
3.235937e-02  1.396411e+04
3.311311e-02  1.315785e+04
3.349654e-02  1.277279e+04
3.388442e-02  1.239859e+04
3.427678e-02  1.203525e+04
3.467369e-02  1.168031e+04
3.500000e-02  1.139939e+04
3.507519e-02  1.133573e+04
3.548134e-02  1.100038e+04
3.589219e-02  1.067523e+04
3.630781e-02  1.035965e+04
3.758374e-02  9.464012e+03
3.845918e-02  8.911288e+03
3.890451e-02  8.647449e+03
4.027170e-02  7.901018e+03
4.120975e-02  7.440303e+03
4.168694e-02  7.220328e+03
4.216965e-02  7.007011e+03
4.265795e-02  6.800131e+03
4.315191e-02  6.597988e+03
4.365158e-02  6.400873e+03
4.415704e-02  6.209803e+03
4.466836e-02  6.024589e+03
4.518559e-02  5.844853e+03
4.570882e-02  5.669207e+03
4.677351e-02  5.333912e+03
4.786301e-02  5.018908e+03
4.841724e-02  4.868614e+03
4.897788e-02  4.722887e+03
5.000000e-02  4.472550e+03
5.011872e-02  4.444688e+03
5.069907e-02  4.311517e+03
5.188000e-02  4.057029e+03
5.248075e-02  3.935482e+03
5.308844e-02  3.817625e+03
5.370318e-02  3.702666e+03
5.623413e-02  3.275443e+03
5.688529e-02  3.176747e+03
5.754399e-02  3.081091e+03
5.821032e-02  2.988358e+03
6.000000e-02  2.756345e+03
6.025596e-02  2.725209e+03
6.095369e-02  2.642717e+03
6.165950e-02  2.562767e+03
6.237348e-02  2.485269e+03
6.309573e-02  2.410078e+03
6.456542e-02  2.266579e+03
6.606934e-02  2.131799e+03
6.683439e-02  2.067505e+03
6.839116e-02  1.943986e+03
6.918310e-02  1.885082e+03
7.000000e-02  1.826888e+03
7.161434e-02  1.718276e+03
7.244360e-02  1.665915e+03
7.328245e-02  1.615181e+03
7.413102e-02  1.566011e+03
7.498942e-02  1.518354e+03
7.500000e-02  1.517779e+03
7.585776e-02  1.472137e+03
7.943282e-02  1.301160e+03
8.128305e-02  1.223406e+03
8.222426e-02  1.186323e+03
8.317638e-02  1.150376e+03
8.413951e-02  1.115312e+03
8.511380e-02  1.081248e+03
8.609938e-02  1.048173e+03
8.709636e-02  1.016128e+03
8.810489e-02  9.850592e+02
8.912509e-02  9.549557e+02
9.015711e-02  9.257834e+02
9.120108e-02  8.975134e+02
9.225714e-02  8.701210e+02
9.660509e-02  7.687333e+02
9.772372e-02  7.452149e+02
1.011580e-01  6.789529e+02
1.035142e-01  6.380893e+02
1.071519e-01  5.814272e+02
1.083927e-01  5.636983e+02
1.096478e-01  5.465194e+02
1.109175e-01  5.298647e+02
1.122019e-01  5.137243e+02
1.135011e-01  4.980844e+02
1.161449e-01  4.681010e+02
1.174898e-01  4.537977e+02
1.188502e-01  4.399388e+02
1.223500e-01  4.068772e+02
1.223500e-01  1.690304e+03
1.230269e-01  1.667925e+03
1.244515e-01  1.622184e+03
1.250000e-01  1.605048e+03
1.258925e-01  1.573464e+03
1.260000e-01  1.569717e+03
1.273503e-01  1.530770e+03
1.283000e-01  1.504196e+03
1.288250e-01  1.488160e+03
1.318257e-01  1.400895e+03
1.333521e-01  1.361678e+03
1.348963e-01  1.323568e+03
1.364583e-01  1.286534e+03
1.380384e-01  1.250500e+03
1.396368e-01  1.214095e+03
1.412538e-01  1.178751e+03
1.428894e-01  1.144444e+03
1.462177e-01  1.078805e+03
1.479108e-01  1.047417e+03
1.500000e-01  1.010414e+03
1.513561e-01  9.873642e+02
1.531088e-01  9.586459e+02
1.548817e-01  9.307676e+02
1.566751e-01  9.037036e+02
1.603245e-01  8.521471e+02
1.621810e-01  8.274831e+02
1.659587e-01  7.802835e+02
1.678804e-01  7.577073e+02
1.701200e-01  7.325308e+02
1.717908e-01  7.145030e+02
1.737801e-01  6.938368e+02
1.798871e-01  6.354227e+02
1.800000e-01  6.344085e+02
1.819701e-01  6.170654e+02
1.883649e-01  5.651243e+02
1.905461e-01  5.488039e+02
1.927525e-01  5.329583e+02
1.949845e-01  5.175713e+02
1.972423e-01  5.026304e+02
2.000000e-01  4.851868e+02
2.018366e-01  4.740354e+02
2.065380e-01  4.470727e+02
2.113489e-01  4.216514e+02
2.187762e-01  3.862285e+02
2.238721e-01  3.643044e+02
2.264644e-01  3.538150e+02
2.317395e-01  3.337355e+02
2.344229e-01  3.241285e+02
2.371374e-01  3.147998e+02
2.398833e-01  3.057404e+02
2.426610e-01  2.969424e+02
2.454709e-01  2.883986e+02
2.500000e-01  2.753415e+02
2.511886e-01  2.720761e+02
2.540973e-01  2.643107e+02
2.570396e-01  2.567676e+02
2.600160e-01  2.494420e+02
2.630268e-01  2.423277e+02
2.660725e-01  2.354169e+02
2.691535e-01  2.287092e+02
2.722701e-01  2.221932e+02
2.754229e-01  2.158631e+02
2.786121e-01  2.097149e+02
2.818383e-01  2.037421e+02
2.851018e-01  1.979399e+02
2.884032e-01  1.923033e+02
2.917427e-01  1.868314e+02
2.951209e-01  1.815780e+02
2.985383e-01  1.764726e+02
3.000000e-01  1.743540e+02
3.019952e-01  1.715196e+02
3.054921e-01  1.667059e+02
3.090295e-01  1.620276e+02
3.126079e-01  1.574818e+02
3.162278e-01  1.530677e+02
3.198895e-01  1.487780e+02
3.235937e-01  1.446108e+02
3.273407e-01  1.405608e+02
3.311311e-01  1.366246e+02
3.349654e-01  1.327989e+02
3.388442e-01  1.290826e+02
3.427678e-01  1.254706e+02
3.467369e-01  1.220110e+02
3.507519e-01  1.186470e+02
3.630781e-01  1.091026e+02
3.672823e-01  1.061034e+02
3.715352e-01  1.031874e+02
3.758374e-01  1.003516e+02
3.801894e-01  9.759400e+01
3.845918e-01  9.491399e+01
3.890451e-01  9.230898e+01
3.935501e-01  8.977552e+01
3.981072e-01  8.731183e+01
4.027170e-01  8.496384e+01
4.120975e-01  8.045586e+01
4.168694e-01  7.829463e+01
4.216965e-01  7.619239e+01
4.265795e-01  7.414683e+01
4.315191e-01  7.215745e+01
4.365158e-01  7.022513e+01
4.466836e-01  6.651461e+01
4.518559e-01  6.473366e+01
4.570882e-01  6.300044e+01
4.623810e-01  6.134515e+01
4.677351e-01  5.973350e+01
4.731513e-01  5.816609e+01
4.786301e-01  5.663991e+01
4.841724e-01  5.515520e+01
4.897788e-01  5.370958e+01
4.954502e-01  5.230188e+01
5.011872e-01  5.093116e+01
5.069907e-01  4.959954e+01
5.128614e-01  4.830278e+01
5.188000e-01  4.704000e+01
5.248075e-01  4.581045e+01
5.308844e-01  4.463683e+01
5.370318e-01  4.349527e+01
5.432503e-01  4.238301e+01
5.495409e-01  4.129949e+01
5.559043e-01  4.024378e+01
5.623413e-01  3.921511e+01
5.688529e-01  3.821278e+01
5.754399e-01  3.723610e+01
5.821032e-01  3.628441e+01
5.888437e-01  3.535926e+01
5.956621e-01  3.445826e+01
6.000000e-01  3.390285e+01
6.025596e-01  3.358871e+01
6.095369e-01  3.275369e+01
6.165950e-01  3.194022e+01
6.219700e-01  3.134041e+01
6.237348e-01  3.114706e+01
6.309573e-01  3.037362e+01
6.382635e-01  2.961942e+01
6.456542e-01  2.888398e+01
6.531306e-01  2.816681e+01
6.606935e-01  2.746759e+01
6.683439e-01  2.678614e+01
6.760830e-01  2.612237e+01
6.839117e-01  2.547658e+01
6.918310e-01  2.485947e+01
6.998420e-01  2.425738e+01
7.079458e-01  2.366989e+01
7.161434e-01  2.309706e+01
7.244360e-01  2.253814e+01
7.328245e-01  2.199284e+01
7.413102e-01  2.146106e+01
7.498942e-01  2.094215e+01
7.673615e-01  1.994286e+01
7.762471e-01  1.946138e+01
7.852356e-01  1.899260e+01
7.943282e-01  1.854420e+01
8.035261e-01  1.810641e+01
8.128305e-01  1.767897e+01
8.222427e-01  1.726187e+01
8.317638e-01  1.685492e+01
8.413951e-01  1.645759e+01
8.511380e-01  1.606964e+01
8.609938e-01  1.569091e+01
8.709636e-01  1.532164e+01
8.810489e-01  1.496118e+01
8.912509e-01  1.460925e+01
9.015711e-01  1.426655e+01
9.120108e-01  1.393190e+01
9.225714e-01  1.361161e+01
9.332543e-01  1.329870e+01
9.440609e-01  1.299354e+01
9.549926e-01  1.269596e+01
9.660509e-01  1.240523e+01
9.772372e-01  1.212120e+01
9.885531e-01  1.184375e+01
1.000000e+00  1.157291e+01
1.011579e+00  1.130890e+01
1.023293e+00  1.105602e+01
1.035142e+00  1.080925e+01
1.047129e+00  1.056797e+01
1.059254e+00  1.033237e+01
1.071519e+00  1.010203e+01
1.083927e+00  9.876926e+00
1.096478e+00  9.656866e+00
1.109175e+00  9.441698e+00
1.122018e+00  9.231349e+00
1.135011e+00  9.025827e+00
1.148154e+00  8.825194e+00
1.161449e+00  8.629098e+00
1.174898e+00  8.437373e+00
1.188502e+00  8.249920e+00
1.202264e+00  8.066625e+00
1.216186e+00  7.887395e+00
1.230269e+00  7.716923e+00
1.250000e+00  7.487429e+00
1.258925e+00  7.387130e+00
1.273503e+00  7.227864e+00
1.288250e+00  7.072103e+00
1.303167e+00  6.919709e+00
1.318257e+00  6.770597e+00
1.333521e+00  6.624705e+00
1.348963e+00  6.482032e+00
1.364583e+00  6.342461e+00
1.396368e+00  6.079577e+00
1.412538e+00  5.952247e+00
1.428894e+00  5.827752e+00
1.445440e+00  5.705988e+00
1.500000e+00  5.331157e+00
1.513561e+00  5.243888e+00
1.531087e+00  5.134334e+00
1.548817e+00  5.027417e+00
1.584893e+00  4.825773e+00
1.603245e+00  4.728025e+00
1.621810e+00  4.632325e+00
1.640590e+00  4.538567e+00
1.659587e+00  4.446808e+00
1.678804e+00  4.356962e+00
1.717908e+00  4.182695e+00
1.737801e+00  4.098202e+00
1.757924e+00  4.015677e+00
1.778279e+00  3.936893e+00
1.798871e+00  3.859653e+00
1.819701e+00  3.783946e+00
1.840772e+00  3.709780e+00
1.862087e+00  3.637072e+00
1.883649e+00  3.565788e+00
1.905461e+00  3.496002e+00
1.927525e+00  3.427629e+00
1.949845e+00  3.360591e+00
1.972423e+00  3.294876e+00
2.000000e+00  3.217575e+00
2.018366e+00  3.168951e+00
2.044000e+00  3.103027e+00
2.065380e+00  3.049717e+00
2.089296e+00  2.991801e+00
2.113489e+00  2.935028e+00
2.137962e+00  2.879335e+00
2.162719e+00  2.824780e+00
2.213095e+00  2.718822e+00
2.238721e+00  2.667350e+00
2.264644e+00  2.616853e+00
2.290868e+00  2.567473e+00
2.317395e+00  2.520274e+00
2.344229e+00  2.473945e+00
2.371374e+00  2.428477e+00
2.398833e+00  2.383845e+00
2.426610e+00  2.340067e+00
2.454709e+00  2.297095e+00
2.483133e+00  2.254977e+00
2.540973e+00  2.173094e+00
2.570396e+00  2.133281e+00
2.600160e+00  2.094197e+00
2.630268e+00  2.055955e+00
2.660725e+00  2.019379e+00
2.691535e+00  1.983454e+00
2.722701e+00  1.948177e+00
2.754229e+00  1.913527e+00
2.786121e+00  1.879520e+00
2.818383e+00  1.846118e+00
2.851018e+00  1.813359e+00
2.917427e+00  1.749615e+00
2.951209e+00  1.718594e+00
3.000000e+00  1.675358e+00
3.019952e+00  1.658247e+00
3.054921e+00  1.629722e+00
3.090295e+00  1.601688e+00
3.126079e+00  1.574143e+00
3.162278e+00  1.547071e+00
3.198895e+00  1.520485e+00
3.273407e+00  1.468679e+00
3.388442e+00  1.394414e+00
3.427678e+00  1.370508e+00
3.467369e+00  1.347011e+00
3.507519e+00  1.323992e+00
3.548134e+00  1.301965e+00
3.589219e+00  1.280306e+00
3.630781e+00  1.259011e+00
3.672823e+00  1.238071e+00
3.715352e+00  1.217495e+00
3.801894e+00  1.177365e+00
3.935501e+00  1.119753e+00
4.000000e+00  1.093625e+00
4.073803e+00  1.064968e+00
4.120975e+00  1.047365e+00
4.168694e+00  1.030497e+00
4.216965e+00  1.013902e+00
4.265795e+00  9.975768e-01
4.315191e+00  9.815148e-01
4.365158e+00  9.657236e-01
4.466836e+00  9.349004e-01
4.623810e+00  8.905931e-01
4.677351e+00  8.762979e-01
4.786301e+00  8.483920e-01
4.841724e+00  8.348181e-01
4.897788e+00  8.218096e-01
4.954502e+00  8.090042e-01
5.011872e+00  7.964013e-01
5.069907e+00  7.839947e-01
5.128614e+00  7.717907e-01
5.248075e+00  7.479512e-01
5.432503e+00  7.136374e-01
5.495409e+00  7.025544e-01
5.623413e+00  6.809025e-01
5.688529e+00  6.703613e-01
5.821032e+00  6.502793e-01
5.888437e+00  6.404653e-01
5.956621e+00  6.308016e-01
6.025596e+00  6.212837e-01
6.095369e+00  6.119160e-01
6.237348e+00  5.936033e-01
6.456542e+00  5.672085e-01
6.531306e+00  5.586748e-01
6.606934e+00  5.502697e-01
6.760830e+00  5.338368e-01
6.839116e+00  5.258312e-01
7.000000e+00  5.104344e-01
7.079458e+00  5.031255e-01
7.161434e+00  4.957783e-01
7.244360e+00  4.885436e-01
7.413102e+00  4.743904e-01
7.762471e+00  4.473560e-01
7.852356e+00  4.408426e-01
7.943282e+00  4.344241e-01
8.128305e+00  4.218660e-01
8.222427e+00  4.157422e-01
8.413951e+00  4.040468e-01
8.511380e+00  3.983231e-01
8.609938e+00  3.926818e-01
8.709636e+00  3.871205e-01
8.810489e+00  3.816421e-01
9.015711e+00  3.709173e-01
9.332543e+00  3.554245e-01
9.440609e+00  3.504061e-01
9.549926e+00  3.454585e-01
9.772372e+00  3.357720e-01
9.885531e+00  3.310439e-01
1.023293e+01  3.175428e-01
1.047129e+01  3.088493e-01
1.059254e+01  3.045932e-01
1.071519e+01  3.003959e-01
1.083927e+01  2.962562e-01
1.100000e+01  2.910502e-01
1.122018e+01  2.841854e-01
1.135011e+01  2.802754e-01
1.161449e+01  2.726251e-01
1.174898e+01  2.688792e-01
1.202264e+01  2.615414e-01
1.244515e+01  2.511865e-01
1.273503e+01  2.445123e-01
1.288250e+01  2.412424e-01
1.300000e+01  2.386947e-01
1.318257e+01  2.348337e-01
1.333521e+01  2.316936e-01
1.364583e+01  2.255422e-01
1.400000e+01  2.188890e-01
1.412538e+01  2.166220e-01
1.428894e+01  2.137294e-01
1.479108e+01  2.052888e-01
1.531087e+01  1.971823e-01
1.603245e+01  1.871035e-01
1.640590e+01  1.822589e-01
1.659587e+01  1.798844e-01
1.678804e+01  1.775409e-01
1.698244e+01  1.752279e-01
1.717908e+01  1.729451e-01
1.737801e+01  1.706935e-01
1.757924e+01  1.684714e-01
1.778279e+01  1.662800e-01
1.819701e+01  1.619862e-01
1.905461e+01  1.537295e-01
2.089296e+01  1.387647e-01
2.187762e+01  1.318378e-01
2.213095e+01  1.301611e-01
2.238721e+01  1.285058e-01
2.264644e+01  1.268715e-01
2.290868e+01  1.252579e-01
2.317395e+01  1.236649e-01
2.344229e+01  1.220931e-01
2.371374e+01  1.205423e-01
2.400000e+01  1.189482e-01
2.483133e+01  1.145388e-01
2.851018e+01  9.853958e-02
3.000000e+01  9.322236e-02
3.019952e+01  9.255196e-02
3.054921e+01  9.139902e-02
3.090295e+01  9.026104e-02
3.126079e+01  8.913875e-02
3.198895e+01  8.693607e-02
4.073803e+01  6.717003e-02
4.265795e+01  6.394958e-02
4.315191e+01  6.316900e-02
4.365158e+01  6.239796e-02
4.415704e+01  6.163694e-02
4.466836e+01  6.088592e-02
4.570882e+01  5.941136e-02
6.025596e+01  4.449821e-02
6.382635e+01  4.189780e-02
6.531306e+01  4.090081e-02
6.606934e+01  4.041125e-02
6.683439e+01  3.992786e-02
6.839116e+01  3.897907e-02
6.998420e+01  3.805289e-02
9.885531e+01  2.666462e-02
1.035142e+02  2.542974e-02
1.047129e+02  2.513007e-02
1.059254e+02  2.483395e-02
1.071519e+02  2.454134e-02
1.083927e+02  2.425215e-02
1.096478e+02  2.396667e-02
1.109175e+02  2.368454e-02
1.135011e+02  2.313030e-02
1.161449e+02  2.258906e-02
1.174898e+02  2.232355e-02
1.927525e+02  1.349621e-02
2.065380e+02  1.258104e-02
2.089296e+02  1.243467e-02
2.113489e+02  1.229000e-02
2.137962e+02  1.214702e-02
2.162719e+02  1.200570e-02
2.187762e+02  1.186612e-02
2.213095e+02  1.172817e-02
2.264644e+02  1.145708e-02
2.317395e+02  1.119226e-02
2.344229e+02  1.106227e-02
3.845918e+02  6.715913e-03
4.120975e+02  6.264155e-03
4.168694e+02  6.191875e-03
4.216965e+02  6.120431e-03
4.265795e+02  6.049810e-03
4.315191e+02  5.980004e-03
4.365158e+02  5.911032e-03
4.415704e+02  5.842855e-03
4.518559e+02  5.708859e-03
4.623810e+02  5.577939e-03
4.677351e+02  5.513641e-03
1.531087e+03  1.678193e-03
1.640590e+03  1.565845e-03
1.659587e+03  1.547866e-03
1.678804e+03  1.530094e-03
1.698244e+03  1.512525e-03
1.717908e+03  1.495159e-03
1.737801e+03  1.477995e-03
1.757924e+03  1.461029e-03
1.798871e+03  1.427680e-03
1.840772e+03  1.395092e-03
1.862087e+03  1.379082e-03
1.000000e+05  2.563991e-05
-1  -1
-2  -2
