5.550000e-06 0.000000e+00
5.550000e-06  4.669757e+06
6.309573e-06  2.728356e+06
7.000000e-06  1.752446e+06
7.762471e-06  1.118744e+06
8.511380e-06  7.450219e+05
9.440609e-06  4.678240e+05
9.740000e-06  4.056816e+05
9.740000e-06  1.555884e+06
9.940000e-06  1.465462e+06
1.023293e-05  1.353789e+06
1.047129e-05  1.275916e+06
1.060000e-05  1.236634e+06
1.100000e-05  1.132532e+06
1.103000e-05  1.125777e+06
1.103000e-05  1.907209e+06
1.135011e-05  1.792506e+06
1.140000e-05  1.776305e+06
1.180000e-05  1.659455e+06
1.216186e-05  1.572585e+06
1.220000e-05  1.564342e+06
1.258925e-05  1.488641e+06
1.270000e-05  1.469702e+06
1.273503e-05  1.463848e+06
1.310000e-05  1.408902e+06
1.320000e-05  1.395628e+06
1.350000e-05  1.360034e+06
1.370000e-05  1.339501e+06
1.400000e-05  1.312375e+06
1.420000e-05  1.296911e+06
1.445440e-05  1.279990e+06
1.470000e-05  1.266421e+06
1.480000e-05  1.261688e+06
1.500000e-05  1.252624e+06
1.515000e-05  1.247265e+06
1.531087e-05  1.242628e+06
1.554900e-05  1.236193e+06
1.570000e-05  1.233377e+06
1.584893e-05  1.231601e+06
1.610000e-05  1.228938e+06
1.630000e-05  1.228435e+06
1.678804e-05  1.230614e+06
1.690000e-05  1.232058e+06
1.730000e-05  1.239489e+06
1.750000e-05  1.243354e+06
1.757924e-05  1.245441e+06
1.778279e-05  1.251922e+06
1.830000e-05  1.268683e+06
1.870000e-05  1.286545e+06
1.905461e-05  1.302514e+06
1.920000e-05  1.309736e+06
1.920700e-05  1.310128e+06
1.972423e-05  1.339310e+06
1.980000e-05  1.343612e+06
2.018366e-05  1.367160e+06
2.020000e-05  1.368253e+06
2.070000e-05  1.401896e+06
2.113489e-05  1.433266e+06
2.130000e-05  1.446035e+06
2.162719e-05  1.471489e+06
2.190400e-05  1.494219e+06
2.238721e-05  1.534182e+06
2.250000e-05  1.544072e+06
2.270000e-05  1.561691e+06
2.330000e-05  1.617024e+06
2.371374e-05  1.655568e+06
2.420000e-05  1.705001e+06
2.511886e-05  1.799843e+06
2.570396e-05  1.863190e+06
2.630268e-05  1.930935e+06
2.691535e-05  2.001232e+06
2.818383e-05  2.153237e+06
2.917427e-05  2.274894e+06
2.954000e-05  2.320939e+06
2.954000e-05  2.565694e+07
2.967000e-05  2.491383e+07
3.000000e-05  2.330072e+07
3.040000e-05  2.163457e+07
3.090295e-05  1.988215e+07
3.150000e-05  1.817740e+07
3.210000e-05  1.676650e+07
3.273407e-05  1.552667e+07
3.311311e-05  1.488994e+07
3.350000e-05  1.428440e+07
3.427678e-05  1.324889e+07
3.450000e-05  1.297745e+07
3.467369e-05  1.278385e+07
3.558000e-05  1.186173e+07
3.558000e-05  2.185557e+07
3.570000e-05  2.151709e+07
3.589219e-05  2.099973e+07
3.590000e-05  2.097909e+07
3.635000e-05  1.989991e+07
3.680000e-05  1.894699e+07
3.715352e-05  1.827888e+07
3.730000e-05  1.801383e+07
3.740000e-05  1.783921e+07
3.758374e-05  1.753868e+07
3.801894e-05  1.686075e+07
3.890451e-05  1.566586e+07
3.935501e-05  1.513633e+07
3.981072e-05  1.464230e+07
4.000000e-05  1.445363e+07
4.027170e-05  1.419176e+07
4.110000e-05  1.345142e+07
4.168694e-05  1.299127e+07
4.265795e-05  1.230362e+07
4.315191e-05  1.199546e+07
4.365158e-05  1.170246e+07
4.466836e-05  1.116930e+07
4.500000e-05  1.100910e+07
4.623810e-05  1.047904e+07
4.841724e-05  9.730781e+06
4.954502e-05  9.417081e+06
5.011872e-05  9.273242e+06
5.248075e-05  8.794638e+06
5.308844e-05  8.692638e+06
5.500000e-05  8.418723e+06
5.688529e-05  8.220975e+06
5.754399e-05  8.165209e+06
5.830000e-05  8.102463e+06
5.830000e-05  8.157516e+06
5.900000e-05  8.104903e+06
5.920000e-05  8.091433e+06
6.030000e-05  8.025823e+06
6.095369e-05  7.993197e+06
6.150000e-05  7.969165e+06
6.237348e-05  7.936778e+06
6.260000e-05  7.927496e+06
6.300000e-05  7.912273e+06
6.400000e-05  7.881474e+06
6.531306e-05  7.852115e+06
6.606934e-05  7.840408e+06
6.683439e-05  7.832486e+06
6.760830e-05  7.828921e+06
6.850000e-05  7.820155e+06
7.000000e-05  7.813663e+06
7.070000e-05  7.814521e+06
7.079458e-05  7.814790e+06
7.244360e-05  7.824411e+06
7.328245e-05  7.824219e+06
7.673615e-05  7.848530e+06
7.800000e-05  7.860042e+06
8.000000e-05  7.872142e+06
8.035261e-05  7.875090e+06
8.222426e-05  7.895131e+06
8.317638e-05  7.902958e+06
8.413951e-05  7.906309e+06
8.609938e-05  7.917503e+06
8.650000e-05  7.920225e+06
8.709636e-05  7.924463e+06
8.800000e-05  7.928208e+06
8.912509e-05  7.934401e+06
9.015711e-05  7.936134e+06
9.150000e-05  7.939258e+06
9.332543e-05  7.946112e+06
9.400000e-05  7.947015e+06
9.500000e-05  7.948620e+06
9.549926e-05  7.947264e+06
9.800000e-05  7.943249e+06
9.900000e-05  7.942194e+06
9.950000e-05  7.941906e+06
1.000000e-04  7.941902e+06
1.023293e-04  7.935445e+06
1.040000e-04  7.931581e+06
1.047129e-04  7.927700e+06
1.071519e-04  7.915854e+06
1.083927e-04  7.910228e+06
1.096478e-04  7.905217e+06
1.106700e-04  7.898712e+06
1.122018e-04  7.889597e+06
1.135011e-04  7.878269e+06
1.161449e-04  7.856849e+06
1.174898e-04  7.846609e+06
1.190000e-04  7.832051e+06
1.220000e-04  7.804860e+06
1.244515e-04  7.774606e+06
1.260000e-04  7.755923e+06
1.273503e-04  7.740173e+06
1.280000e-04  7.730962e+06
1.318257e-04  7.678548e+06
1.330000e-04  7.662866e+06
1.333521e-04  7.657075e+06
1.364583e-04  7.607610e+06
1.400000e-04  7.545731e+06
1.412538e-04  7.524470e+06
1.428894e-04  7.492303e+06
1.462177e-04  7.428851e+06
1.513561e-04  7.322999e+06
1.531087e-04  7.288021e+06
1.548817e-04  7.247949e+06
1.584893e-04  7.168799e+06
1.603245e-04  7.126037e+06
1.621810e-04  7.083632e+06
1.659587e-04  6.999451e+06
1.678804e-04  6.954036e+06
1.698244e-04  6.909003e+06
1.737801e-04  6.814558e+06
1.760000e-04  6.762975e+06
1.783300e-04  6.705663e+06
1.783300e-04  7.101128e+06
1.793000e-04  7.101728e+06
1.819701e-04  7.116169e+06
1.825000e-04  7.119885e+06
1.840000e-04  7.130025e+06
1.850000e-04  7.136021e+06
1.851000e-04  7.136716e+06
1.862087e-04  7.141442e+06
1.863000e-04  7.141905e+06
1.869500e-04  7.142888e+06
1.869500e-04  7.420238e+06
1.873000e-04  7.424420e+06
1.877000e-04  7.427717e+06
1.883649e-04  7.435026e+06
1.885000e-04  7.435973e+06
1.894000e-04  7.444318e+06
1.897000e-04  7.445887e+06
1.905461e-04  7.451974e+06
1.916000e-04  7.453442e+06
1.927525e-04  7.451272e+06
1.930000e-04  7.449932e+06
1.939000e-04  7.444318e+06
1.945000e-04  7.438508e+06
1.950000e-04  7.432971e+06
1.953000e-04  7.429389e+06
1.955000e-04  7.426318e+06
1.965000e-04  7.409452e+06
1.974000e-04  7.390082e+06
1.981300e-04  7.372968e+06
1.985000e-04  7.363271e+06
1.996000e-04  7.331862e+06
2.000000e-04  7.319598e+06
2.005000e-04  7.303130e+06
2.015000e-04  7.268341e+06
2.018366e-04  7.255992e+06
2.020000e-04  7.250018e+06
2.025000e-04  7.230878e+06
2.037800e-04  7.179619e+06
2.041738e-04  7.163172e+06
2.050000e-04  7.126419e+06
2.065380e-04  7.056208e+06
2.070000e-04  7.034006e+06
2.080000e-04  6.985397e+06
2.100000e-04  6.887691e+06
2.120000e-04  6.789203e+06
2.141200e-04  6.686847e+06
2.142000e-04  6.683016e+06
2.162719e-04  6.584171e+06
2.170000e-04  6.549309e+06
2.205000e-04  6.386226e+06
2.220000e-04  6.318998e+06
2.238721e-04  6.235671e+06
2.240000e-04  6.230090e+06
2.280000e-04  6.060699e+06
2.317395e-04  5.915161e+06
2.350000e-04  5.792527e+06
2.371374e-04  5.716684e+06
2.380000e-04  5.686288e+06
2.404400e-04  5.603513e+06
2.415000e-04  5.568916e+06
2.426610e-04  5.531982e+06
2.430000e-04  5.521305e+06
2.454709e-04  5.446069e+06
2.458000e-04  5.436339e+06
2.483133e-04  5.364440e+06
2.491600e-04  5.341076e+06
2.500000e-04  5.318393e+06
2.511886e-04  5.285290e+06
2.520000e-04  5.262633e+06
2.540973e-04  5.205594e+06
2.550800e-04  5.179722e+06
2.570396e-04  5.129475e+06
2.580000e-04  5.105575e+06
2.600160e-04  5.056693e+06
2.610000e-04  5.033541e+06
2.630268e-04  4.987054e+06
2.635000e-04  4.976487e+06
2.660725e-04  4.920401e+06
2.691535e-04  4.853995e+06
2.710800e-04  4.813036e+06
2.722701e-04  4.788068e+06
2.730000e-04  4.773069e+06
2.758100e-04  4.717018e+06
2.770000e-04  4.693963e+06
2.786121e-04  4.663512e+06
2.818383e-04  4.604599e+06
2.830000e-04  4.582933e+06
2.851018e-04  4.544769e+06
2.865000e-04  4.518952e+06
2.884032e-04  4.484711e+06
2.917427e-04  4.426690e+06
2.980000e-04  4.324226e+06
3.000000e-04  4.293108e+06
3.019952e-04  4.262684e+06
3.040000e-04  4.231190e+06
3.054921e-04  4.207188e+06
3.150000e-04  4.063731e+06
3.232200e-04  3.949774e+06
3.238700e-04  3.940770e+06
3.238700e-04  4.216269e+06
3.273407e-04  4.167774e+06
3.320000e-04  4.102143e+06
3.390000e-04  4.008867e+06
3.427678e-04  3.960524e+06
3.430000e-04  3.957479e+06
3.500000e-04  3.868237e+06
3.507519e-04  3.859014e+06
3.550000e-04  3.805421e+06
3.630781e-04  3.708422e+06
3.672823e-04  3.659880e+06
3.713700e-04  3.612069e+06
3.713700e-04  3.678332e+06
3.740000e-04  3.648405e+06
3.758374e-04  3.627563e+06
3.787900e-04  3.593791e+06
3.850000e-04  3.524887e+06
3.890451e-04  3.481209e+06
3.935501e-04  3.433779e+06
3.981072e-04  3.385910e+06
4.000000e-04  3.366198e+06
4.027170e-04  3.338463e+06
4.120975e-04  3.243652e+06
4.168694e-04  3.197229e+06
4.216965e-04  3.151462e+06
4.280000e-04  3.092377e+06
4.315191e-04  3.060016e+06
4.415704e-04  2.969029e+06
4.430000e-04  2.956558e+06
4.466836e-04  2.924431e+06
4.518559e-04  2.880163e+06
4.537300e-04  2.864084e+06
4.537300e-04  2.945717e+06
4.600000e-04  2.893064e+06
4.628000e-04  2.869848e+06
4.650000e-04  2.851542e+06
4.700000e-04  2.810404e+06
4.731513e-04  2.785172e+06
4.786301e-04  2.742422e+06
4.841724e-04  2.699726e+06
4.850000e-04  2.693329e+06
4.897788e-04  2.656590e+06
4.900000e-04  2.654916e+06
4.954502e-04  2.614251e+06
5.011872e-04  2.572201e+06
5.069907e-04  2.530423e+06
5.188000e-04  2.448664e+06
5.248075e-04  2.408169e+06
5.308844e-04  2.367952e+06
5.432503e-04  2.288287e+06
5.500000e-04  2.247118e+06
5.559043e-04  2.211756e+06
5.580000e-04  2.199253e+06
5.623413e-04  2.173514e+06
5.688529e-04  2.135855e+06
5.754399e-04  2.098538e+06
5.821032e-04  2.061547e+06
6.025596e-04  1.954659e+06
6.095369e-04  1.919570e+06
6.100000e-04  1.917267e+06
6.165950e-04  1.884606e+06
6.237348e-04  1.850028e+06
6.382635e-04  1.783331e+06
6.456542e-04  1.750619e+06
6.500000e-04  1.731704e+06
6.531306e-04  1.718313e+06
6.606934e-04  1.686155e+06
6.683439e-04  1.654599e+06
6.760830e-04  1.623473e+06
6.839116e-04  1.592595e+06
6.850000e-04  1.588387e+06
7.000000e-04  1.531834e+06
7.079458e-04  1.503254e+06
7.161434e-04  1.474453e+06
7.244360e-04  1.445923e+06
7.300000e-04  1.426976e+06
7.500000e-04  1.362139e+06
7.585776e-04  1.335893e+06
7.673615e-04  1.309599e+06
7.852356e-04  1.257874e+06
7.943282e-04  1.232738e+06
8.000000e-04  1.217507e+06
8.035261e-04  1.208155e+06
8.128305e-04  1.183752e+06
8.200000e-04  1.165459e+06
8.317638e-04  1.136222e+06
8.511380e-04  1.090398e+06
8.709636e-04  1.045872e+06
8.810489e-04  1.024103e+06
8.912509e-04  1.002766e+06
9.000000e-04  9.850592e+05
9.015711e-04  9.819357e+05
9.120108e-04  9.614528e+05
9.332543e-04  9.214494e+05
9.500000e-04  8.914119e+05
9.660509e-04  8.640886e+05
9.700000e-04  8.575836e+05
9.772372e-04  8.458173e+05
1.000000e-03  8.097825e+05
1.023293e-03  7.751588e+05
1.035142e-03  7.583879e+05
1.047129e-03  7.419979e+05
1.059254e-03  7.258005e+05
1.071519e-03  7.098291e+05
1.109175e-03  6.638628e+05
1.110000e-03  6.629110e+05
1.122018e-03  6.492699e+05
1.135011e-03  6.349416e+05
1.150000e-03  6.188479e+05
1.161449e-03  6.068951e+05
1.174898e-03  5.933177e+05
1.190000e-03  5.785908e+05
1.216186e-03  5.543032e+05
1.230269e-03  5.417326e+05
1.244515e-03  5.294182e+05
1.318257e-03  4.718542e+05
1.333521e-03  4.610050e+05
1.348963e-03  4.504266e+05
1.350000e-03  4.497279e+05
1.396368e-03  4.198465e+05
1.412538e-03  4.101304e+05
1.428894e-03  4.006434e+05
1.462177e-03  3.821447e+05
1.469800e-03  3.780658e+05
1.469800e-03  1.260204e+06
1.479108e-03  1.241331e+06
1.496236e-03  1.207583e+06
1.500000e-03  1.200340e+06
1.514000e-03  1.173937e+06
1.516000e-03  1.171022e+06
1.516000e-03  1.511819e+06
1.547300e-03  1.485076e+06
1.548000e-03  1.483236e+06
1.548817e-03  1.482544e+06
1.551800e-03  1.480030e+06
1.570000e-03  1.462668e+06
1.572000e-03  1.460329e+06
1.584893e-03  1.441716e+06
1.603245e-03  1.416200e+06
1.640590e-03  1.367799e+06
1.650000e-03  1.355162e+06
1.659587e-03  1.342534e+06
1.664800e-03  1.335777e+06
1.678804e-03  1.318482e+06
1.690000e-03  1.305033e+06
1.698244e-03  1.294961e+06
1.712300e-03  1.278145e+06
1.717908e-03  1.270315e+06
1.730000e-03  1.253720e+06
1.737801e-03  1.243198e+06
1.757924e-03  1.215253e+06
1.761500e-03  1.210422e+06
1.800000e-03  1.156017e+06
1.819701e-03  1.125391e+06
1.840772e-03  1.093870e+06
1.862087e-03  1.063222e+06
1.865100e-03  1.058984e+06
1.865100e-03  1.225774e+06
1.883649e-03  1.196756e+06
1.905461e-03  1.163764e+06
1.927525e-03  1.131696e+06
1.945000e-03  1.107184e+06
2.000000e-03  1.037671e+06
2.018366e-03  1.015621e+06
2.041738e-03  9.885351e+05
2.074000e-03  9.525443e+05
2.075200e-03  9.512392e+05
2.075200e-03  1.008129e+06
2.090000e-03  9.918703e+05
2.113489e-03  9.668432e+05
2.137962e-03  9.417571e+05
2.145000e-03  9.347237e+05
2.162719e-03  9.172192e+05
2.187762e-03  8.934149e+05
2.220000e-03  8.638216e+05
2.238721e-03  8.471113e+05
2.264644e-03  8.245403e+05
2.277400e-03  8.137417e+05
2.277400e-03  8.491064e+05
2.294000e-03  8.350813e+05
2.317395e-03  8.159005e+05
2.371374e-03  7.740676e+05
2.385000e-03  7.639712e+05
2.400000e-03  7.530420e+05
2.426610e-03  7.341383e+05
2.454709e-03  7.149362e+05
2.483133e-03  6.959282e+05
2.500000e-03  6.849903e+05
2.511886e-03  6.774009e+05
2.540973e-03  6.593456e+05
2.570396e-03  6.417934e+05
2.630268e-03  6.081581e+05
2.660725e-03  5.920326e+05
2.691535e-03  5.762862e+05
2.722701e-03  5.607393e+05
2.754229e-03  5.455599e+05
2.800000e-03  5.245600e+05
2.818383e-03  5.164492e+05
2.851018e-03  5.024940e+05
2.884032e-03  4.889319e+05
2.917427e-03  4.757568e+05
2.951209e-03  4.628813e+05
3.000000e-03  4.451286e+05
3.070000e-03  4.213431e+05
3.090295e-03  4.147917e+05
3.126079e-03  4.035268e+05
3.162278e-03  3.924420e+05
3.198895e-03  3.816803e+05
3.235937e-03  3.711584e+05
3.311311e-03  3.509587e+05
3.320000e-03  3.487204e+05
3.388442e-03  3.317760e+05
3.400000e-03  3.290318e+05
3.427678e-03  3.225472e+05
3.467369e-03  3.135314e+05
3.507519e-03  3.047711e+05
3.548134e-03  2.962436e+05
3.589219e-03  2.879671e+05
3.630781e-03  2.799305e+05
3.758374e-03  2.572129e+05
3.801894e-03  2.500505e+05
3.845918e-03  2.430848e+05
3.900000e-03  2.349095e+05
3.935501e-03  2.297144e+05
4.000000e-03  2.206245e+05
4.027170e-03  2.169521e+05
4.120975e-03  2.048470e+05
4.168694e-03  1.990594e+05
4.265795e-03  1.879866e+05
4.300000e-03  1.842956e+05
4.315191e-03  1.826824e+05
4.365158e-03  1.774918e+05
4.400000e-03  1.739772e+05
4.415704e-03  1.724209e+05
4.518559e-03  1.627103e+05
4.570882e-03  1.580667e+05
4.677351e-03  1.491854e+05
4.731513e-03  1.449417e+05
4.786301e-03  1.408090e+05
4.897788e-03  1.329112e+05
4.954502e-03  1.291342e+05
5.011872e-03  1.254294e+05
5.069907e-03  1.218345e+05
5.128614e-03  1.183144e+05
5.188000e-03  1.148992e+05
5.308844e-03  1.083764e+05
5.559043e-03  9.644224e+04
5.623413e-03  9.364508e+04
5.688529e-03  9.092260e+04
5.821032e-03  8.571771e+04
5.888437e-03  8.323206e+04
6.025596e-03  7.846557e+04
6.237348e-03  7.184578e+04
6.300000e-03  7.003224e+04
6.309573e-03  6.975965e+04
6.382635e-03  6.772698e+04
6.456542e-03  6.574373e+04
6.531306e-03  6.382146e+04
6.606934e-03  6.195307e+04
6.683439e-03  6.013592e+04
6.760830e-03  5.837374e+04
6.839116e-03  5.666569e+04
7.000000e-03  5.337359e+04
7.079458e-03  5.184752e+04
7.161434e-03  5.032062e+04
7.244360e-03  4.884069e+04
7.328245e-03  4.740638e+04
7.500000e-03  4.463267e+04
7.585776e-03  4.333313e+04
7.762471e-03  4.082174e+04
7.852356e-03  3.962362e+04
7.943282e-03  3.846174e+04
8.000000e-03  3.775929e+04
8.035261e-03  3.732986e+04
8.128305e-03  3.622160e+04
8.222426e-03  3.514450e+04
8.317638e-03  3.410085e+04
8.413951e-03  3.308737e+04
8.609938e-03  3.115258e+04
8.638100e-03  3.088792e+04
8.638100e-03  8.326130e+04
8.709636e-03  8.152775e+04
8.740000e-03  8.080729e+04
8.810489e-03  7.926326e+04
8.850000e-03  7.841611e+04
8.912509e-03  7.698070e+04
9.015711e-03  7.468954e+04
9.120108e-03  7.246423e+04
9.332543e-03  6.819547e+04
9.400000e-03  6.691243e+04
9.500000e-03  6.502328e+04
9.629400e-03  6.268614e+04
9.629400e-03  8.618331e+04
9.697000e-03  8.467780e+04
9.750000e-03  8.352333e+04
9.772372e-03  8.303363e+04
9.885531e-03  8.061768e+04
1.000000e-02  7.827316e+04
1.008100e-02  7.661200e+04
1.008100e-02  8.863913e+04
1.015000e-02  8.706534e+04
1.022000e-02  8.550601e+04
1.023293e-02  8.523389e+04
1.035142e-02  8.279441e+04
1.047129e-02  8.042485e+04
1.050000e-02  7.987135e+04
1.060000e-02  7.797344e+04
1.071519e-02  7.585356e+04
1.109175e-02  6.951043e+04
1.110000e-02  6.937838e+04
1.122018e-02  6.747622e+04
1.135011e-02  6.550154e+04
1.150000e-02  6.332360e+04
1.161449e-02  6.172710e+04
1.174898e-02  5.992015e+04
1.202264e-02  5.646537e+04
1.216186e-02  5.482015e+04
1.230269e-02  5.322406e+04
1.244515e-02  5.166453e+04
1.258925e-02  5.013652e+04
1.273503e-02  4.865475e+04
1.288250e-02  4.721814e+04
1.318257e-02  4.447488e+04
1.333521e-02  4.315239e+04
1.348963e-02  4.186234e+04
1.350000e-02  4.177766e+04
1.364583e-02  4.061139e+04
1.380384e-02  3.939880e+04
1.396368e-02  3.822318e+04
1.428894e-02  3.597855e+04
1.445440e-02  3.490735e+04
1.450000e-02  3.462004e+04
1.462177e-02  3.386871e+04
1.479108e-02  3.286170e+04
1.500000e-02  3.167542e+04
1.513561e-02  3.093668e+04
1.531087e-02  3.001632e+04
1.566751e-02  2.825350e+04
1.584893e-02  2.741207e+04
1.603245e-02  2.659627e+04
1.640590e-02  2.502677e+04
1.659587e-02  2.427007e+04
1.678804e-02  2.353669e+04
1.698244e-02  2.282586e+04
1.717908e-02  2.213573e+04
1.737801e-02  2.146678e+04
1.757924e-02  2.081859e+04
1.800000e-02  1.954820e+04
1.819701e-02  1.898873e+04
1.840772e-02  1.841456e+04
1.862087e-02  1.785821e+04
1.905461e-02  1.678894e+04
1.927525e-02  1.627923e+04
1.949845e-02  1.578485e+04
1.950000e-02  1.578149e+04
1.972423e-02  1.530541e+04
2.018366e-02  1.439058e+04
2.089296e-02  1.311391e+04
2.113489e-02  1.271420e+04
2.137962e-02  1.232690e+04
2.162719e-02  1.194875e+04
2.187762e-02  1.158252e+04
2.230000e-02  1.099883e+04
2.238721e-02  1.088309e+04
2.264644e-02  1.054867e+04
2.290868e-02  1.022465e+04
2.344229e-02  9.606898e+03
2.398833e-02  9.024313e+03
2.426610e-02  8.746690e+03
2.454709e-02  8.477782e+03
2.483133e-02  8.217123e+03
2.511886e-02  7.964693e+03
2.540973e-02  7.719933e+03
2.600160e-02  7.253348e+03
2.650000e-02  6.887439e+03
2.660725e-02  6.811607e+03
2.754229e-02  6.197034e+03
2.786121e-02  6.005063e+03
2.818383e-02  5.819099e+03
2.851018e-02  5.639009e+03
2.884032e-02  5.464457e+03
2.917427e-02  5.295275e+03
2.951209e-02  5.130771e+03
3.000000e-02  4.905484e+03
3.019952e-02  4.817297e+03
3.054921e-02  4.667873e+03
3.090295e-02  4.522477e+03
3.162278e-02  4.245441e+03
3.198895e-02  4.113489e+03
3.235937e-02  3.985120e+03
3.311311e-02  3.740569e+03
3.349654e-02  3.623984e+03
3.400000e-02  3.478258e+03
3.467369e-02  3.294692e+03
3.507519e-02  3.191606e+03
3.630781e-02  2.901532e+03
3.672823e-02  2.810660e+03
3.715352e-02  2.722701e+03
3.758374e-02  2.637555e+03
3.801894e-02  2.555121e+03
3.845918e-02  2.475255e+03
3.935501e-02  2.322499e+03
3.981072e-02  2.249676e+03
4.000000e-02  2.220151e+03
4.027170e-02  2.178695e+03
4.120975e-02  2.043489e+03
4.168694e-02  1.979096e+03
4.415704e-02  1.686914e+03
4.466836e-02  1.633935e+03
4.500000e-02  1.600797e+03
4.518559e-02  1.582611e+03
4.623810e-02  1.484693e+03
4.677351e-02  1.438023e+03
4.731513e-02  1.392376e+03
4.841724e-02  1.305456e+03
4.954502e-02  1.224025e+03
5.011872e-02  1.185274e+03
5.188000e-02  1.076368e+03
5.248075e-02  1.042355e+03
5.308844e-02  1.009438e+03
5.495409e-02  9.169145e+02
5.500000e-02  9.147880e+02
5.559043e-02  8.878084e+02
5.623413e-02  8.596178e+02
5.754399e-02  8.058326e+02
5.888437e-02  7.553455e+02
5.948800e-02  7.340146e+02
5.948800e-02  3.882126e+03
6.050000e-02  3.725313e+03
6.100000e-02  3.645999e+03
6.165950e-02  3.552286e+03
6.180000e-02  3.532763e+03
6.237348e-02  3.445026e+03
6.309573e-02  3.338726e+03
6.310000e-02  3.338111e+03
6.531306e-02  3.059496e+03
6.606934e-02  2.971604e+03
6.760830e-02  2.795007e+03
7.079458e-02  2.472789e+03
7.161434e-02  2.398239e+03
7.413102e-02  2.190937e+03
7.498942e-02  2.125879e+03
7.585776e-02  2.062762e+03
7.762471e-02  1.942110e+03
7.852356e-02  1.884378e+03
8.000000e-02  1.794592e+03
8.035261e-02  1.774028e+03
8.222426e-02  1.668061e+03
8.413951e-02  1.568447e+03
8.609938e-02  1.474800e+03
8.709636e-02  1.430103e+03
8.810489e-02  1.386765e+03
8.959900e-02  1.325822e+03
9.225714e-02  1.225107e+03
9.332543e-02  1.187541e+03
9.549926e-02  1.115822e+03
9.772372e-02  1.048443e+03
9.885531e-02  1.016300e+03
1.000000e-01  9.851442e+02
1.011580e-01  9.549451e+02
1.035142e-01  8.973059e+02
1.096478e-01  7.680077e+02
1.109175e-01  7.444812e+02
1.122019e-01  7.214113e+02
1.148154e-01  6.773554e+02
1.174898e-01  6.359876e+02
1.188502e-01  6.162642e+02
1.216186e-01  5.786340e+02
1.230269e-01  5.606914e+02
1.244515e-01  5.433066e+02
1.288250e-01  4.943276e+02
1.318257e-01  4.641646e+02
1.333521e-01  4.497826e+02
1.396368e-01  3.965406e+02
1.412538e-01  3.842470e+02
1.428894e-01  3.722868e+02
1.462177e-01  3.494792e+02
1.479108e-01  3.386059e+02
1.496236e-01  3.280710e+02
1.500000e-01  3.258161e+02
1.513561e-01  3.178652e+02
1.531088e-01  3.079757e+02
1.548817e-01  2.983945e+02
1.584893e-01  2.801197e+02
1.603245e-01  2.714072e+02
1.640590e-01  2.547876e+02
1.650000e-01  2.508201e+02
1.659587e-01  2.468655e+02
1.698244e-01  2.317557e+02
1.717908e-01  2.245521e+02
1.737801e-01  2.175724e+02
1.819701e-01  1.917662e+02
1.840772e-01  1.858087e+02
1.862087e-01  1.800365e+02
1.905461e-01  1.690257e+02
1.927525e-01  1.637760e+02
1.972423e-01  1.537619e+02
1.995262e-01  1.489873e+02
2.018366e-01  1.443627e+02
2.041738e-01  1.398817e+02
2.065380e-01  1.355414e+02
2.113489e-01  1.272612e+02
2.137962e-01  1.233131e+02
2.238721e-01  1.087095e+02
2.264644e-01  1.053715e+02
2.317395e-01  9.900005e+01
2.344229e-01  9.596053e+01
2.371374e-01  9.301542e+01
2.398833e-01  9.016183e+01
2.426610e-01  8.739586e+01
2.454709e-01  8.471553e+01
2.483133e-01  8.211974e+01
2.540973e-01  7.716451e+01
2.570396e-01  7.480031e+01
2.600160e-01  7.250879e+01
2.630268e-01  7.028775e+01
2.691535e-01  6.604782e+01
2.722701e-01  6.402561e+01
2.754229e-01  6.209275e+01
2.786121e-01  6.021838e+01
2.818383e-01  5.840060e+01
2.851018e-01  5.663778e+01
2.884032e-01  5.492816e+01
2.917427e-01  5.327026e+01
3.000000e-01  4.945621e+01
3.000060e-01  4.945358e+01
3.019952e-01  4.859160e+01
3.054921e-01  4.712795e+01
3.090295e-01  4.570897e+01
3.126079e-01  4.433274e+01
3.162278e-01  4.299843e+01
3.198895e-01  4.170438e+01
3.235937e-01  4.046901e+01
3.273407e-01  3.927029e+01
3.388442e-01  3.588339e+01
3.427678e-01  3.482069e+01
3.467369e-01  3.378985e+01
3.507519e-01  3.278966e+01
3.548134e-01  3.181909e+01
3.589219e-01  3.087962e+01
3.630781e-01  2.996792e+01
3.672823e-01  2.908317e+01
3.715352e-01  2.823976e+01
3.758374e-01  2.742081e+01
3.801894e-01  2.662563e+01
3.845918e-01  2.585381e+01
3.890451e-01  2.510440e+01
3.935501e-01  2.437671e+01
4.000000e-01  2.338511e+01
4.027170e-01  2.298418e+01
4.073803e-01  2.231830e+01
4.120975e-01  2.167310e+01
4.168694e-01  2.104692e+01
4.216965e-01  2.045092e+01
4.265795e-01  1.987203e+01
4.365158e-01  1.876299e+01
4.415705e-01  1.823191e+01
4.518559e-01  1.721456e+01
4.570882e-01  1.672762e+01
4.623810e-01  1.625448e+01
4.677351e-01  1.579473e+01
4.731513e-01  1.534910e+01
4.786301e-01  1.492514e+01
4.841724e-01  1.451290e+01
4.954502e-01  1.372228e+01
5.011872e-01  1.334332e+01
5.069907e-01  1.297486e+01
5.128614e-01  1.261673e+01
5.188000e-01  1.226864e+01
5.248075e-01  1.193016e+01
5.308844e-01  1.160103e+01
5.370318e-01  1.128888e+01
5.432503e-01  1.098533e+01
5.495409e-01  1.068995e+01
5.559043e-01  1.040254e+01
5.623413e-01  1.012289e+01
5.688529e-01  9.850967e+00
5.754399e-01  9.586356e+00
5.821032e-01  9.328867e+00
5.888437e-01  9.078295e+00
5.956621e-01  8.834460e+00
6.000000e-01  8.687704e+00
6.025596e-01  8.602978e+00
6.095369e-01  8.378110e+00
6.165950e-01  8.159166e+00
6.237348e-01  7.946025e+00
6.309573e-01  7.738545e+00
6.382635e-01  7.536487e+00
6.456542e-01  7.339710e+00
6.531306e-01  7.148074e+00
6.683439e-01  6.779692e+00
6.760830e-01  6.607036e+00
6.839117e-01  6.439424e+00
6.918310e-01  6.276067e+00
6.998420e-01  6.116903e+00
7.079458e-01  5.961777e+00
7.161434e-01  5.810587e+00
7.328245e-01  5.519624e+00
7.413102e-01  5.379667e+00
7.498942e-01  5.243312e+00
7.585776e-01  5.113694e+00
7.673615e-01  4.987722e+00
7.762471e-01  4.864855e+00
7.852356e-01  4.745077e+00
7.943282e-01  4.628248e+00
8.128305e-01  4.403156e+00
8.317638e-01  4.189099e+00
8.413951e-01  4.086017e+00
8.511380e-01  3.988271e+00
8.609938e-01  3.892863e+00
8.709636e-01  3.800135e+00
9.015711e-01  3.535006e+00
9.120108e-01  3.450818e+00
9.225714e-01  3.368688e+00
9.332543e-01  3.288569e+00
9.440609e-01  3.212687e+00
9.549926e-01  3.138557e+00
9.660509e-01  3.066471e+00
9.772372e-01  2.996053e+00
9.885531e-01  2.927344e+00
1.000000e+00  2.860225e+00
1.011579e+00  2.794651e+00
1.023293e+00  2.730575e+00
1.035142e+00  2.667972e+00
1.047129e+00  2.608169e+00
1.059254e+00  2.549738e+00
1.071519e+00  2.492647e+00
1.083927e+00  2.437022e+00
1.096478e+00  2.382641e+00
1.122018e+00  2.277495e+00
1.135011e+00  2.226673e+00
1.148154e+00  2.177013e+00
1.161449e+00  2.128462e+00
1.174898e+00  2.081018e+00
1.188502e+00  2.034642e+00
1.202264e+00  1.990408e+00
1.216186e+00  1.947136e+00
1.230269e+00  1.904807e+00
1.244515e+00  1.863562e+00
1.250000e+00  1.848053e+00
1.273503e+00  1.783782e+00
1.288250e+00  1.745201e+00
1.318257e+00  1.670539e+00
1.333521e+00  1.634417e+00
1.348963e+00  1.599997e+00
1.364583e+00  1.566304e+00
1.380384e+00  1.533322e+00
1.412538e+00  1.469695e+00
1.428894e+00  1.438893e+00
1.479108e+00  1.350315e+00
1.500000e+00  1.315920e+00
1.513561e+00  1.294935e+00
1.531087e+00  1.268578e+00
1.548817e+00  1.242757e+00
1.678804e+00  1.076811e+00
1.698244e+00  1.054998e+00
1.717908e+00  1.034258e+00
1.737801e+00  1.013924e+00
1.757924e+00  9.939911e-01
1.778279e+00  9.745364e-01
1.798871e+00  9.554613e-01
1.819701e+00  9.367600e-01
1.840772e+00  9.184249e-01
1.883649e+00  8.828242e-01
1.905461e+00  8.655444e-01
1.927525e+00  8.486131e-01
1.949845e+00  8.325005e-01
1.972423e+00  8.166947e-01
2.000000e+00  7.980322e-01
2.018366e+00  7.860315e-01
2.044000e+00  7.697590e-01
2.089296e+00  7.422944e-01
2.162719e+00  7.009908e-01
2.187762e+00  6.877477e-01
2.213095e+00  6.751368e-01
2.238721e+00  6.627578e-01
2.264644e+00  6.506060e-01
2.290868e+00  6.386873e-01
2.317395e+00  6.270272e-01
2.371374e+00  6.043417e-01
2.454709e+00  5.718431e-01
2.511886e+00  5.511656e-01
2.540973e+00  5.414071e-01
2.570396e+00  5.318220e-01
2.600160e+00  5.224067e-01
2.630268e+00  5.131669e-01
2.660725e+00  5.041207e-01
2.722701e+00  4.865040e-01
2.818383e+00  4.612263e-01
2.884032e+00  4.451175e-01
2.917427e+00  4.375058e-01
2.951209e+00  4.300245e-01
3.000000e+00  4.195897e-01
3.019952e+00  4.154474e-01
3.054921e+00  4.083738e-01
3.126079e+00  3.945856e-01
3.235937e+00  3.747712e-01
3.273407e+00  3.683907e-01
3.311311e+00  3.621218e-01
3.349654e+00  3.559626e-01
3.388442e+00  3.500833e-01
3.427678e+00  3.443014e-01
3.467369e+00  3.386150e-01
3.507519e+00  3.330275e-01
3.548134e+00  3.275506e-01
3.630781e+00  3.168654e-01
3.758374e+00  3.014878e-01
3.801894e+00  2.965300e-01
3.845918e+00  2.916560e-01
3.890451e+00  2.868647e-01
3.935501e+00  2.822876e-01
4.000000e+00  2.759489e-01
4.027170e+00  2.733515e-01
4.073803e+00  2.689940e-01
4.120975e+00  2.647201e-01
4.216965e+00  2.563748e-01
4.365158e+00  2.443475e-01
4.466836e+00  2.366451e-01
4.518559e+00  2.328872e-01
4.570882e+00  2.291907e-01
4.623810e+00  2.256535e-01
4.677351e+00  2.221708e-01
4.731513e+00  2.187419e-01
4.786301e+00  2.153688e-01
4.841724e+00  2.120580e-01
5.000000e+00  2.030751e-01
5.188000e+00  1.932354e-01
5.308844e+00  1.873406e-01
5.370318e+00  1.844622e-01
5.432503e+00  1.816294e-01
5.495409e+00  1.789140e-01
5.559043e+00  1.762393e-01
5.623413e+00  1.736047e-01
5.688529e+00  1.710116e-01
5.754399e+00  1.684650e-01
5.956621e+00  1.610506e-01
6.165950e+00  1.539626e-01
6.309573e+00  1.494118e-01
6.382635e+00  1.471881e-01
6.456542e+00  1.449985e-01
6.531306e+00  1.429001e-01
6.606934e+00  1.408322e-01
6.683439e+00  1.387942e-01
6.760830e+00  1.367874e-01
6.839116e+00  1.348159e-01
7.079458e+00  1.290701e-01
7.413102e+00  1.217882e-01
7.585776e+00  1.183030e-01
7.673615e+00  1.165990e-01
7.762471e+00  1.149201e-01
7.852356e+00  1.133099e-01
7.943282e+00  1.117223e-01
8.035261e+00  1.101569e-01
8.128305e+00  1.086147e-01
8.222427e+00  1.070988e-01
8.511380e+00  1.026769e-01
9.015711e+00  9.570908e-02
9.332543e+00  9.175773e-02
9.440609e+00  9.047784e-02
9.549926e+00  8.921624e-02
9.660509e+00  8.800263e-02
9.772372e+00  8.680554e-02
9.885531e+00  8.562476e-02
1.000000e+01  8.446021e-02
1.011579e+01  8.331227e-02
1.023293e+01  8.218310e-02
1.059254e+01  7.888669e-02
1.109175e+01  7.469628e-02
1.161449e+01  7.072873e-02
1.174898e+01  6.977069e-02
1.188502e+01  6.882600e-02
1.202264e+01  6.791692e-02
1.216186e+01  6.701981e-02
1.230269e+01  6.613459e-02
1.244515e+01  6.526119e-02
1.258925e+01  6.439990e-02
1.273503e+01  6.355218e-02
1.318257e+01  6.107542e-02
1.400000e+01  5.698954e-02
1.479108e+01  5.349615e-02
1.500000e+01  5.263997e-02
1.513561e+01  5.209782e-02
1.531087e+01  5.141265e-02
1.548817e+01  5.075240e-02
1.566751e+01  5.010068e-02
1.584893e+01  4.945733e-02
1.600000e+01  4.893348e-02
1.603245e+01  4.882239e-02
1.621810e+01  4.819745e-02
1.678804e+01  4.637025e-02
1.798871e+01  4.292104e-02
1.949845e+01  3.922010e-02
1.995262e+01  3.822299e-02
2.000000e+01  3.812173e-02
2.041738e+01  3.725146e-02
2.065380e+01  3.678543e-02
2.089296e+01  3.632523e-02
2.113489e+01  3.587080e-02
2.137962e+01  3.542347e-02
2.213095e+01  3.411466e-02
2.344229e+01  3.203989e-02
2.600160e+01  2.861831e-02
2.691535e+01  2.756139e-02
2.786121e+01  2.654374e-02
2.818383e+01  2.621875e-02
2.851018e+01  2.589775e-02
2.884032e+01  2.558067e-02
2.917427e+01  2.526749e-02
2.951209e+01  2.495896e-02
3.054921e+01  2.405580e-02
3.273407e+01  2.234633e-02
3.589219e+01  2.025462e-02
3.630781e+01  2.000738e-02
3.715352e+01  1.952196e-02
3.758374e+01  1.928373e-02
3.845918e+01  1.881597e-02
3.890451e+01  1.858998e-02
3.981072e+01  1.814611e-02
4.027170e+01  1.792817e-02
4.073803e+01  1.771285e-02
4.120975e+01  1.750011e-02
4.168694e+01  1.729041e-02
4.216965e+01  1.708321e-02
4.415704e+01  1.627898e-02
4.841724e+01  1.478231e-02
5.432503e+01  1.310354e-02
5.559043e+01  1.279146e-02
5.688529e+01  1.248683e-02
5.754399e+01  1.233728e-02
5.888437e+01  1.204352e-02
6.000000e+01  1.181234e-02
6.165950e+01  1.148418e-02
6.237348e+01  1.134846e-02
6.309573e+01  1.121434e-02
6.382635e+01  1.108180e-02
6.456542e+01  1.095083e-02
6.531306e+01  1.082166e-02
6.606934e+01  1.069401e-02
6.998420e+01  1.007798e-02
7.852356e+01  8.950336e-03
8.912509e+01  7.855145e-03
9.120108e+01  7.670962e-03
9.332543e+01  7.491105e-03
9.440609e+01  7.402778e-03
9.549926e+01  7.315492e-03
9.772372e+01  7.143998e-03
1.000000e+02  6.978414e-03
1.023293e+02  6.816669e-03
1.035142e+02  6.737208e-03
1.059254e+02  6.581052e-03
1.071519e+02  6.504342e-03
1.083927e+02  6.428520e-03
1.096478e+02  6.353697e-03
1.109175e+02  6.279745e-03
1.122018e+02  6.206659e-03
1.202264e+02  5.785647e-03
1.412538e+02  4.911014e-03
1.678804e+02  4.120107e-03
1.717908e+02  4.024773e-03
1.778279e+02  3.885895e-03
1.819701e+02  3.795989e-03
1.840772e+02  3.751819e-03
1.905461e+02  3.622371e-03
1.949845e+02  3.539104e-03
2.041738e+02  3.378269e-03
2.065380e+02  3.339215e-03
2.113489e+02  3.262458e-03
2.137962e+02  3.224743e-03
2.162719e+02  3.187464e-03
2.187762e+02  3.150647e-03
2.213095e+02  3.114257e-03
2.238721e+02  3.078287e-03
2.398833e+02  2.871025e-03
2.818383e+02  2.440068e-03
3.349654e+02  2.049855e-03
3.427678e+02  2.002782e-03
3.548134e+02  1.934192e-03
3.630781e+02  1.889778e-03
3.672823e+02  1.867955e-03
3.801894e+02  1.803988e-03
3.890451e+02  1.762769e-03
4.073803e+02  1.683136e-03
4.120975e+02  1.663796e-03
4.216965e+02  1.625781e-03
4.265795e+02  1.607100e-03
4.315191e+02  1.588634e-03
4.365158e+02  1.570392e-03
4.415704e+02  1.552359e-03
4.466836e+02  1.534533e-03
4.786301e+02  1.431797e-03
1.122018e+03  6.091312e-04
1.333521e+03  5.122409e-04
1.364583e+03  5.005449e-04
1.412538e+03  4.834999e-04
1.445440e+03  4.724609e-04
1.462177e+03  4.670363e-04
1.513561e+03  4.511331e-04
1.548817e+03  4.408571e-04
1.717908e+03  3.974366e-04
1.737801e+03  3.928851e-04
1.778279e+03  3.839383e-04
1.905461e+03  3.583015e-04
3.235937e+03  2.109367e-04
3.273407e+03  2.085211e-04
3.349654e+03  2.037727e-04
3.388442e+03  2.014391e-04
3.427678e+03  1.991323e-04
3.507519e+03  1.945978e-04
7.079458e+04  9.630542e-06
1.000000e+05  6.817028e-06
-1  -1
-2  -2
