4.580000e-06 0.000000e+00
4.580000e-06  1.404274e+07
4.910000e-06  1.204291e+07
4.910000e-06  1.912184e+07
5.128614e-06  1.742098e+07
5.248075e-06  1.656984e+07
5.754399e-06  1.353213e+07
6.309573e-06  1.098167e+07
6.531306e-06  1.014614e+07
6.918310e-06  8.871610e+06
7.244360e-06  7.958281e+06
7.700000e-06  6.875406e+06
8.128305e-06  6.029491e+06
8.511380e-06  5.381978e+06
9.015711e-06  4.661333e+06
9.440609e-06  4.147348e+06
1.000000e-05  3.577885e+06
1.035142e-05  3.269598e+06
1.083000e-05  2.901978e+06
1.083000e-05  4.605254e+06
1.109175e-05  4.197370e+06
1.110000e-05  4.185289e+06
1.150000e-05  3.648980e+06
1.190000e-05  3.198262e+06
1.230269e-05  2.817000e+06
1.258925e-05  2.580213e+06
1.270000e-05  2.496040e+06
1.310000e-05  2.219883e+06
1.350000e-05  1.984033e+06
1.364583e-05  1.906348e+06
1.388400e-05  1.788061e+06
1.396368e-05  1.750511e+06
1.420000e-05  1.645287e+06
1.450000e-05  1.523887e+06
1.485000e-05  1.397667e+06
1.513561e-05  1.305431e+06
1.515000e-05  1.300996e+06
1.548817e-05  1.202307e+06
1.550000e-05  1.199044e+06
1.584893e-05  1.107920e+06
1.621810e-05  1.022141e+06
1.659587e-05  9.441860e+05
1.698244e-05  8.733024e+05
1.710000e-05  8.531739e+05
1.717908e-05  8.400149e+05
1.770000e-05  7.600134e+05
1.800000e-05  7.191947e+05
1.822000e-05  6.914195e+05
1.840772e-05  6.690507e+05
1.860000e-05  6.473262e+05
1.877000e-05  6.290600e+05
1.892000e-05  6.136358e+05
1.905461e-05  6.003201e+05
1.920000e-05  5.864716e+05
1.927525e-05  5.795275e+05
1.935000e-05  5.726145e+05
1.950000e-05  5.591795e+05
1.965000e-05  5.462687e+05
1.980000e-05  5.338577e+05
1.995262e-05  5.217189e+05
2.010000e-05  5.104436e+05
2.025000e-05  4.993979e+05
2.041738e-05  4.875607e+05
2.055000e-05  4.785310e+05
2.070000e-05  4.686735e+05
2.090000e-05  4.560892e+05
2.113489e-05  4.420794e+05
2.140000e-05  4.271994e+05
2.162719e-05  4.151887e+05
2.170000e-05  4.114336e+05
2.238721e-05  3.790590e+05
2.317395e-05  3.475304e+05
2.371374e-05  3.288698e+05
2.426610e-05  3.118858e+05
2.458000e-05  3.030400e+05
2.458000e-05  3.725746e+06
2.483133e-05  3.691306e+06
2.511886e-05  3.668263e+06
2.520000e-05  3.661877e+06
2.540973e-05  3.655979e+06
2.549000e-05  3.653747e+06
2.549000e-05  5.816975e+06
2.550000e-05  5.816105e+06
2.580000e-05  5.804600e+06
2.600160e-05  5.811932e+06
2.610000e-05  5.815536e+06
2.640000e-05  5.848652e+06
2.660725e-05  5.887847e+06
2.670000e-05  5.905416e+06
2.685000e-05  5.940110e+06
2.700000e-05  5.980979e+06
2.722701e-05  6.053811e+06
2.730000e-05  6.079956e+06
2.740000e-05  6.115846e+06
2.770000e-05  6.240925e+06
2.786121e-05  6.315412e+06
2.800000e-05  6.387380e+06
2.815000e-05  6.465776e+06
2.830000e-05  6.550048e+06
2.851018e-05  6.680687e+06
2.870000e-05  6.806437e+06
2.884032e-05  6.900473e+06
2.900000e-05  7.017647e+06
2.945000e-05  7.372861e+06
2.951209e-05  7.426006e+06
3.000000e-05  7.870440e+06
3.040000e-05  8.283220e+06
3.060000e-05  8.495912e+06
3.080000e-05  8.719513e+06
3.126079e-05  9.274933e+06
3.162278e-05  9.741916e+06
3.198895e-05  1.024868e+07
3.230000e-05  1.070489e+07
3.300000e-05  1.179162e+07
3.350000e-05  1.264179e+07
3.467369e-05  1.483293e+07
3.507519e-05  1.564895e+07
3.548134e-05  1.651083e+07
3.590900e-05  1.743576e+07
3.672823e-05  1.932251e+07
3.730000e-05  2.066887e+07
3.770000e-05  2.165361e+07
3.845918e-05  2.352992e+07
3.850000e-05  2.363425e+07
3.900000e-05  2.486442e+07
3.950000e-05  2.614241e+07
4.027170e-05  2.806266e+07
4.030000e-05  2.813501e+07
4.073803e-05  2.918128e+07
4.120975e-05  3.033880e+07
4.168694e-05  3.144494e+07
4.180000e-05  3.171107e+07
4.265795e-05  3.359195e+07
4.350000e-05  3.527670e+07
4.420000e-05  3.653278e+07
4.466836e-05  3.726484e+07
4.500000e-05  3.778746e+07
4.518559e-05  3.803298e+07
4.570882e-05  3.872863e+07
4.650000e-05  3.958039e+07
4.677351e-05  3.979993e+07
4.731513e-05  4.023460e+07
4.800000e-05  4.058769e+07
4.820000e-05  4.069054e+07
4.900000e-05  4.087163e+07
4.920000e-05  4.088394e+07
4.954502e-05  4.086316e+07
5.000000e-05  4.083612e+07
5.011872e-05  4.080805e+07
5.069907e-05  4.060656e+07
5.110000e-05  4.046942e+07
5.188000e-05  4.001771e+07
5.190000e-05  4.000628e+07
5.300000e-05  3.914073e+07
5.308844e-05  3.905159e+07
5.370318e-05  3.844168e+07
5.400000e-05  3.815314e+07
5.500000e-05  3.700700e+07
5.623413e-05  3.541840e+07
5.650000e-05  3.503524e+07
5.688529e-05  3.449051e+07
5.730000e-05  3.391772e+07
5.754399e-05  3.356963e+07
5.821032e-05  3.257015e+07
5.850000e-05  3.214845e+07
5.888437e-05  3.157615e+07
5.956621e-05  3.052654e+07
6.025596e-05  2.947025e+07
6.095369e-05  2.838856e+07
6.165950e-05  2.730369e+07
6.237348e-05  2.620422e+07
6.309573e-05  2.510972e+07
6.382635e-05  2.401069e+07
6.456542e-05  2.292417e+07
6.531306e-05  2.184214e+07
6.606934e-05  2.077954e+07
6.683439e-05  1.972912e+07
6.760830e-05  1.870328e+07
6.839116e-05  1.769648e+07
6.850000e-05  1.756176e+07
6.918310e-05  1.672350e+07
7.000000e-05  1.575338e+07
7.079458e-05  1.485490e+07
7.161434e-05  1.396638e+07
7.244360e-05  1.311338e+07
7.328245e-05  1.229189e+07
7.350000e-05  1.208888e+07
7.413102e-05  1.151159e+07
7.500000e-05  1.075199e+07
7.585776e-05  1.004841e+07
7.673615e-05  9.367034e+06
7.800000e-05  8.463468e+06
7.900000e-05  7.805854e+06
8.000000e-05  7.196813e+06
8.035261e-05  6.991122e+06
8.128305e-05  6.480317e+06
8.230000e-05  5.963565e+06
8.317638e-05  5.548879e+06
8.387000e-05  5.240004e+06
8.387000e-05  6.004968e+06
8.413951e-05  5.891656e+06
8.460000e-05  5.701383e+06
8.540000e-05  5.385828e+06
8.555000e-05  5.328481e+06
8.570000e-05  5.271933e+06
8.642100e-05  5.007224e+06
8.650000e-05  4.978922e+06
8.740000e-05  4.665039e+06
8.810489e-05  4.434129e+06
8.850000e-05  4.309516e+06
8.912509e-05  4.119301e+06
9.000000e-05  3.866523e+06
9.070000e-05  3.676532e+06
9.077000e-05  3.657964e+06
9.077000e-05  3.996554e+06
9.130000e-05  3.864512e+06
9.150000e-05  3.815911e+06
9.190000e-05  3.719077e+06
9.225714e-05  3.634713e+06
9.250000e-05  3.578916e+06
9.332543e-05  3.396067e+06
9.420000e-05  3.212583e+06
9.440609e-05  3.170905e+06
9.500000e-05  3.052919e+06
9.549926e-05  2.957424e+06
9.610000e-05  2.846818e+06
9.720000e-05  2.656778e+06
9.772372e-05  2.571642e+06
9.850000e-05  2.450743e+06
9.885531e-05  2.397582e+06
9.900000e-05  2.376181e+06
9.950000e-05  2.304215e+06
1.000000e-04  2.235706e+06
1.011579e-04  2.086554e+06
1.023293e-04  1.948790e+06
1.030000e-04  1.874955e+06
1.059254e-04  1.597821e+06
1.060000e-04  1.591549e+06
1.071519e-04  1.500109e+06
1.090000e-04  1.370482e+06
1.096478e-04  1.329347e+06
1.100000e-04  1.308374e+06
1.110000e-04  1.251891e+06
1.112700e-04  1.237543e+06
1.128000e-04  1.161832e+06
1.135011e-04  1.130286e+06
1.143000e-04  1.097384e+06
1.150000e-04  1.070478e+06
1.155000e-04  1.052237e+06
1.166400e-04  1.013612e+06
1.170000e-04  1.002135e+06
1.174898e-04  9.874278e+05
1.180000e-04  9.730236e+05
1.185000e-04  9.595751e+05
1.194000e-04  9.371149e+05
1.198000e-04  9.276565e+05
1.205000e-04  9.121383e+05
1.209000e-04  9.036920e+05
1.216186e-04  8.895115e+05
1.217000e-04  8.880052e+05
1.220000e-04  8.826826e+05
1.222200e-04  8.788088e+05
1.230269e-04  8.656339e+05
1.235000e-04  8.583850e+05
1.244515e-04  8.448890e+05
1.245000e-04  8.442521e+05
1.250000e-04  8.381492e+05
1.255000e-04  8.321212e+05
1.258925e-04  8.276281e+05
1.260000e-04  8.265047e+05
1.265000e-04  8.216076e+05
1.273503e-04  8.138072e+05
1.276400e-04  8.114323e+05
1.279000e-04  8.094517e+05
1.279000e-04  9.847281e+05
1.280000e-04  9.839422e+05
1.288250e-04  9.777365e+05
1.290000e-04  9.765757e+05
1.304600e-04  9.678452e+05
1.318257e-04  9.623119e+05
1.322000e-04  9.610964e+05
1.335000e-04  9.578449e+05
1.340000e-04  9.568593e+05
1.350000e-04  9.555156e+05
1.350900e-04  9.554579e+05
1.358000e-04  9.552792e+05
1.365000e-04  9.554840e+05
1.380384e-04  9.566119e+05
1.385000e-04  9.572029e+05
1.390000e-04  9.580101e+05
1.400000e-04  9.599304e+05
1.412538e-04  9.632789e+05
1.428894e-04  9.684651e+05
1.430000e-04  9.688258e+05
1.445440e-04  9.746679e+05
1.462177e-04  9.813208e+05
1.465000e-04  9.825604e+05
1.513561e-04  1.006611e+06
1.531087e-04  1.016239e+06
1.548817e-04  1.025751e+06
1.560000e-04  1.032122e+06
1.566751e-04  1.035904e+06
1.584893e-04  1.046516e+06
1.611900e-04  1.061766e+06
1.621810e-04  1.067286e+06
1.635000e-04  1.074891e+06
1.659587e-04  1.088415e+06
1.678804e-04  1.098797e+06
1.698244e-04  1.108803e+06
1.701200e-04  1.110299e+06
1.705000e-04  1.112261e+06
1.720000e-04  1.119674e+06
1.760000e-04  1.138223e+06
1.778279e-04  1.146444e+06
1.800000e-04  1.155151e+06
1.819701e-04  1.162652e+06
1.820000e-04  1.162768e+06
1.862087e-04  1.177602e+06
1.880000e-04  1.183568e+06
1.883649e-04  1.184646e+06
1.905461e-04  1.190932e+06
1.930000e-04  1.197240e+06
1.972423e-04  1.206668e+06
2.000000e-04  1.212126e+06
2.041738e-04  1.218809e+06
2.065380e-04  1.222018e+06
2.089296e-04  1.224275e+06
2.113489e-04  1.226312e+06
2.137962e-04  1.227800e+06
2.162719e-04  1.228441e+06
2.190000e-04  1.229094e+06
2.220000e-04  1.229211e+06
2.264644e-04  1.227919e+06
2.317395e-04  1.224653e+06
2.350000e-04  1.221766e+06
2.371374e-04  1.219404e+06
2.400000e-04  1.216298e+06
2.426610e-04  1.212728e+06
2.454709e-04  1.208856e+06
2.483133e-04  1.204187e+06
2.511886e-04  1.199550e+06
2.540973e-04  1.194203e+06
2.570396e-04  1.188787e+06
2.600160e-04  1.182933e+06
2.630268e-04  1.176971e+06
2.660725e-04  1.170379e+06
2.691535e-04  1.163589e+06
2.722701e-04  1.156392e+06
2.730000e-04  1.154723e+06
2.754229e-04  1.149160e+06
2.786121e-04  1.141252e+06
2.818383e-04  1.133403e+06
2.900000e-04  1.112876e+06
2.951209e-04  1.099199e+06
3.019952e-04  1.080539e+06
3.054921e-04  1.071331e+06
3.100000e-04  1.059006e+06
3.126079e-04  1.051727e+06
3.162278e-04  1.041722e+06
3.198895e-04  1.031607e+06
3.200000e-04  1.031305e+06
3.273407e-04  1.010436e+06
3.349654e-04  9.889686e+05
3.388442e-04  9.784076e+05
3.430000e-04  9.668418e+05
3.467369e-04  9.564970e+05
3.589219e-04  9.228233e+05
3.600000e-04  9.199560e+05
3.630781e-04  9.115167e+05
3.672823e-04  9.002243e+05
3.715352e-04  8.887776e+05
3.758374e-04  8.773090e+05
3.801894e-04  8.659091e+05
3.850000e-04  8.535505e+05
3.935501e-04  8.316632e+05
4.100000e-04  7.914904e+05
4.120975e-04  7.863757e+05
4.168694e-04  7.749575e+05
4.265795e-04  7.521638e+05
4.315191e-04  7.409775e+05
4.365158e-04  7.299594e+05
4.466836e-04  7.078281e+05
4.500000e-04  7.007289e+05
4.518559e-04  6.967878e+05
4.530000e-04  6.943470e+05
4.530000e-04  7.673784e+05
4.537000e-04  7.646035e+05
4.542000e-04  7.628902e+05
4.548000e-04  7.612216e+05
4.552000e-04  7.603504e+05
4.557000e-04  7.595485e+05
4.562000e-04  7.590775e+05
4.568000e-04  7.590044e+05
4.574000e-04  7.595274e+05
4.579500e-04  7.605869e+05
4.585000e-04  7.622624e+05
4.591000e-04  7.648797e+05
4.596000e-04  7.677644e+05
4.600000e-04  7.705796e+05
4.605000e-04  7.747922e+05
4.610000e-04  7.798493e+05
4.610400e-04  7.803110e+05
4.610400e-04  8.275796e+05
4.615000e-04  8.333146e+05
4.620600e-04  8.414775e+05
4.623810e-04  8.468690e+05
4.627000e-04  8.524985e+05
4.635000e-04  8.690997e+05
4.640000e-04  8.813661e+05
4.644000e-04  8.922030e+05
4.645000e-04  8.951377e+05
4.650000e-04  9.108801e+05
4.655000e-04  9.283379e+05
4.660000e-04  9.478297e+05
4.666000e-04  9.739730e+05
4.671000e-04  9.982758e+05
4.677000e-04  1.030779e+06
4.677351e-04  1.032750e+06
4.683000e-04  1.066105e+06
4.688000e-04  1.098738e+06
4.689000e-04  1.105657e+06
4.692000e-04  1.126361e+06
4.697000e-04  1.163478e+06
4.702000e-04  1.202713e+06
4.704000e-04  1.219425e+06
4.708000e-04  1.253255e+06
4.711000e-04  1.280229e+06
4.714000e-04  1.307430e+06
4.718000e-04  1.345903e+06
4.721000e-04  1.375021e+06
4.726000e-04  1.426809e+06
4.731513e-04  1.485293e+06
4.733000e-04  1.501834e+06
4.735000e-04  1.524727e+06
4.742000e-04  1.605837e+06
4.750000e-04  1.703403e+06
4.755000e-04  1.766558e+06
4.757000e-04  1.792791e+06
4.765000e-04  1.899140e+06
4.774000e-04  2.023171e+06
4.775000e-04  2.036942e+06
4.783800e-04  2.162967e+06
4.785000e-04  2.180144e+06
4.786301e-04  2.198716e+06
4.792000e-04  2.283025e+06
4.800000e-04  2.400925e+06
4.803000e-04  2.446685e+06
4.807000e-04  2.505679e+06
4.815000e-04  2.627659e+06
4.823000e-04  2.747234e+06
4.826000e-04  2.792906e+06
4.832000e-04  2.882386e+06
4.835000e-04  2.927205e+06
4.841724e-04  3.025938e+06
4.845000e-04  3.074158e+06
4.850000e-04  3.145199e+06
4.858000e-04  3.260029e+06
4.865000e-04  3.355578e+06
4.869000e-04  3.410208e+06
4.873000e-04  3.462756e+06
4.880000e-04  3.553780e+06
4.883000e-04  3.590973e+06
4.890000e-04  3.676449e+06
4.895000e-04  3.736805e+06
4.897788e-04  3.768444e+06
4.900000e-04  3.793818e+06
4.907000e-04  3.871538e+06
4.911000e-04  3.913298e+06
4.923000e-04  4.034707e+06
4.935000e-04  4.141314e+06
4.940000e-04  4.184076e+06
4.945000e-04  4.222679e+06
4.954502e-04  4.291981e+06
4.958000e-04  4.317906e+06
4.973000e-04  4.406810e+06
4.980000e-04  4.444940e+06
4.985000e-04  4.468272e+06
5.000000e-04  4.530761e+06
5.016700e-04  4.580102e+06
5.020000e-04  4.587882e+06
5.035000e-04  4.614270e+06
5.050000e-04  4.633009e+06
5.069907e-04  4.638020e+06
5.070000e-04  4.638044e+06
5.080000e-04  4.635977e+06
5.090000e-04  4.629974e+06
5.120000e-04  4.598551e+06
5.135000e-04  4.577187e+06
5.150000e-04  4.553563e+06
5.190000e-04  4.480794e+06
5.300000e-04  4.271066e+06
5.370318e-04  4.151793e+06
5.432503e-04  4.054780e+06
5.495409e-04  3.959760e+06
5.500000e-04  3.952955e+06
5.821032e-04  3.516684e+06
5.900000e-04  3.423787e+06
5.956621e-04  3.361167e+06
6.000000e-04  3.314340e+06
6.095369e-04  3.214818e+06
6.200000e-04  3.110654e+06
6.237348e-04  3.074700e+06
6.309573e-04  3.006799e+06
6.350000e-04  2.969782e+06
6.456542e-04  2.875341e+06
6.531306e-04  2.809928e+06
6.606700e-04  2.745027e+06
6.606700e-04  2.899837e+06
6.608500e-04  2.902455e+06
6.611500e-04  2.908331e+06
6.614500e-04  2.914020e+06
6.619000e-04  2.922018e+06
6.623500e-04  2.929425e+06
6.628000e-04  2.936322e+06
6.633000e-04  2.943244e+06
6.637000e-04  2.948308e+06
6.642000e-04  2.954011e+06
6.648000e-04  2.959914e+06
6.655000e-04  2.965579e+06
6.661000e-04  2.969453e+06
6.669000e-04  2.973311e+06
6.677000e-04  2.975782e+06
6.683439e-04  2.976745e+06
6.685000e-04  2.977000e+06
6.695000e-04  2.976947e+06
6.700000e-04  2.976073e+06
6.707000e-04  2.974910e+06
6.719000e-04  2.971109e+06
6.735000e-04  2.963894e+06
6.750000e-04  2.955459e+06
6.760830e-04  2.948368e+06
6.772000e-04  2.941086e+06
6.800000e-04  2.920738e+06
6.850000e-04  2.882266e+06
6.918310e-04  2.830340e+06
6.996200e-04  2.772915e+06
6.996200e-04  2.835031e+06
6.998420e-04  2.835599e+06
7.000000e-04  2.836247e+06
7.001500e-04  2.836909e+06
7.005000e-04  2.838270e+06
7.008500e-04  2.839498e+06
7.013500e-04  2.841009e+06
7.018000e-04  2.842113e+06
7.023000e-04  2.843074e+06
7.027000e-04  2.843656e+06
7.032000e-04  2.844101e+06
7.038000e-04  2.844256e+06
7.045000e-04  2.843964e+06
7.052000e-04  2.843182e+06
7.060000e-04  2.841724e+06
7.067000e-04  2.839978e+06
7.075000e-04  2.837499e+06
7.085000e-04  2.833789e+06
7.095000e-04  2.829477e+06
7.110000e-04  2.822123e+06
7.127000e-04  2.812805e+06
7.142000e-04  2.803947e+06
7.161434e-04  2.791894e+06
7.190800e-04  2.771653e+06
7.244360e-04  2.734062e+06
7.300000e-04  2.695891e+06
7.413102e-04  2.618971e+06
7.500000e-04  2.562176e+06
7.540000e-04  2.536681e+06
7.585776e-04  2.507633e+06
7.673615e-04  2.453301e+06
7.762471e-04  2.397681e+06
7.852356e-04  2.343403e+06
8.035261e-04  2.238515e+06
8.112400e-04  2.196387e+06
8.112400e-04  2.293999e+06
8.222426e-04  2.234022e+06
8.413951e-04  2.131644e+06
8.550000e-04  2.063223e+06
8.609938e-04  2.034321e+06
8.709636e-04  1.987476e+06
8.810489e-04  1.941017e+06
8.912509e-04  1.895130e+06
9.000000e-04  1.857047e+06
9.015711e-04  1.850331e+06
9.225714e-04  1.764001e+06
9.350000e-04  1.715665e+06
9.440609e-04  1.681556e+06
9.549926e-04  1.641751e+06
9.660509e-04  1.602112e+06
9.700000e-04  1.588296e+06
9.885530e-04  1.525123e+06
1.000000e-03  1.487899e+06
1.011579e-03  1.451645e+06
1.023293e-03  1.416315e+06
1.035142e-03  1.381350e+06
1.047129e-03  1.346714e+06
1.059254e-03  1.312981e+06
1.070000e-03  1.284120e+06
1.083927e-03  1.248008e+06
1.109175e-03  1.186326e+06
1.110000e-03  1.184390e+06
1.122018e-03  1.156682e+06
1.135011e-03  1.127508e+06
1.150000e-03  1.095003e+06
1.161449e-03  1.070907e+06
1.170000e-03  1.053411e+06
1.174898e-03  1.043557e+06
1.188502e-03  1.016883e+06
1.230269e-03  9.410763e+05
1.244515e-03  9.168777e+05
1.258925e-03  8.930543e+05
1.273503e-03  8.696814e+05
1.288250e-03  8.469586e+05
1.318257e-03  8.033474e+05
1.333521e-03  7.823590e+05
1.348963e-03  7.619327e+05
1.364583e-03  7.420678e+05
1.380384e-03  7.224999e+05
1.412538e-03  6.847880e+05
1.428894e-03  6.666725e+05
1.445440e-03  6.490492e+05
1.462177e-03  6.319216e+05
1.479108e-03  6.152637e+05
1.500000e-03  5.955330e+05
1.513561e-03  5.831324e+05
1.531087e-03  5.675189e+05
1.548817e-03  5.523201e+05
1.584893e-03  5.230346e+05
1.603245e-03  5.089959e+05
1.621810e-03  4.952979e+05
1.640590e-03  4.818919e+05
1.659587e-03  4.688691e+05
1.678804e-03  4.562138e+05
1.698244e-03  4.438356e+05
1.757924e-03  4.085980e+05
1.798871e-03  3.866812e+05
1.800000e-03  3.861014e+05
1.819701e-03  3.761826e+05
1.840772e-03  3.659208e+05
1.862087e-03  3.559292e+05
1.883649e-03  3.461534e+05
1.905461e-03  3.366612e+05
1.927525e-03  3.274359e+05
1.949845e-03  3.184286e+05
1.950000e-03  3.183673e+05
2.000000e-03  2.993874e+05
2.018366e-03  2.927780e+05
2.041738e-03  2.846680e+05
2.065380e-03  2.767926e+05
2.089296e-03  2.691339e+05
2.113489e-03  2.616530e+05
2.137962e-03  2.543916e+05
2.150000e-03  2.509150e+05
2.162719e-03  2.472993e+05
2.213095e-03  2.336931e+05
2.238721e-03  2.271857e+05
2.264644e-03  2.208289e+05
2.317395e-03  2.086647e+05
2.398833e-03  1.916255e+05
2.400000e-03  1.913962e+05
2.426610e-03  1.862199e+05
2.454709e-03  1.809674e+05
2.483133e-03  1.758689e+05
2.500000e-03  1.729198e+05
2.540973e-03  1.660463e+05
2.630268e-03  1.523724e+05
2.660725e-03  1.480401e+05
2.722701e-03  1.397552e+05
2.754229e-03  1.357772e+05
2.786121e-03  1.319187e+05
2.818383e-03  1.281498e+05
2.851018e-03  1.244867e+05
2.951209e-03  1.141375e+05
3.019952e-03  1.076887e+05
3.054921e-03  1.045989e+05
3.090295e-03  1.015979e+05
3.126079e-03  9.866659e+04
3.198895e-03  9.306743e+04
3.273407e-03  8.778604e+04
3.300000e-03  8.599766e+04
3.349654e-03  8.278259e+04
3.400000e-03  7.969572e+04
3.427678e-03  7.806401e+04
3.467369e-03  7.580455e+04
3.548134e-03  7.145766e+04
3.589219e-03  6.938308e+04
3.630781e-03  6.737030e+04
3.672823e-03  6.541773e+04
3.715352e-03  6.351614e+04
3.728400e-03  6.294846e+04
3.728400e-03  2.031777e+05
3.758374e-03  1.995549e+05
3.813000e-03  1.931777e+05
3.845918e-03  1.888951e+05
3.890451e-03  1.833080e+05
3.942500e-03  1.770477e+05
3.942500e-03  2.418548e+05
4.027170e-03  2.299874e+05
4.050000e-03  2.269330e+05
4.073803e-03  2.236159e+05
4.100000e-03  2.200403e+05
4.168694e-03  2.107715e+05
4.213800e-03  2.049792e+05
4.213800e-03  2.355941e+05
4.244000e-03  2.314696e+05
4.280000e-03  2.266864e+05
4.315191e-03  2.221944e+05
4.365158e-03  2.160278e+05
4.415704e-03  2.100285e+05
4.466836e-03  2.040918e+05
4.518559e-03  1.982881e+05
4.570882e-03  1.926038e+05
4.677351e-03  1.817235e+05
4.786301e-03  1.714740e+05
4.800000e-03  1.702440e+05
4.897788e-03  1.616470e+05
4.954502e-03  1.569337e+05
5.000000e-03  1.532902e+05
5.069907e-03  1.479204e+05
5.128614e-03  1.436150e+05
5.233200e-03  1.363687e+05
5.248075e-03  1.353731e+05
5.308844e-03  1.313937e+05
5.432503e-03  1.237865e+05
5.500000e-03  1.198949e+05
5.559043e-03  1.166268e+05
5.623413e-03  1.131974e+05
5.688529e-03  1.098703e+05
5.754399e-03  1.066418e+05
5.821032e-03  1.035081e+05
5.888437e-03  1.004685e+05
6.025596e-03  9.466118e+04
6.165950e-03  8.914513e+04
6.237348e-03  8.650893e+04
6.309573e-03  8.395996e+04
6.382635e-03  8.148507e+04
6.531306e-03  7.673569e+04
6.606934e-03  7.446617e+04
6.683439e-03  7.226556e+04
6.918310e-03  6.601122e+04
6.998420e-03  6.404981e+04
7.000000e-03  6.401196e+04
7.161434e-03  6.029852e+04
7.244360e-03  5.850057e+04
7.328245e-03  5.673935e+04
7.413102e-03  5.503249e+04
7.498942e-03  5.337592e+04
7.500000e-03  5.335594e+04
7.585776e-03  5.176980e+04
7.852356e-03  4.724237e+04
7.943282e-03  4.580431e+04
8.128305e-03  4.306192e+04
8.317638e-03  4.048736e+04
8.413951e-03  3.926009e+04
8.511380e-03  3.807027e+04
8.609938e-03  3.691714e+04
8.709636e-03  3.579999e+04
8.912509e-03  3.365223e+04
9.015711e-03  3.262522e+04
9.225714e-03  3.066643e+04
9.332543e-03  2.973242e+04
9.500000e-03  2.834669e+04
9.549926e-03  2.794727e+04
9.660509e-03  2.708961e+04
9.772372e-03  2.625596e+04
1.011579e-02  2.390978e+04
1.023293e-02  2.317194e+04
1.035142e-02  2.245693e+04
1.047129e-02  2.176454e+04
1.050000e-02  2.160311e+04
1.071519e-02  2.044461e+04
1.080000e-02  2.001177e+04
1.096478e-02  1.920621e+04
1.100000e-02  1.903991e+04
1.109175e-02  1.861596e+04
1.122018e-02  1.804439e+04
1.150000e-02  1.687269e+04
1.161449e-02  1.642059e+04
1.174898e-02  1.591021e+04
1.188502e-02  1.541614e+04
1.202264e-02  1.493773e+04
1.216186e-02  1.447406e+04
1.230269e-02  1.402493e+04
1.244515e-02  1.358828e+04
1.258925e-02  1.316563e+04
1.273503e-02  1.275636e+04
1.303167e-02  1.197652e+04
1.318257e-02  1.160329e+04
1.333521e-02  1.124165e+04
1.348963e-02  1.088981e+04
1.380384e-02  1.021964e+04
1.396368e-02  9.900419e+03
1.412538e-02  9.591408e+03
1.445440e-02  9.002230e+03
1.462177e-02  8.720906e+03
1.500000e-02  8.124884e+03
1.513561e-02  7.924715e+03
1.531087e-02  7.676019e+03
1.548817e-02  7.434103e+03
1.566751e-02  7.199992e+03
1.584893e-02  6.973449e+03
1.621810e-02  6.541832e+03
1.640590e-02  6.336403e+03
1.659587e-02  6.137088e+03
1.678804e-02  5.943989e+03
1.698244e-02  5.757110e+03
1.717908e-02  5.576277e+03
1.737801e-02  5.399738e+03
1.757924e-02  5.228931e+03
1.778279e-02  5.063634e+03
1.800000e-02  4.895091e+03
1.819701e-02  4.748170e+03
1.840772e-02  4.597703e+03
1.862087e-02  4.452050e+03
1.905461e-02  4.174792e+03
1.927525e-02  4.042860e+03
1.949845e-02  3.914846e+03
1.982070e-02  3.739512e+03
2.000000e-02  3.646562e+03
2.018366e-02  3.554637e+03
2.041738e-02  3.441381e+03
2.065380e-02  3.331808e+03
2.089296e-02  3.225783e+03
2.113489e-02  3.123212e+03
2.137962e-02  3.023565e+03
2.213095e-02  2.743618e+03
2.238721e-02  2.656327e+03
2.290868e-02  2.490185e+03
2.317395e-02  2.410980e+03
2.344229e-02  2.334168e+03
2.371374e-02  2.259330e+03
2.426610e-02  2.116922e+03
2.454709e-02  2.049182e+03
2.483133e-02  1.983662e+03
2.511886e-02  1.920255e+03
2.570396e-02  1.799158e+03
2.660725e-02  1.632002e+03
2.691535e-02  1.579855e+03
2.722701e-02  1.528994e+03
2.754229e-02  1.479803e+03
2.786121e-02  1.432224e+03
2.792100e-02  1.423539e+03
2.792100e-02  8.876918e+03
2.800000e-02  8.820838e+03
2.827000e-02  8.632963e+03
2.851018e-02  8.459534e+03
2.865000e-02  8.360852e+03
2.884032e-02  8.210966e+03
2.917427e-02  7.956735e+03
2.930000e-02  7.863806e+03
2.985383e-02  7.504584e+03
3.019952e-02  7.291868e+03
3.090295e-02  6.858299e+03
3.126079e-02  6.651073e+03
3.162278e-02  6.450114e+03
3.198895e-02  6.255215e+03
3.235937e-02  6.066225e+03
3.273407e-02  5.882976e+03
3.349654e-02  5.538957e+03
3.427678e-02  5.215138e+03
3.467369e-02  5.060391e+03
3.548134e-02  4.764593e+03
3.589219e-02  4.623277e+03
3.630781e-02  4.485927e+03
3.672823e-02  4.349187e+03
3.715352e-02  4.216621e+03
3.758374e-02  4.088081e+03
3.801894e-02  3.963475e+03
3.890451e-02  3.725588e+03
3.935501e-02  3.612073e+03
3.981072e-02  3.502028e+03
4.168694e-02  3.094491e+03
4.216965e-02  3.000269e+03
4.265795e-02  2.907152e+03
4.315191e-02  2.816914e+03
4.365158e-02  2.729489e+03
4.415704e-02  2.644759e+03
4.518559e-02  2.483078e+03
4.570882e-02  2.405995e+03
4.677351e-02  2.258958e+03
4.731513e-02  2.188851e+03
4.786301e-02  2.120929e+03
4.954502e-02  1.929586e+03
5.128614e-02  1.755344e+03
5.188000e-02  1.700842e+03
5.248075e-02  1.648024e+03
5.308844e-02  1.596852e+03
5.495409e-02  1.450237e+03
5.559043e-02  1.404426e+03
5.623413e-02  1.360055e+03
5.821032e-02  1.235183e+03
5.888437e-02  1.196167e+03
6.165950e-02  1.051908e+03
6.382635e-02  9.552552e+02
6.606934e-02  8.675032e+02
6.683439e-02  8.396839e+02
6.760830e-02  8.127579e+02
7.079458e-02  7.134326e+02
7.413102e-02  6.261690e+02
7.498942e-02  6.060724e+02
7.673615e-02  5.677973e+02
7.762471e-02  5.495778e+02
7.943282e-02  5.148768e+02
8.035261e-02  4.983583e+02
8.317638e-02  4.519181e+02
8.609938e-02  4.093580e+02
9.015711e-02  3.587375e+02
9.332543e-02  3.249234e+02
9.440609e-02  3.143767e+02
9.660509e-02  2.943009e+02
9.772372e-02  2.847497e+02
9.885531e-02  2.755088e+02
1.059254e-01  2.260376e+02
1.083927e-01  2.114900e+02
1.122019e-01  1.914086e+02
1.135011e-01  1.851475e+02
1.161449e-01  1.732334e+02
1.202264e-01  1.567861e+02
1.244515e-01  1.419015e+02
1.288250e-01  1.284337e+02
1.303167e-01  1.242351e+02
1.318257e-01  1.201738e+02
1.333521e-01  1.162456e+02
1.348963e-01  1.124457e+02
1.364583e-01  1.087703e+02
1.380384e-01  1.052152e+02
1.396368e-01  1.017750e+02
1.513561e-01  8.065021e+01
1.531088e-01  7.801451e+01
1.566751e-01  7.299900e+01
1.584893e-01  7.061361e+01
1.640590e-01  6.391532e+01
1.659587e-01  6.182706e+01
1.678804e-01  5.980709e+01
1.717908e-01  5.596364e+01
1.737801e-01  5.413556e+01
1.778279e-01  5.065685e+01
1.798871e-01  4.900224e+01
1.840772e-01  4.585408e+01
1.883649e-01  4.290838e+01
1.927525e-01  4.015203e+01
1.949845e-01  3.884105e+01
1.972423e-01  3.757294e+01
2.018366e-01  3.515997e+01
2.065380e-01  3.292256e+01
2.113489e-01  3.082830e+01
2.137962e-01  2.983233e+01
2.187762e-01  2.793591e+01
2.213095e-01  2.703346e+01
2.238721e-01  2.616020e+01
2.264644e-01  2.531519e+01
2.265100e-01  2.530065e+01
2.290868e-01  2.449746e+01
2.344229e-01  2.294070e+01
2.371374e-01  2.219996e+01
2.398833e-01  2.148319e+01
2.454709e-01  2.011836e+01
2.483133e-01  1.947673e+01
2.511886e-01  1.885558e+01
2.540973e-01  1.825424e+01
2.600160e-01  1.710859e+01
2.630268e-01  1.656376e+01
2.660725e-01  1.603646e+01
2.722701e-01  1.503195e+01
2.786121e-01  1.409038e+01
2.818383e-01  1.364195e+01
2.851018e-01  1.320781e+01
2.884032e-01  1.279399e+01
2.951209e-01  1.200490e+01
2.985383e-01  1.162886e+01
3.000060e-01  1.147229e+01
3.054921e-01  1.091188e+01
3.126079e-01  1.024017e+01
3.162278e-01  9.919989e+00
3.235937e-01  9.309565e+00
3.273407e-01  9.018603e+00
3.311311e-01  8.736796e+00
3.349654e-01  8.468406e+00
3.388442e-01  8.208273e+00
3.427678e-01  7.956183e+00
3.467369e-01  7.711833e+00
3.507519e-01  7.474994e+00
3.548134e-01  7.245440e+00
3.589219e-01  7.023332e+00
3.630781e-01  6.808029e+00
3.672823e-01  6.599454e+00
3.715352e-01  6.397271e+00
3.758374e-01  6.201281e+00
3.801894e-01  6.014773e+00
3.845918e-01  5.833904e+00
3.890451e-01  5.658492e+00
3.935501e-01  5.488360e+00
3.981072e-01  5.323347e+00
4.027170e-01  5.163331e+00
4.073803e-01  5.008429e+00
4.120975e-01  4.858183e+00
4.216965e-01  4.571188e+00
4.265795e-01  4.436825e+00
4.315191e-01  4.306416e+00
4.365158e-01  4.179844e+00
4.415705e-01  4.057026e+00
4.518559e-01  3.822119e+00
4.570882e-01  3.709819e+00
4.623810e-01  3.601066e+00
4.677351e-01  3.495546e+00
4.786301e-01  3.297877e+00
4.897788e-01  3.111430e+00
4.954502e-01  3.022205e+00
5.011872e-01  2.935542e+00
5.069907e-01  2.851365e+00
5.128614e-01  2.769604e+00
5.188000e-01  2.690391e+00
5.248075e-01  2.615194e+00
5.370318e-01  2.471082e+00
5.495409e-01  2.334911e+00
5.559043e-01  2.269672e+00
5.623413e-01  2.206261e+00
5.688529e-01  2.144624e+00
5.754399e-01  2.084722e+00
5.888437e-01  1.973068e+00
6.000000e-01  1.886497e+00
6.025596e-01  1.867396e+00
6.095369e-01  1.816702e+00
6.165950e-01  1.767391e+00
6.237348e-01  1.719422e+00
6.382635e-01  1.627375e+00
6.456542e-01  1.584523e+00
6.531306e-01  1.542799e+00
6.683439e-01  1.462619e+00
6.760830e-01  1.424107e+00
6.839117e-01  1.386614e+00
6.918310e-01  1.350117e+00
6.998420e-01  1.314582e+00
7.079458e-01  1.279989e+00
7.085700e-01  1.277451e+00
7.328245e-01  1.184481e+00
7.413102e-01  1.154260e+00
7.498942e-01  1.124811e+00
7.585776e-01  1.096123e+00
7.673615e-01  1.068167e+00
7.852356e-01  1.014386e+00
7.943282e-01  9.893006e-01
8.035261e-01  9.648353e-01
8.128305e-01  9.409751e-01
8.222427e-01  9.177049e-01
8.317638e-01  8.950167e-01
8.413951e-01  8.728899e-01
8.511380e-01  8.513127e-01
8.609938e-01  8.302713e-01
8.709636e-01  8.098127e-01
8.810489e-01  7.904776e-01
8.912509e-01  7.716044e-01
9.015711e-01  7.531828e-01
9.120108e-01  7.352057e-01
9.225714e-01  7.176577e-01
9.440609e-01  6.838153e-01
9.549926e-01  6.675566e-01
9.660509e-01  6.522192e-01
9.772372e-01  6.372345e-01
9.885531e-01  6.225951e-01
1.000000e+00  6.082977e-01
1.011579e+00  5.943337e-01
1.023293e+00  5.806906e-01
1.035142e+00  5.673622e-01
1.047129e+00  5.543389e-01
1.059254e+00  5.416161e-01
1.071519e+00  5.292108e-01
1.083927e+00  5.170948e-01
1.096478e+00  5.055055e-01
1.122018e+00  4.831002e-01
1.135011e+00  4.722727e-01
1.148154e+00  4.616890e-01
1.161449e+00  4.513454e-01
1.174898e+00  4.412380e-01
1.188600e+00  4.313270e-01
1.202264e+00  4.221289e-01
1.216186e+00  4.130623e-01
1.230269e+00  4.041936e-01
1.258925e+00  3.870242e-01
1.288250e+00  3.705871e-01
1.303167e+00  3.626333e-01
1.318257e+00  3.548502e-01
1.333521e+00  3.472345e-01
1.348963e+00  3.398008e-01
1.364583e+00  3.325286e-01
1.396368e+00  3.188196e-01
1.412538e+00  3.121795e-01
1.462177e+00  2.930789e-01
1.479108e+00  2.869761e-01
1.500000e+00  2.797127e-01
1.513561e+00  2.751662e-01
1.531087e+00  2.694580e-01
1.548817e+00  2.640669e-01
1.566751e+00  2.587842e-01
1.603245e+00  2.485335e-01
1.621810e+00  2.435620e-01
1.640590e+00  2.386906e-01
1.678804e+00  2.292402e-01
1.717908e+00  2.201931e-01
1.737801e+00  2.159401e-01
1.757924e+00  2.117695e-01
1.778279e+00  2.076798e-01
1.819701e+00  1.997354e-01
1.840772e+00  1.958792e-01
1.862087e+00  1.920975e-01
1.905461e+00  1.847530e-01
1.949845e+00  1.777117e-01
1.972423e+00  1.743974e-01
1.995262e+00  1.711451e-01
2.000000e+00  1.704826e-01
2.018366e+00  1.679535e-01
2.044000e+00  1.645233e-01
2.065380e+00  1.617484e-01
2.089296e+00  1.587331e-01
2.162719e+00  1.500222e-01
2.213095e+00  1.445011e-01
2.238721e+00  1.419056e-01
2.264644e+00  1.393566e-01
2.290868e+00  1.368535e-01
2.317395e+00  1.343954e-01
2.344229e+00  1.319820e-01
2.371374e+00  1.296122e-01
2.454709e+00  1.227566e-01
2.511886e+00  1.184031e-01
2.540973e+00  1.163532e-01
2.570396e+00  1.143389e-01
2.600160e+00  1.123594e-01
2.630268e+00  1.104143e-01
2.660725e+00  1.085032e-01
2.691535e+00  1.066254e-01
2.786121e+00  1.011860e-01
2.884032e+00  9.604047e-02
2.917427e+00  9.443574e-02
2.951209e+00  9.285781e-02
2.985383e+00  9.130626e-02
3.019952e+00  8.978068e-02
3.054921e+00  8.828088e-02
3.090295e+00  8.680632e-02
3.235937e+00  8.115143e-02
3.349654e+00  7.716620e-02
3.388442e+00  7.592152e-02
3.427678e+00  7.469696e-02
3.467369e+00  7.349218e-02
3.507519e+00  7.230685e-02
3.548134e+00  7.114086e-02
3.589219e+00  6.999382e-02
3.758374e+00  6.558856e-02
3.890451e+00  6.247742e-02
3.935501e+00  6.150372e-02
4.000000e+00  6.015467e-02
4.027170e+00  5.960168e-02
4.073803e+00  5.867284e-02
4.120975e+00  5.775867e-02
4.168694e+00  5.685883e-02
4.216965e+00  5.597320e-02
4.415704e+00  5.256654e-02
4.570882e+00  5.015586e-02
4.623810e+00  4.940042e-02
4.677351e+00  4.865636e-02
4.731513e+00  4.792351e-02
4.786301e+00  4.720173e-02
4.841724e+00  4.649093e-02
4.897788e+00  4.579093e-02
4.954502e+00  4.510160e-02
5.248075e+00  4.180757e-02
5.432503e+00  3.995338e-02
5.495409e+00  3.937110e-02
5.559043e+00  3.879732e-02
5.623413e+00  3.823192e-02
5.688529e+00  3.767477e-02
5.754399e+00  3.712583e-02
5.821032e+00  3.658495e-02
5.888437e+00  3.605206e-02
6.237348e+00  3.350184e-02
6.456542e+00  3.206335e-02
6.606934e+00  3.116389e-02
6.683439e+00  3.072367e-02
6.760830e+00  3.028967e-02
6.839116e+00  2.986182e-02
6.918310e+00  2.944007e-02
7.000000e+00  2.901623e-02
7.161434e+00  2.821051e-02
7.673615e+00  2.590345e-02
7.943282e+00  2.482473e-02
8.128305e+00  2.414970e-02
8.222427e+00  2.381911e-02
8.317638e+00  2.349305e-02
8.413951e+00  2.317152e-02
8.511380e+00  2.285441e-02
8.709636e+00  2.223328e-02
9.332543e+00  2.046938e-02
9.660509e+00  1.964275e-02
9.885531e+00  1.912299e-02
1.000000e+01  1.886829e-02
1.011579e+01  1.861700e-02
1.035142e+01  1.812439e-02
1.047129e+01  1.788302e-02
1.071519e+01  1.740997e-02
1.109175e+01  1.672385e-02
1.161449e+01  1.585091e-02
1.188502e+01  1.543265e-02
1.200000e+01  1.526112e-02
1.202264e+01  1.522776e-02
1.230269e+01  1.483428e-02
1.258925e+01  1.445099e-02
1.273503e+01  1.426307e-02
1.288250e+01  1.407760e-02
1.318257e+01  1.371387e-02
1.333521e+01  1.353555e-02
1.348963e+01  1.335956e-02
1.364583e+01  1.318588e-02
1.400000e+01  1.280746e-02
1.479108e+01  1.203192e-02
1.500000e+01  1.184217e-02
1.513561e+01  1.172205e-02
1.566751e+01  1.128312e-02
1.584893e+01  1.114050e-02
1.603245e+01  1.099968e-02
1.621810e+01  1.086064e-02
1.659587e+01  1.058781e-02
1.678804e+01  1.045400e-02
1.698244e+01  1.032188e-02
1.800000e+01  9.679303e-03
2.000000e+01  8.615947e-03
2.018366e+01  8.529574e-03
2.041738e+01  8.422062e-03
2.089296e+01  8.215129e-03
2.113489e+01  8.113577e-03
2.137962e+01  8.013283e-03
2.213095e+01  7.719778e-03
2.264644e+01  7.530131e-03
2.290868e+01  7.437066e-03
2.454709e+01  6.902425e-03
2.722701e+01  6.171663e-03
2.754229e+01  6.095567e-03
2.786121e+01  6.021686e-03
2.851018e+01  5.876600e-03
2.884032e+01  5.805372e-03
2.917427e+01  5.735011e-03
2.951209e+01  5.665503e-03
3.090295e+01  5.395791e-03
3.198895e+01  5.201987e-03
3.235937e+01  5.138948e-03
3.548134e+01  4.661440e-03
3.890451e+01  4.228304e-03
3.935501e+01  4.177088e-03
3.981072e+01  4.126580e-03
4.027170e+01  4.077485e-03
4.120975e+01  3.981041e-03
4.168694e+01  3.933678e-03
4.265795e+01  3.840639e-03
4.315191e+01  3.794947e-03
4.518559e+01  3.617553e-03
4.731513e+01  3.448465e-03
4.841724e+01  3.366914e-03
5.432503e+01  2.987225e-03
6.165950e+01  2.618833e-03
6.309573e+01  2.556924e-03
6.382635e+01  2.526563e-03
6.456542e+01  2.496956e-03
6.606934e+01  2.438779e-03
6.683439e+01  2.410200e-03
6.760830e+01  2.381957e-03
6.918310e+01  2.326461e-03
6.998420e+01  2.299199e-03
7.079458e+01  2.272257e-03
7.498942e+01  2.142209e-03
7.762471e+01  2.067787e-03
7.852356e+01  2.043560e-03
8.035261e+01  1.995954e-03
8.912509e+01  1.795099e-03
1.011579e+02  1.576852e-03
1.047129e+02  1.522086e-03
1.083927e+02  1.469272e-03
1.122018e+02  1.418717e-03
1.174898e+02  1.354005e-03
1.216186e+02  1.307416e-03
1.244515e+02  1.277251e-03
1.333521e+02  1.190869e-03
1.364583e+02  1.163393e-03
1.412538e+02  1.123363e-03
1.496236e+02  1.059684e-03
1.548817e+02  1.023224e-03
1.566751e+02  1.011353e-03
1.603245e+02  9.880209e-04
1.778279e+02  8.895157e-04
2.018366e+02  7.823573e-04
2.089296e+02  7.554450e-04
2.162719e+02  7.294749e-04
2.238721e+02  7.045402e-04
2.344229e+02  6.726146e-04
2.426610e+02  6.496236e-04
2.483133e+02  6.347345e-04
2.660725e+02  5.920838e-04
2.722701e+02  5.785137e-04
2.818383e+02  5.587392e-04
2.985383e+02  5.272724e-04
3.090295e+02  5.092501e-04
3.126079e+02  5.033807e-04
3.198895e+02  4.918440e-04
3.548134e+02  4.431164e-04
4.027170e+02  3.900674e-04
4.168694e+02  3.767365e-04
4.315191e+02  3.638662e-04
4.466836e+02  3.514808e-04
4.677351e+02  3.356203e-04
4.841724e+02  3.241963e-04
4.954502e+02  3.167972e-04
1.059254e+03  1.478773e-04
1.083927e+03  1.445023e-04
1.122018e+03  1.395838e-04
1.188502e+03  1.317554e-04
1.230269e+03  1.272707e-04
1.244515e+03  1.258100e-04
1.273503e+03  1.229388e-04
1.412538e+03  1.108080e-04
1.603245e+03  9.759502e-05
1.659587e+03  9.427336e-05
1.717908e+03  9.106556e-05
1.778279e+03  8.797326e-05
3.715352e+03  4.209954e-05
3.845918e+03  4.066997e-05
3.935501e+03  3.974400e-05
1.000000e+05  1.562977e-06
-1  -1
-2  -2
