5.490000e-06 0.000000e+00
5.490000e-06  9.813440e+06
5.688529e-06  8.818544e+06
6.760830e-06  5.110127e+06
7.000000e-06  4.586830e+06
7.000000e-06  5.633966e+06
7.244360e-06  5.126806e+06
7.420000e-06  4.805630e+06
7.673615e-06  4.397085e+06
7.762471e-06  4.268443e+06
7.920000e-06  4.057630e+06
8.200000e-06  3.727148e+06
8.290000e-06  3.632075e+06
8.290000e-06  4.261568e+06
8.330000e-06  4.214713e+06
8.420000e-06  4.118136e+06
8.609938e-06  3.930414e+06
8.709636e-06  3.839490e+06
8.912509e-06  3.670594e+06
9.000000e-06  3.603471e+06
9.015711e-06  3.591891e+06
9.200000e-06  3.465542e+06
9.350000e-06  3.371539e+06
9.440609e-06  3.319400e+06
9.700000e-06  3.184010e+06
1.000000e-05  3.054035e+06
1.010000e-05  3.015536e+06
1.023293e-05  2.969266e+06
1.050000e-05  2.887715e+06
1.060000e-05  2.862131e+06
1.100000e-05  2.777478e+06
1.135011e-05  2.727290e+06
1.150000e-05  2.711005e+06
1.174898e-05  2.691623e+06
1.202264e-05  2.678981e+06
1.216186e-05  2.676505e+06
1.258925e-05  2.682544e+06
1.273503e-05  2.688518e+06
1.310000e-05  2.713412e+06
1.355400e-05  2.758257e+06
1.365000e-05  2.770133e+06
1.412538e-05  2.839458e+06
1.440000e-05  2.884764e+06
1.462177e-05  2.925272e+06
1.513561e-05  3.031862e+06
1.603245e-05  3.247885e+06
1.610000e-05  3.265883e+06
1.650000e-05  3.378271e+06
1.737801e-05  3.644466e+06
1.819701e-05  3.918921e+06
1.883649e-05  4.149183e+06
1.927525e-05  4.314233e+06
2.137962e-05  5.182607e+06
2.238721e-05  5.639018e+06
2.350000e-05  6.158454e+06
2.371374e-05  6.259859e+06
2.389000e-05  6.344284e+06
2.389000e-05  3.227190e+07
2.400000e-05  3.157826e+07
2.440000e-05  2.963912e+07
2.454709e-05  2.902156e+07
2.483133e-05  2.789389e+07
2.540000e-05  2.600077e+07
2.540973e-05  2.597269e+07
2.600160e-05  2.438645e+07
2.630268e-05  2.371044e+07
2.650000e-05  2.329504e+07
2.660725e-05  2.307586e+07
2.730000e-05  2.187148e+07
2.754229e-05  2.149482e+07
2.818383e-05  2.065921e+07
2.851018e-05  2.027674e+07
2.884032e-05  1.994362e+07
2.900000e-05  1.979244e+07
2.985383e-05  1.907230e+07
3.000000e-05  1.897193e+07
3.054921e-05  1.861713e+07
3.126079e-05  1.822069e+07
3.150000e-05  1.810474e+07
3.162278e-05  1.805224e+07
3.230000e-05  1.777975e+07
3.349654e-05  1.740368e+07
3.388442e-05  1.730162e+07
3.400000e-05  1.727576e+07
3.514000e-05  1.705634e+07
3.514000e-05  2.698528e+07
3.548134e-05  2.649597e+07
3.570000e-05  2.619366e+07
3.589219e-05  2.595065e+07
3.630781e-05  2.544663e+07
3.672823e-05  2.500285e+07
3.715352e-05  2.458677e+07
3.758374e-05  2.422216e+07
3.801894e-05  2.386481e+07
3.900000e-05  2.318525e+07
3.981072e-05  2.273171e+07
4.027170e-05  2.248197e+07
4.216965e-05  2.167300e+07
4.220000e-05  2.166254e+07
4.315191e-05  2.132563e+07
4.415704e-05  2.102088e+07
4.466836e-05  2.088542e+07
4.472100e-05  2.087129e+07
4.500000e-05  2.079984e+07
4.677351e-05  2.037363e+07
4.731513e-05  2.026494e+07
4.786301e-05  2.015587e+07
4.954502e-05  1.983685e+07
5.011872e-05  1.974555e+07
5.069907e-05  1.965132e+07
5.080000e-05  1.963566e+07
5.248075e-05  1.936964e+07
5.300000e-05  1.929599e+07
5.308844e-05  1.928230e+07
5.432503e-05  1.907643e+07
5.500000e-05  1.897548e+07
5.506000e-05  1.896682e+07
5.506000e-05  1.936988e+07
5.559043e-05  1.928711e+07
5.580000e-05  1.925450e+07
5.660000e-05  1.910414e+07
5.821032e-05  1.882503e+07
5.900000e-05  1.866804e+07
6.000000e-05  1.848168e+07
6.070000e-05  1.835793e+07
6.095369e-05  1.830338e+07
6.309573e-05  1.786972e+07
6.531306e-05  1.737796e+07
6.580000e-05  1.727641e+07
6.606934e-05  1.721027e+07
6.760830e-05  1.684573e+07
6.839116e-05  1.666936e+07
7.079458e-05  1.607138e+07
7.161434e-05  1.585072e+07
7.244360e-05  1.563454e+07
7.328245e-05  1.542277e+07
7.585776e-05  1.473429e+07
7.673615e-05  1.448793e+07
7.852356e-05  1.400988e+07
7.900000e-05  1.387264e+07
8.035261e-05  1.349544e+07
8.128305e-05  1.324626e+07
8.150000e-05  1.318939e+07
8.222426e-05  1.298321e+07
8.413951e-05  1.246252e+07
8.609938e-05  1.191981e+07
8.709636e-05  1.165818e+07
9.015711e-05  1.083890e+07
9.120108e-05  1.055449e+07
9.332543e-05  1.000874e+07
9.500000e-05  9.571871e+06
9.660509e-05  9.177993e+06
9.885531e-05  8.622235e+06
9.950000e-05  8.471598e+06
1.000000e-04  8.352514e+06
1.023293e-04  7.809613e+06
1.030000e-04  7.657207e+06
1.050000e-04  7.212272e+06
1.059254e-04  7.011430e+06
1.060000e-04  6.995570e+06
1.083927e-04  6.497533e+06
1.090000e-04  6.374556e+06
1.096478e-04  6.243386e+06
1.110000e-04  5.980934e+06
1.120000e-04  5.790867e+06
1.122018e-04  5.753476e+06
1.135011e-04  5.514422e+06
1.149000e-04  5.264135e+06
1.149000e-04  6.393360e+06
1.150000e-04  6.410296e+06
1.154000e-04  6.440187e+06
1.158000e-04  6.471415e+06
1.162000e-04  6.504257e+06
1.166000e-04  6.537314e+06
1.170000e-04  6.571044e+06
1.171900e-04  6.585810e+06
1.174898e-04  6.610582e+06
1.180000e-04  6.649860e+06
1.185000e-04  6.684950e+06
1.190300e-04  6.720135e+06
1.195000e-04  6.748896e+06
1.200000e-04  6.776391e+06
1.205000e-04  6.798251e+06
1.207000e-04  6.807565e+06
1.212000e-04  6.823017e+06
1.216186e-04  6.830821e+06
1.218000e-04  6.834455e+06
1.225000e-04  6.836569e+06
1.230269e-04  6.829372e+06
1.232000e-04  6.827663e+06
1.240000e-04  6.803265e+06
1.244515e-04  6.779291e+06
1.247000e-04  6.766770e+06
1.250000e-04  6.745482e+06
1.252900e-04  6.724625e+06
1.252900e-04  7.427757e+06
1.255000e-04  7.439416e+06
1.257000e-04  7.447483e+06
1.260000e-04  7.457483e+06
1.262000e-04  7.465394e+06
1.266000e-04  7.476557e+06
1.270000e-04  7.488544e+06
1.273503e-04  7.495027e+06
1.278000e-04  7.503352e+06
1.280000e-04  7.507939e+06
1.285000e-04  7.509167e+06
1.288250e-04  7.509690e+06
1.290000e-04  7.510448e+06
1.292000e-04  7.508337e+06
1.298000e-04  7.499564e+06
1.300000e-04  7.495662e+06
1.303167e-04  7.490946e+06
1.305000e-04  7.486066e+06
1.311000e-04  7.466142e+06
1.315000e-04  7.450457e+06
1.318257e-04  7.434304e+06
1.325000e-04  7.394413e+06
1.330000e-04  7.361728e+06
1.331000e-04  7.354353e+06
1.337000e-04  7.304973e+06
1.343000e-04  7.251627e+06
1.350000e-04  7.184141e+06
1.358000e-04  7.089781e+06
1.365000e-04  7.001740e+06
1.373000e-04  6.895128e+06
1.380384e-04  6.787590e+06
1.384600e-04  6.722546e+06
1.390000e-04  6.639946e+06
1.391000e-04  6.624686e+06
1.400000e-04  6.478865e+06
1.402000e-04  6.446431e+06
1.412538e-04  6.268334e+06
1.414000e-04  6.244210e+06
1.415000e-04  6.226783e+06
1.428894e-04  5.989520e+06
1.447000e-04  5.681083e+06
1.450000e-04  5.629979e+06
1.465000e-04  5.377956e+06
1.470000e-04  5.296614e+06
1.480000e-04  5.133807e+06
1.500000e-04  4.824612e+06
1.513561e-04  4.623161e+06
1.540000e-04  4.253089e+06
1.550000e-04  4.120448e+06
1.566751e-04  3.908275e+06
1.570000e-04  3.868311e+06
1.580000e-04  3.747833e+06
1.584893e-04  3.690634e+06
1.603245e-04  3.481786e+06
1.621810e-04  3.284383e+06
1.640590e-04  3.095641e+06
1.650000e-04  3.004439e+06
1.678804e-04  2.744343e+06
1.680000e-04  2.734127e+06
1.698244e-04  2.583429e+06
1.705000e-04  2.529675e+06
1.717908e-04  2.429933e+06
1.740000e-04  2.270798e+06
1.760000e-04  2.136862e+06
1.770000e-04  2.073140e+06
1.800000e-04  1.894696e+06
1.835000e-04  1.709577e+06
1.840772e-04  1.681145e+06
1.865000e-04  1.569395e+06
1.883649e-04  1.489517e+06
1.900000e-04  1.424007e+06
1.905461e-04  1.402919e+06
1.940200e-04  1.279392e+06
1.950000e-04  1.247166e+06
1.980000e-04  1.155166e+06
2.018366e-04  1.052913e+06
2.041738e-04  9.969516e+05
2.050000e-04  9.784642e+05
2.065380e-04  9.454451e+05
2.070000e-04  9.358560e+05
2.089296e-04  8.974174e+05
2.093350e-04  8.897278e+05
2.100000e-04  8.774032e+05
2.113489e-04  8.536793e+05
2.123000e-04  8.376214e+05
2.137962e-04  8.132900e+05
2.139800e-04  8.103722e+05
2.145000e-04  8.022634e+05
2.162719e-04  7.755770e+05
2.165000e-04  7.723357e+05
2.185000e-04  7.448446e+05
2.187762e-04  7.411742e+05
2.190000e-04  7.382419e+05
2.200000e-04  7.255229e+05
2.213095e-04  7.094003e+05
2.215000e-04  7.071139e+05
2.220000e-04  7.011944e+05
2.230000e-04  6.898826e+05
2.238721e-04  6.802853e+05
2.247000e-04  6.713924e+05
2.248000e-04  6.703368e+05
2.252500e-04  6.656336e+05
2.252500e-04  1.024634e+06
2.263000e-04  1.011076e+06
2.264644e-04  1.008990e+06
2.280000e-04  9.902057e+05
2.290868e-04  9.776358e+05
2.297500e-04  9.701363e+05
2.300000e-04  9.673488e+05
2.310000e-04  9.563372e+05
2.317395e-04  9.483630e+05
2.325000e-04  9.403254e+05
2.330000e-04  9.351298e+05
2.340000e-04  9.251325e+05
2.344229e-04  9.209803e+05
2.355000e-04  9.107913e+05
2.371374e-04  8.957476e+05
2.380000e-04  8.880887e+05
2.388000e-04  8.812817e+05
2.398833e-04  8.722677e+05
2.400000e-04  8.713136e+05
2.410000e-04  8.634934e+05
2.426610e-04  8.508770e+05
2.430000e-04  8.483654e+05
2.454709e-04  8.311764e+05
2.458000e-04  8.290139e+05
2.483133e-04  8.130006e+05
2.511886e-04  7.963650e+05
2.520000e-04  7.919410e+05
2.540973e-04  7.811324e+05
2.570396e-04  7.674291e+05
2.580000e-04  7.631623e+05
2.600160e-04  7.547404e+05
2.630268e-04  7.435004e+05
2.635000e-04  7.418106e+05
2.660725e-04  7.332487e+05
2.691535e-04  7.243515e+05
2.722701e-04  7.165319e+05
2.730000e-04  7.148029e+05
2.754229e-04  7.097420e+05
2.800000e-04  7.029848e+05
2.818383e-04  7.009214e+05
2.851018e-04  6.981659e+05
2.880000e-04  6.962817e+05
2.884032e-04  6.961110e+05
2.950600e-04  6.951847e+05
2.950600e-04  8.507795e+05
2.951209e-04  8.504207e+05
2.962000e-04  8.444359e+05
2.969000e-04  8.412486e+05
2.980000e-04  8.372760e+05
2.995000e-04  8.333933e+05
3.000000e-04  8.324566e+05
3.009600e-04  8.292995e+05
3.019952e-04  8.264074e+05
3.030000e-04  8.237426e+05
3.054921e-04  8.180905e+05
3.065000e-04  8.159308e+05
3.100000e-04  8.091117e+05
3.126079e-04  8.045137e+05
3.150000e-04  8.003617e+05
3.151200e-04  8.001680e+05
3.162278e-04  7.983550e+05
3.180000e-04  7.956645e+05
3.198895e-04  7.928998e+05
3.273407e-04  7.825727e+05
3.280000e-04  7.816688e+05
3.311311e-04  7.777409e+05
3.349654e-04  7.734701e+05
3.350000e-04  7.734313e+05
3.388442e-04  7.696962e+05
3.390000e-04  7.695441e+05
3.427678e-04  7.662036e+05
3.507519e-04  7.595305e+05
3.548134e-04  7.563132e+05
3.589219e-04  7.533599e+05
3.624400e-04  7.510478e+05
3.624400e-04  7.978823e+05
3.630781e-04  7.974131e+05
3.650000e-04  7.959257e+05
3.696900e-04  7.926341e+05
3.758374e-04  7.883533e+05
3.780000e-04  7.868181e+05
3.801894e-04  7.853458e+05
3.850000e-04  7.820126e+05
3.890451e-04  7.794246e+05
3.935501e-04  7.764424e+05
4.000000e-04  7.721856e+05
4.027170e-04  7.700131e+05
4.120975e-04  7.630404e+05
4.216965e-04  7.555885e+05
4.265795e-04  7.520561e+05
4.365158e-04  7.440298e+05
4.415704e-04  7.402063e+05
4.500000e-04  7.334407e+05
4.518559e-04  7.319622e+05
4.570882e-04  7.279475e+05
4.571700e-04  7.278768e+05
4.571700e-04  8.313896e+05
4.572500e-04  8.296262e+05
4.576000e-04  8.259075e+05
4.579500e-04  8.226958e+05
4.585000e-04  8.185130e+05
4.591000e-04  8.148182e+05
4.596000e-04  8.122606e+05
4.603000e-04  8.092931e+05
4.611000e-04  8.065284e+05
4.619000e-04  8.042871e+05
4.630000e-04  8.018039e+05
4.641000e-04  7.997927e+05
4.653000e-04  7.979756e+05
4.668000e-04  7.960915e+05
4.690000e-04  7.938550e+05
4.700900e-04  7.929778e+05
4.710300e-04  7.922369e+05
4.710300e-04  8.596991e+05
4.713000e-04  8.581531e+05
4.719000e-04  8.558476e+05
4.725000e-04  8.539240e+05
4.731513e-04  8.521830e+05
4.735000e-04  8.514145e+05
4.740000e-04  8.504437e+05
4.750000e-04  8.489515e+05
4.757000e-04  8.481937e+05
4.765000e-04  8.475411e+05
4.772000e-04  8.471798e+05
4.780000e-04  8.469951e+05
4.786301e-04  8.469883e+05
4.790000e-04  8.469726e+05
4.800000e-04  8.472763e+05
4.807000e-04  8.476038e+05
4.823000e-04  8.489711e+05
4.827000e-04  8.494794e+05
4.840000e-04  8.513292e+05
4.850000e-04  8.531485e+05
4.852300e-04  8.536394e+05
4.866400e-04  8.569024e+05
4.870000e-04  8.579037e+05
4.880000e-04  8.608999e+05
4.890000e-04  8.644284e+05
4.897788e-04  8.674296e+05
4.910000e-04  8.728795e+05
4.915000e-04  8.753006e+05
4.925000e-04  8.807702e+05
4.935000e-04  8.867107e+05
4.940000e-04  8.900271e+05
4.954502e-04  9.004587e+05
4.955000e-04  9.008297e+05
4.958000e-04  9.031572e+05
4.970000e-04  9.133623e+05
4.980000e-04  9.226234e+05
4.985000e-04  9.276284e+05
5.000000e-04  9.438793e+05
5.011872e-04  9.580209e+05
5.015000e-04  9.619463e+05
5.030000e-04  9.821454e+05
5.045000e-04  1.004477e+06
5.060000e-04  1.029104e+06
5.069907e-04  1.046803e+06
5.080000e-04  1.065837e+06
5.100000e-04  1.106313e+06
5.110000e-04  1.128552e+06
5.128614e-04  1.171897e+06
5.135000e-04  1.187975e+06
5.150000e-04  1.226621e+06
5.160000e-04  1.254026e+06
5.188000e-04  1.335166e+06
5.190000e-04  1.341381e+06
5.220000e-04  1.437613e+06
5.220200e-04  1.438272e+06
5.248075e-04  1.535026e+06
5.253000e-04  1.552590e+06
5.280000e-04  1.654047e+06
5.300000e-04  1.731640e+06
5.310000e-04  1.772742e+06
5.339400e-04  1.894710e+06
5.370318e-04  2.027949e+06
5.400000e-04  2.159493e+06
5.430000e-04  2.294702e+06
5.432503e-04  2.306258e+06
5.450000e-04  2.384977e+06
5.465000e-04  2.453872e+06
5.480000e-04  2.521539e+06
5.495409e-04  2.591548e+06
5.500000e-04  2.612894e+06
5.510000e-04  2.657576e+06
5.530000e-04  2.747078e+06
5.540000e-04  2.790948e+06
5.559043e-04  2.874075e+06
5.560000e-04  2.878336e+06
5.570000e-04  2.921031e+06
5.590000e-04  3.005617e+06
5.600000e-04  3.046332e+06
5.635000e-04  3.187852e+06
5.650000e-04  3.243788e+06
5.670000e-04  3.320266e+06
5.688529e-04  3.384437e+06
5.705000e-04  3.442690e+06
5.720000e-04  3.493865e+06
5.740000e-04  3.558363e+06
5.754399e-04  3.602819e+06
5.760000e-04  3.620268e+06
5.780000e-04  3.678632e+06
5.800000e-04  3.734135e+06
5.815000e-04  3.776377e+06
5.821032e-04  3.792316e+06
5.850000e-04  3.865251e+06
5.888437e-04  3.951380e+06
5.900000e-04  3.977670e+06
5.956621e-04  4.086755e+06
6.000000e-04  4.155885e+06
6.030000e-04  4.200273e+06
6.050000e-04  4.225968e+06
6.095369e-04  4.278835e+06
6.100000e-04  4.284255e+06
6.165950e-04  4.341015e+06
6.180000e-04  4.351197e+06
6.200000e-04  4.362314e+06
6.237348e-04  4.383157e+06
6.240000e-04  4.384636e+06
6.282500e-04  4.402568e+06
6.309573e-04  4.410199e+06
6.320000e-04  4.413101e+06
6.382635e-04  4.422781e+06
6.390000e-04  4.423922e+06
6.430000e-04  4.425492e+06
6.456542e-04  4.423682e+06
6.531306e-04  4.418482e+06
6.550000e-04  4.415152e+06
6.606934e-04  4.400425e+06
6.683439e-04  4.380855e+06
6.700000e-04  4.375389e+06
6.760830e-04  4.349918e+06
6.839116e-04  4.317553e+06
6.850000e-04  4.313089e+06
6.918310e-04  4.276152e+06
7.000000e-04  4.232878e+06
7.079458e-04  4.187605e+06
7.080000e-04  4.187298e+06
7.161434e-04  4.136891e+06
7.244360e-04  4.086774e+06
7.300000e-04  4.051236e+06
7.328245e-04  4.033358e+06
7.498942e-04  3.919794e+06
7.500000e-04  3.919108e+06
7.585776e-04  3.861229e+06
7.642400e-04  3.823796e+06
7.673615e-04  3.802184e+06
7.800000e-04  3.716688e+06
7.852356e-04  3.680793e+06
8.000000e-04  3.582459e+06
8.128305e-04  3.496327e+06
8.266800e-04  3.403911e+06
8.266800e-04  3.743173e+06
8.317638e-04  3.711731e+06
8.413951e-04  3.653525e+06
8.511380e-04  3.594077e+06
8.609938e-04  3.533941e+06
8.709636e-04  3.475062e+06
8.730000e-04  3.463256e+06
8.761400e-04  3.445039e+06
8.779000e-04  3.434895e+06
8.779000e-04  3.622197e+06
8.850000e-04  3.583221e+06
8.912509e-04  3.548263e+06
8.950000e-04  3.527009e+06
9.100000e-04  3.442911e+06
9.120108e-04  3.431663e+06
9.200000e-04  3.387648e+06
9.332543e-04  3.316917e+06
9.350000e-04  3.307808e+06
9.430000e-04  3.265545e+06
9.440609e-04  3.259898e+06
9.600000e-04  3.175208e+06
9.772372e-04  3.086715e+06
9.885530e-04  3.031045e+06
1.000000e-03  2.974863e+06
1.011579e-03  2.917004e+06
1.023293e-03  2.859777e+06
1.047129e-03  2.749085e+06
1.050800e-03  2.732693e+06
1.059254e-03  2.695349e+06
1.070000e-03  2.648672e+06
1.071519e-03  2.642186e+06
1.083927e-03  2.587637e+06
1.096478e-03  2.534266e+06
1.110000e-03  2.478533e+06
1.117100e-03  2.450066e+06
1.122018e-03  2.430521e+06
1.135011e-03  2.380102e+06
1.147000e-03  2.333287e+06
1.147000e-03  2.481767e+06
1.150000e-03  2.469865e+06
1.155000e-03  2.450129e+06
1.174898e-03  2.374121e+06
1.188502e-03  2.324010e+06
1.190000e-03  2.318600e+06
1.202264e-03  2.275037e+06
1.210000e-03  2.248242e+06
1.216186e-03  2.227078e+06
1.230269e-03  2.180073e+06
1.244515e-03  2.132956e+06
1.250000e-03  2.115246e+06
1.273503e-03  2.041417e+06
1.288250e-03  1.997033e+06
1.303167e-03  1.953681e+06
1.318257e-03  1.911342e+06
1.333521e-03  1.869408e+06
1.348963e-03  1.827403e+06
1.350000e-03  1.824636e+06
1.396368e-03  1.706892e+06
1.412538e-03  1.668726e+06
1.420000e-03  1.651346e+06
1.428200e-03  1.632446e+06
1.428200e-03  1.652684e+06
1.428894e-03  1.651098e+06
1.445440e-03  1.613260e+06
1.450000e-03  1.603047e+06
1.462177e-03  1.576257e+06
1.500000e-03  1.497496e+06
1.530000e-03  1.439046e+06
1.531087e-03  1.436985e+06
1.548817e-03  1.404017e+06
1.570000e-03  1.365828e+06
1.584893e-03  1.339673e+06
1.595200e-03  1.322028e+06
1.595200e-03  1.345647e+06
1.603245e-03  1.332009e+06
1.610000e-03  1.320621e+06
1.640590e-03  1.270969e+06
1.650000e-03  1.256300e+06
1.659587e-03  1.241550e+06
1.678804e-03  1.212803e+06
1.690000e-03  1.196338e+06
1.698244e-03  1.184429e+06
1.700000e-03  1.181889e+06
1.717908e-03  1.156468e+06
1.730000e-03  1.139695e+06
1.737801e-03  1.129071e+06
1.757924e-03  1.102193e+06
1.798871e-03  1.050557e+06
1.819701e-03  1.025755e+06
1.820000e-03  1.025405e+06
1.840772e-03  1.001540e+06
1.862087e-03  9.778160e+05
1.883649e-03  9.542765e+05
1.900000e-03  9.369980e+05
1.905461e-03  9.313374e+05
1.927525e-03  9.088596e+05
1.972423e-03  8.656348e+05
2.018366e-03  8.242988e+05
2.041738e-03  8.042535e+05
2.070000e-03  7.806382e+05
2.113489e-03  7.463258e+05
2.137962e-03  7.280325e+05
2.162719e-03  7.101166e+05
2.187762e-03  6.926263e+05
2.213095e-03  6.755083e+05
2.238721e-03  6.587449e+05
2.264644e-03  6.423255e+05
2.290868e-03  6.263560e+05
2.317395e-03  6.108251e+05
2.344229e-03  5.956981e+05
2.350000e-03  5.925184e+05
2.371374e-03  5.808611e+05
2.398833e-03  5.663888e+05
2.426610e-03  5.523091e+05
2.450000e-03  5.408104e+05
2.457300e-03  5.372762e+05
2.511886e-03  5.117958e+05
2.540973e-03  4.988730e+05
2.570396e-03  4.863070e+05
2.600160e-03  4.740822e+05
2.630268e-03  4.620233e+05
2.691535e-03  4.388966e+05
2.722701e-03  4.278110e+05
2.754229e-03  4.169209e+05
2.786121e-03  4.062472e+05
2.818383e-03  3.958578e+05
2.851018e-03  3.857083e+05
2.884032e-03  3.758065e+05
2.900000e-03  3.711521e+05
2.917427e-03  3.661712e+05
2.951209e-03  3.567904e+05
3.000000e-03  3.438646e+05
3.019952e-03  3.387595e+05
3.090295e-03  3.214301e+05
3.126079e-03  3.131297e+05
3.150000e-03  3.077304e+05
3.162278e-03  3.050108e+05
3.200000e-03  2.968801e+05
3.235937e-03  2.894312e+05
3.273407e-03  2.819548e+05
3.311311e-03  2.746871e+05
3.349654e-03  2.675695e+05
3.388442e-03  2.605694e+05
3.400000e-03  2.585254e+05
3.467369e-03  2.470618e+05
3.507519e-03  2.405889e+05
3.548134e-03  2.342998e+05
3.589219e-03  2.281829e+05
3.630781e-03  2.222306e+05
3.650000e-03  2.195571e+05
3.672823e-03  2.164154e+05
3.715352e-03  2.106970e+05
3.758374e-03  2.051195e+05
3.892500e-03  1.890137e+05
3.892500e-03  4.583311e+05
3.924000e-03  4.486409e+05
3.935501e-03  4.446192e+05
3.981072e-03  4.291621e+05
4.000000e-03  4.229583e+05
4.027170e-03  4.142664e+05
4.060000e-03  4.040687e+05
4.073803e-03  4.004679e+05
4.103600e-03  3.928207e+05
4.103600e-03  5.538307e+05
4.120975e-03  5.478803e+05
4.150000e-03  5.381316e+05
4.168694e-03  5.321438e+05
4.265795e-03  5.025229e+05
4.315191e-03  4.883323e+05
4.365158e-03  4.745489e+05
4.370000e-03  4.732428e+05
4.415704e-03  4.610417e+05
4.466836e-03  4.478817e+05
4.518559e-03  4.348224e+05
4.570882e-03  4.221274e+05
4.623810e-03  4.097896e+05
4.685500e-03  3.958320e+05
4.685500e-03  4.619760e+05
4.786301e-03  4.384024e+05
4.841724e-03  4.261720e+05
4.897788e-03  4.141646e+05
4.954502e-03  4.024863e+05
5.011872e-03  3.910622e+05
5.069907e-03  3.799745e+05
5.128614e-03  3.691162e+05
5.248075e-03  3.483462e+05
5.308844e-03  3.382934e+05
5.370318e-03  3.285396e+05
5.432503e-03  3.190628e+05
5.500000e-03  3.091996e+05
5.559043e-03  3.009256e+05
5.623413e-03  2.922455e+05
5.688529e-03  2.838218e+05
5.741600e-03  2.771635e+05
5.741600e-03  2.942359e+05
5.821032e-03  2.843979e+05
5.825000e-03  2.839189e+05
5.888437e-03  2.764637e+05
5.956621e-03  2.687664e+05
6.025596e-03  2.612850e+05
6.095369e-03  2.539200e+05
6.102100e-03  2.532226e+05
6.102100e-03  2.638601e+05
6.237348e-03  2.501029e+05
6.290000e-03  2.450297e+05
6.309573e-03  2.431878e+05
6.382635e-03  2.364802e+05
6.400000e-03  2.349260e+05
6.450000e-03  2.305188e+05
6.456542e-03  2.299499e+05
6.531306e-03  2.235935e+05
6.606934e-03  2.173683e+05
6.683439e-03  2.113302e+05
6.800000e-03  2.025694e+05
6.839116e-03  1.997351e+05
6.850000e-03  1.989567e+05
6.918310e-03  1.941562e+05
7.079458e-03  1.834801e+05
7.150000e-03  1.790759e+05
7.161434e-03  1.783734e+05
7.244360e-03  1.733931e+05
7.328245e-03  1.685359e+05
7.413102e-03  1.637838e+05
7.498942e-03  1.591733e+05
7.500000e-03  1.591177e+05
7.585776e-03  1.547046e+05
7.673615e-03  1.503659e+05
7.762471e-03  1.461491e+05
7.800000e-03  1.444199e+05
7.852356e-03  1.420477e+05
7.943282e-03  1.380515e+05
8.000000e-03  1.356419e+05
8.035261e-03  1.341673e+05
8.128305e-03  1.303811e+05
8.222426e-03  1.266813e+05
8.317638e-03  1.230794e+05
8.511380e-03  1.161446e+05
8.609938e-03  1.128335e+05
8.709636e-03  1.096107e+05
8.912509e-03  1.034521e+05
9.000000e-03  1.009513e+05
9.015711e-03  1.005116e+05
9.120108e-03  9.765778e+04
9.225714e-03  9.488174e+04
9.300000e-03  9.299538e+04
9.332543e-03  9.218515e+04
9.549926e-03  8.702404e+04
9.660509e-03  8.455934e+04
9.800000e-03  8.159400e+04
9.885531e-03  7.983774e+04
9.900000e-03  7.954384e+04
1.000000e-02  7.755036e+04
1.011579e-02  7.533169e+04
1.023293e-02  7.317369e+04
1.035142e-02  7.107276e+04
1.047129e-02  6.902379e+04
1.059254e-02  6.703327e+04
1.071519e-02  6.509239e+04
1.083927e-02  6.321058e+04
1.096478e-02  6.138569e+04
1.122018e-02  5.788703e+04
1.135011e-02  5.621734e+04
1.148154e-02  5.459691e+04
1.161449e-02  5.302595e+04
1.174898e-02  5.150154e+04
1.200000e-02  4.881903e+04
1.202264e-02  4.858714e+04
1.230269e-02  4.583353e+04
1.258925e-02  4.323375e+04
1.273503e-02  4.197753e+04
1.288250e-02  4.075853e+04
1.300000e-02  3.981988e+04
1.303167e-02  3.957212e+04
1.318257e-02  3.842096e+04
1.333521e-02  3.730198e+04
1.348963e-02  3.621700e+04
1.350000e-02  3.614576e+04
1.380384e-02  3.413952e+04
1.396368e-02  3.314445e+04
1.412538e-02  3.217995e+04
1.428894e-02  3.124417e+04
1.450000e-02  3.009189e+04
1.462177e-02  2.945398e+04
1.479108e-02  2.859488e+04
1.500000e-02  2.758396e+04
1.513561e-02  2.695247e+04
1.548817e-02  2.540484e+04
1.584893e-02  2.394966e+04
1.603245e-02  2.325000e+04
1.621810e-02  2.256952e+04
1.640590e-02  2.190709e+04
1.650000e-02  2.158540e+04
1.659587e-02  2.126328e+04
1.698244e-02  2.003230e+04
1.717908e-02  1.944356e+04
1.737801e-02  1.887290e+04
1.757924e-02  1.831975e+04
1.778279e-02  1.778367e+04
1.798871e-02  1.726347e+04
1.800000e-02  1.723558e+04
1.819701e-02  1.675705e+04
1.852700e-02  1.599644e+04
1.852700e-02  3.758332e+04
1.862087e-02  3.711072e+04
1.865000e-02  3.696572e+04
1.883649e-02  3.605626e+04
1.890000e-02  3.575266e+04
1.905461e-02  3.498718e+04
1.950000e-02  3.290397e+04
1.970000e-02  3.202411e+04
1.972423e-02  3.191772e+04
1.995262e-02  3.093830e+04
2.018366e-02  2.998946e+04
2.041738e-02  2.906811e+04
2.065380e-02  2.817535e+04
2.113489e-02  2.647049e+04
2.137962e-02  2.565761e+04
2.150000e-02  2.527045e+04
2.187762e-02  2.410651e+04
2.213095e-02  2.336540e+04
2.238721e-02  2.264686e+04
2.264644e-02  2.195084e+04
2.290868e-02  2.127658e+04
2.306200e-02  2.089558e+04
2.306200e-02  2.973912e+04
2.317395e-02  2.937051e+04
2.318000e-02  2.935074e+04
2.335000e-02  2.882414e+04
2.344229e-02  2.853412e+04
2.360000e-02  2.804793e+04
2.371374e-02  2.769859e+04
2.382700e-02  2.735624e+04
2.382700e-02  3.156842e+04
2.400000e-02  3.099805e+04
2.420000e-02  3.035659e+04
2.426610e-02  3.015161e+04
2.430000e-02  3.004721e+04
2.483133e-02  2.846211e+04
2.511886e-02  2.765861e+04
2.530000e-02  2.717216e+04
2.540973e-02  2.687908e+04
2.570396e-02  2.611442e+04
2.580000e-02  2.587151e+04
2.600160e-02  2.536784e+04
2.630268e-02  2.464899e+04
2.660725e-02  2.394293e+04
2.691535e-02  2.325679e+04
2.722701e-02  2.259096e+04
2.754229e-02  2.193907e+04
2.786121e-02  2.130642e+04
2.818383e-02  2.069007e+04
2.917427e-02  1.893610e+04
2.951209e-02  1.838610e+04
2.985383e-02  1.785234e+04
3.000000e-02  1.763134e+04
3.019952e-02  1.733592e+04
3.054921e-02  1.683381e+04
3.090295e-02  1.634655e+04
3.162278e-02  1.541435e+04
3.235937e-02  1.453668e+04
3.273407e-02  1.411411e+04
3.311311e-02  1.370420e+04
3.388442e-02  1.291541e+04
3.427678e-02  1.253866e+04
3.467369e-02  1.217276e+04
3.507519e-02  1.181734e+04
3.548134e-02  1.146981e+04
3.630781e-02  1.080230e+04
3.672823e-02  1.048335e+04
3.715352e-02  1.017222e+04
3.758374e-02  9.870446e+03
3.801894e-02  9.577851e+03
3.890451e-02  9.019048e+03
3.935501e-02  8.752299e+03
3.981072e-02  8.493360e+03
4.000000e-02  8.388979e+03
4.027170e-02  8.242282e+03
4.073803e-02  7.998539e+03
4.120975e-02  7.762182e+03
4.168694e-02  7.532911e+03
4.216965e-02  7.310542e+03
4.265795e-02  7.094856e+03
4.315191e-02  6.885514e+03
4.365158e-02  6.682392e+03
4.400000e-02  6.545723e+03
4.415704e-02  6.484992e+03
4.466836e-02  6.291548e+03
4.518559e-02  6.104034e+03
4.570882e-02  5.922068e+03
4.677351e-02  5.572415e+03
4.731513e-02  5.405590e+03
4.786301e-02  5.243708e+03
4.897788e-02  4.934664e+03
5.011872e-02  4.644180e+03
5.069907e-02  4.505354e+03
5.128614e-02  4.370406e+03
5.248075e-02  4.112723e+03
5.432503e-02  3.754689e+03
5.495409e-02  3.642562e+03
5.500000e-02  3.634564e+03
5.559043e-02  3.533352e+03
5.623413e-02  3.426899e+03
5.754399e-02  3.223729e+03
5.821032e-02  3.126794e+03
5.888437e-02  3.032244e+03
5.956621e-02  2.940594e+03
6.000000e-02  2.884288e+03
6.025596e-02  2.851735e+03
6.095369e-02  2.765564e+03
6.165950e-02  2.681980e+03
6.309573e-02  2.522433e+03
6.382635e-02  2.446322e+03
6.531306e-02  2.301053e+03
6.606934e-02  2.231695e+03
6.839116e-02  2.036145e+03
6.918310e-02  1.974914e+03
6.928200e-02  1.967400e+03
7.000000e-02  1.913740e+03
7.161434e-02  1.800291e+03
7.413102e-02  1.641082e+03
7.498942e-02  1.591255e+03
7.585776e-02  1.542971e+03
7.673615e-02  1.496180e+03
7.762471e-02  1.450836e+03
7.852356e-02  1.406861e+03
7.943282e-02  1.364076e+03
8.035261e-02  1.322610e+03
8.128305e-02  1.282428e+03
8.317638e-02  1.205755e+03
8.413951e-02  1.169180e+03
8.609938e-02  1.099372e+03
8.709636e-02  1.066021e+03
8.912509e-02  1.002210e+03
9.015711e-02  9.717249e+02
9.225714e-02  9.132645e+02
9.332543e-02  8.853890e+02
9.549926e-02  8.322072e+02
9.772372e-02  7.822401e+02
1.035142e-01  6.702392e+02
1.059254e-01  6.300941e+02
1.071519e-01  6.109464e+02
1.083927e-01  5.922870e+02
1.148154e-01  5.072963e+02
1.161449e-01  4.918441e+02
1.174898e-01  4.768695e+02
1.188502e-01  4.623585e+02
1.216186e-01  4.346660e+02
1.230269e-01  4.214566e+02
1.244515e-01  4.086555e+02
1.255700e-01  3.989770e+02
1.255700e-01  1.639321e+03
1.270000e-01  1.594983e+03
1.273503e-01  1.582935e+03
1.275000e-01  1.577824e+03
1.283000e-01  1.555546e+03
1.288250e-01  1.538558e+03
1.297000e-01  1.510778e+03
1.320000e-01  1.449221e+03
1.333521e-01  1.410823e+03
1.348963e-01  1.368671e+03
1.350000e-01  1.365903e+03
1.364583e-01  1.329998e+03
1.380384e-01  1.292579e+03
1.396368e-01  1.256218e+03
1.412538e-01  1.220884e+03
1.428894e-01  1.186549e+03
1.462177e-01  1.118648e+03
1.479108e-01  1.086175e+03
1.531088e-01  9.943242e+02
1.548817e-01  9.654746e+02
1.566751e-01  9.374662e+02
1.584893e-01  9.102732e+02
1.603245e-01  8.841199e+02
1.621810e-01  8.587205e+02
1.659587e-01  8.100840e+02
1.717908e-01  7.422595e+02
1.737801e-01  7.209420e+02
1.757924e-01  7.002395e+02
1.778279e-01  6.801348e+02
1.800000e-01  6.595725e+02
1.819701e-01  6.415127e+02
1.840772e-01  6.229517e+02
1.862087e-01  6.049298e+02
1.949845e-01  5.379225e+02
1.972423e-01  5.223706e+02
2.000000e-01  5.042141e+02
2.018366e-01  4.926093e+02
2.041738e-01  4.784416e+02
2.065380e-01  4.646830e+02
2.089296e-01  4.513212e+02
2.113489e-01  4.383447e+02
2.137962e-01  4.257427e+02
2.162719e-01  4.135039e+02
2.187762e-01  4.016183e+02
2.213095e-01  3.900754e+02
2.238721e-01  3.788658e+02
2.264644e-01  3.679873e+02
2.290868e-01  3.574217e+02
2.317395e-01  3.471607e+02
2.371374e-01  3.275163e+02
2.398833e-01  3.181162e+02
2.400000e-01  3.177251e+02
2.426610e-01  3.089926e+02
2.454709e-01  3.001315e+02
2.483133e-01  2.915264e+02
2.511886e-01  2.831686e+02
2.540973e-01  2.750509e+02
2.570396e-01  2.672365e+02
2.600160e-01  2.596447e+02
2.630268e-01  2.522704e+02
2.691535e-01  2.381597e+02
2.710800e-01  2.339516e+02
2.722701e-01  2.314071e+02
2.786121e-01  2.184827e+02
2.818383e-01  2.122945e+02
2.851018e-01  2.062826e+02
2.851700e-01  2.061596e+02
2.884032e-01  2.004449e+02
2.917427e-01  1.947738e+02
2.951209e-01  1.892634e+02
3.000060e-01  1.816746e+02
3.019952e-01  1.787462e+02
3.054921e-01  1.737572e+02
3.090295e-01  1.689078e+02
3.126079e-01  1.641982e+02
3.162278e-01  1.596211e+02
3.198895e-01  1.551720e+02
3.235937e-01  1.508472e+02
3.273407e-01  1.466448e+02
3.311311e-01  1.425622e+02
3.349654e-01  1.385941e+02
3.388442e-01  1.347366e+02
3.427678e-01  1.309925e+02
3.467369e-01  1.273529e+02
3.507519e-01  1.238146e+02
3.548134e-01  1.203749e+02
3.589219e-01  1.170817e+02
3.672823e-01  1.107696e+02
3.715352e-01  1.077433e+02
3.758374e-01  1.048015e+02
3.801894e-01  1.019407e+02
3.845918e-01  9.915833e+01
3.890451e-01  9.645209e+01
3.981072e-01  9.126146e+01
4.027170e-01  8.877209e+01
4.073803e-01  8.635078e+01
4.120975e-01  8.404509e+01
4.168694e-01  8.180356e+01
4.216965e-01  7.962324e+01
4.265795e-01  7.750165e+01
4.315191e-01  7.543698e+01
4.415705e-01  7.147191e+01
4.466836e-01  6.956839e+01
4.518559e-01  6.771570e+01
4.570882e-01  6.591239e+01
4.623810e-01  6.415722e+01
4.677351e-01  6.244964e+01
4.731513e-01  6.082003e+01
4.786301e-01  5.923309e+01
4.841724e-01  5.769132e+01
4.897788e-01  5.619044e+01
4.954502e-01  5.472865e+01
5.011872e-01  5.330507e+01
5.069907e-01  5.191857e+01
5.188000e-01  4.925307e+01
5.248075e-01  4.797214e+01
5.308844e-01  4.672665e+01
5.370318e-01  4.551411e+01
5.432503e-01  4.435577e+01
5.495409e-01  4.322701e+01
5.559043e-01  4.212735e+01
5.623413e-01  4.105815e+01
5.688529e-01  4.001620e+01
5.754399e-01  3.900073e+01
5.821032e-01  3.801108e+01
5.888437e-01  3.704717e+01
5.956621e-01  3.610879e+01
6.000000e-01  3.552963e+01
6.025596e-01  3.519425e+01
6.095369e-01  3.430305e+01
6.165950e-01  3.345407e+01
6.309573e-01  3.182000e+01
6.382635e-01  3.103321e+01
6.456542e-01  3.026598e+01
6.531306e-01  2.952003e+01
6.606935e-01  2.879249e+01
6.683439e-01  2.808374e+01
6.839117e-01  2.671846e+01
6.918310e-01  2.606094e+01
6.998420e-01  2.541980e+01
7.079458e-01  2.480686e+01
7.161434e-01  2.420874e+01
7.244360e-01  2.362575e+01
7.328245e-01  2.305688e+01
7.413102e-01  2.250173e+01
7.498942e-01  2.196006e+01
7.585776e-01  2.143284e+01
7.673615e-01  2.091830e+01
7.762471e-01  2.041675e+01
7.852356e-01  1.992733e+01
7.943282e-01  1.944966e+01
8.000000e-01  1.916020e+01
8.035261e-01  1.898344e+01
8.128305e-01  1.853727e+01
8.222427e-01  1.810159e+01
8.317638e-01  1.767618e+01
8.413951e-01  1.726102e+01
8.511380e-01  1.685619e+01
8.609938e-01  1.646087e+01
8.709636e-01  1.607590e+01
8.810489e-01  1.570056e+01
8.912509e-01  1.533402e+01
9.015711e-01  1.497604e+01
9.120108e-01  1.462642e+01
9.225714e-01  1.428499e+01
9.332543e-01  1.395205e+01
9.440609e-01  1.362725e+01
9.549926e-01  1.331815e+01
9.660509e-01  1.301610e+01
9.772372e-01  1.272091e+01
9.885531e-01  1.243323e+01
1.000000e+00  1.215242e+01
1.011579e+00  1.187839e+01
1.023293e+00  1.161053e+01
1.035142e+00  1.134881e+01
1.047129e+00  1.109297e+01
1.059254e+00  1.084293e+01
1.071519e+00  1.059882e+01
1.083927e+00  1.036359e+01
1.096478e+00  1.013360e+01
1.109175e+00  9.908698e+00
1.122018e+00  9.688813e+00
1.135011e+00  9.473883e+00
1.148154e+00  9.263977e+00
1.161449e+00  9.058997e+00
1.174898e+00  8.858555e+00
1.188502e+00  8.662559e+00
1.202264e+00  8.470947e+00
1.216186e+00  8.284086e+00
1.230269e+00  8.101352e+00
1.250000e+00  7.855438e+00
1.258925e+00  7.750849e+00
1.273503e+00  7.584768e+00
1.303167e+00  7.263553e+00
1.318257e+00  7.108098e+00
1.333521e+00  6.955979e+00
1.348963e+00  6.807141e+00
1.364583e+00  6.661942e+00
1.380384e+00  6.519839e+00
1.412538e+00  6.244837e+00
1.428894e+00  6.115083e+00
1.445440e+00  5.988058e+00
1.479108e+00  5.742056e+00
1.500000e+00  5.597194e+00
1.513561e+00  5.506172e+00
1.531087e+00  5.391923e+00
1.548817e+00  5.280427e+00
1.584893e+00  5.064320e+00
1.603245e+00  4.962280e+00
1.621810e+00  4.862294e+00
1.640590e+00  4.764394e+00
1.659587e+00  4.668580e+00
1.698244e+00  4.482744e+00
1.717908e+00  4.392630e+00
1.737801e+00  4.304344e+00
1.778279e+00  4.133714e+00
1.798871e+00  4.050950e+00
1.819701e+00  3.971841e+00
1.840772e+00  3.894278e+00
1.862087e+00  3.818285e+00
1.883649e+00  3.743775e+00
1.905461e+00  3.670804e+00
1.927525e+00  3.599278e+00
1.949845e+00  3.529145e+00
1.972423e+00  3.460385e+00
1.995262e+00  3.393022e+00
2.044000e+00  3.256483e+00
2.065380e+00  3.199320e+00
2.089296e+00  3.138828e+00
2.113489e+00  3.079481e+00
2.137962e+00  3.021300e+00
2.162719e+00  2.964289e+00
2.213095e+00  2.853511e+00
2.238721e+00  2.799690e+00
2.264644e+00  2.746928e+00
2.317395e+00  2.644715e+00
2.344229e+00  2.595045e+00
2.371374e+00  2.547576e+00
2.398833e+00  2.500976e+00
2.426610e+00  2.455263e+00
2.454709e+00  2.410440e+00
2.483133e+00  2.366437e+00
2.540973e+00  2.280853e+00
2.570396e+00  2.239233e+00
2.600160e+00  2.198406e+00
2.660725e+00  2.119245e+00
2.691535e+00  2.080740e+00
2.722701e+00  2.043927e+00
2.754229e+00  2.007766e+00
2.786121e+00  1.972271e+00
2.818383e+00  1.937447e+00
2.851018e+00  1.903240e+00
2.917427e+00  1.836644e+00
2.951209e+00  1.804228e+00
3.000000e+00  1.759081e+00
3.090295e+00  1.680529e+00
3.126079e+00  1.650986e+00
3.162278e+00  1.622698e+00
3.198895e+00  1.594896e+00
3.273407e+00  1.540752e+00
3.311311e+00  1.514407e+00
3.388442e+00  1.463076e+00
3.427678e+00  1.438069e+00
3.467369e+00  1.413510e+00
3.589219e+00  1.342559e+00
3.630781e+00  1.319709e+00
3.672823e+00  1.297836e+00
3.715352e+00  1.276327e+00
3.801894e+00  1.234402e+00
3.845918e+00  1.213985e+00
3.935501e+00  1.174171e+00
4.000000e+00  1.146853e+00
4.027170e+00  1.135676e+00
4.168694e+00  1.080512e+00
4.216965e+00  1.062727e+00
4.265795e+00  1.045690e+00
4.315191e+00  1.028927e+00
4.415704e+00  9.962263e-01
4.466836e+00  9.802873e-01
4.623810e+00  9.339985e-01
4.677351e+00  9.190612e-01
4.731513e+00  9.043745e-01
4.897788e+00  8.618499e-01
4.954502e+00  8.481240e-01
5.011872e+00  8.349559e-01
5.069907e+00  8.219922e-01
5.188000e+00  7.966839e-01
5.248075e+00  7.843380e-01
5.308844e+00  7.721840e-01
5.495409e+00  7.368506e-01
5.559043e+00  7.254367e-01
5.623413e+00  7.142092e-01
5.821032e+00  6.816663e-01
5.888437e+00  6.711516e-01
5.956621e+00  6.610647e-01
6.025596e+00  6.511293e-01
6.165950e+00  6.317187e-01
6.237348e+00  6.222430e-01
6.309573e+00  6.129095e-01
6.531306e+00  5.857489e-01
6.606934e+00  5.769664e-01
6.683439e+00  5.683226e-01
6.918310e+00  5.432425e-01
7.000000e+00  5.349731e-01
7.079458e+00  5.273381e-01
7.161434e+00  5.196627e-01
7.328245e+00  5.046563e-01
7.498942e+00  4.901001e-01
7.585776e+00  4.829803e-01
7.852356e+00  4.622418e-01
7.943282e+00  4.555292e-01
8.035261e+00  4.489192e-01
8.413951e+00  4.235019e-01
8.511380e+00  4.173757e-01
8.609938e+00  4.114844e-01
8.709636e+00  4.056764e-01
8.912509e+00  3.943131e-01
9.120108e+00  3.832805e-01
9.225714e+00  3.778806e-01
9.549926e+00  3.621376e-01
9.660509e+00  3.570375e-01
9.772372e+00  3.520133e-01
1.023293e+01  3.326770e-01
1.035142e+01  3.280114e-01
1.047129e+01  3.235237e-01
1.059254e+01  3.190978e-01
1.071519e+01  3.147355e-01
1.100000e+01  3.050272e-01
1.122018e+01  2.978919e-01
1.174898e+01  2.819536e-01
1.188502e+01  2.781046e-01
1.202264e+01  2.743081e-01
1.216186e+01  2.705658e-01
1.230269e+01  2.668848e-01
1.288250e+01  2.526566e-01
1.303167e+01  2.492197e-01
1.318257e+01  2.459047e-01
1.333521e+01  2.426339e-01
1.348963e+01  2.394085e-01
1.380384e+01  2.330930e-01
1.396368e+01  2.299981e-01
1.412538e+01  2.269441e-01
1.479108e+01  2.151323e-01
1.500000e+01  2.116587e-01
1.513561e+01  2.094609e-01
1.584893e+01  1.985978e-01
1.603245e+01  1.959713e-01
1.621810e+01  1.934276e-01
1.640590e+01  1.909169e-01
1.659587e+01  1.884389e-01
1.698244e+01  1.835815e-01
1.800000e+01  1.718673e-01
1.819701e+01  1.697605e-01
1.862087e+01  1.653888e-01
1.927525e+01  1.590430e-01
1.949845e+01  1.569827e-01
2.018366e+01  1.509789e-01
2.041738e+01  1.490291e-01
2.065380e+01  1.471401e-01
2.089296e+01  1.452752e-01
2.113489e+01  1.434338e-01
2.137962e+01  1.416158e-01
2.213095e+01  1.363016e-01
2.400000e+01  1.246073e-01
2.426610e+01  1.230964e-01
2.511886e+01  1.184813e-01
2.570396e+01  1.155018e-01
2.600160e+01  1.140406e-01
2.630268e+01  1.126025e-01
2.660725e+01  1.111826e-01
2.691535e+01  1.098064e-01
2.722701e+01  1.084474e-01
2.754229e+01  1.071057e-01
3.311311e+01  8.777467e-02
3.427678e+01  8.455927e-02
3.548134e+01  8.146167e-02
3.630781e+01  7.946031e-02
3.672823e+01  7.848052e-02
3.715352e+01  7.752962e-02
4.786301e+01  5.931251e-02
4.954502e+01  5.718531e-02
5.188000e+01  5.446725e-02
5.308844e+01  5.315727e-02
5.370318e+01  5.251424e-02
5.432503e+01  5.188034e-02
5.495409e+01  5.126323e-02
7.413102e+01  3.756471e-02
7.585776e+01  3.667697e-02
8.128305e+01  3.413767e-02
8.317638e+01  3.333104e-02
8.413951e+01  3.293494e-02
8.511380e+01  3.254423e-02
8.609938e+01  3.215819e-02
8.709636e+01  3.178160e-02
1.258925e+02  2.180077e-02
1.288250e+02  2.129315e-02
1.412538e+02  1.937824e-02
1.428894e+02  1.915134e-02
1.479108e+02  1.848646e-02
1.500000e+02  1.822310e-02
1.513561e+02  1.805610e-02
1.548817e+02  1.763629e-02
1.566751e+02  1.743007e-02
1.584893e+02  1.722801e-02
1.621810e+02  1.683104e-02
2.483133e+02  1.093492e-02
2.540973e+02  1.068296e-02
2.722701e+02  9.961386e-03
2.851018e+02  9.507647e-03
2.884032e+02  9.397477e-03
2.917427e+02  9.288593e-03
2.951209e+02  9.180971e-03
3.019952e+02  8.969604e-03
3.054921e+02  8.865755e-03
3.090295e+02  8.763108e-03
3.126079e+02  8.662119e-03
3.162278e+02  8.562306e-03
3.235937e+02  8.366163e-03
4.954502e+02  5.449228e-03
5.069907e+02  5.324400e-03
5.432503e+02  4.966810e-03
5.688529e+02  4.741871e-03
5.754399e+02  4.687247e-03
5.821032e+02  4.633254e-03
5.888437e+02  4.579882e-03
6.025596e+02  4.475036e-03
6.095369e+02  4.423517e-03
6.165950e+02  4.372591e-03
6.237348e+02  4.322435e-03
6.309573e+02  4.272860e-03
6.456542e+02  4.175424e-03
1.972423e+03  1.364035e-03
4.027170e+03  6.672170e-04
4.315191e+03  6.226055e-04
4.518559e+03  5.945349e-04
4.570882e+03  5.877172e-04
4.623810e+03  5.809779e-04
4.677351e+03  5.743158e-04
4.786301e+03  5.612226e-04
4.841724e+03  5.547883e-04
4.897788e+03  5.484279e-04
4.954502e+03  5.421487e-04
5.011872e+03  5.359416e-04
5.128614e+03  5.237405e-04
1.000000e+05  2.685022e-05
-1  -1
-2  -2
