4.130000e-06 0.000000e+00
4.130000e-06  6.432361e+06
4.265795e-06  6.579569e+06
4.466836e-06  6.744320e+06
4.677351e-06  6.871106e+06
4.710000e-06  6.884315e+06
4.710000e-06  1.007442e+07
4.786301e-06  1.018286e+07
4.954502e-06  1.037755e+07
5.000000e-06  1.042142e+07
5.200000e-06  1.058919e+07
5.308844e-06  1.066857e+07
5.432503e-06  1.073963e+07
5.623413e-06  1.082954e+07
5.670000e-06  1.084549e+07
5.670000e-06  2.016623e+07
5.700000e-06  2.001912e+07
5.821032e-06  1.944849e+07
6.000000e-06  1.866260e+07
6.025596e-06  1.855666e+07
6.382635e-06  1.723101e+07
6.500000e-06  1.685419e+07
6.683439e-06  1.630230e+07
6.760830e-06  1.609017e+07
6.800000e-06  1.598379e+07
6.800000e-06  1.610592e+07
7.000000e-06  1.560564e+07
7.100000e-06  1.536823e+07
7.200000e-06  1.514452e+07
7.328245e-06  1.486744e+07
7.500000e-06  1.452600e+07
7.600000e-06  1.433336e+07
7.640000e-06  1.425918e+07
7.640000e-06  1.433267e+07
7.673615e-06  1.427228e+07
7.700000e-06  1.422535e+07
7.762471e-06  1.411296e+07
7.852356e-06  1.395740e+07
7.950000e-06  1.379627e+07
8.035261e-06  1.366182e+07
8.128305e-06  1.351549e+07
8.200000e-06  1.340704e+07
8.350000e-06  1.318365e+07
8.609938e-06  1.282984e+07
8.709636e-06  1.269692e+07
8.912509e-06  1.243265e+07
9.225714e-06  1.206421e+07
9.549926e-06  1.169002e+07
9.700000e-06  1.153199e+07
9.772372e-06  1.145880e+07
9.850000e-06  1.137874e+07
1.035142e-05  1.087786e+07
1.047129e-05  1.076418e+07
1.096478e-05  1.031089e+07
1.100000e-05  1.027952e+07
1.109175e-05  1.019912e+07
1.135011e-05  9.971220e+06
1.161449e-05  9.756589e+06
1.174898e-05  9.648378e+06
1.202264e-05  9.427327e+06
1.216186e-05  9.321319e+06
1.230269e-05  9.217975e+06
1.244515e-05  9.112725e+06
1.290000e-05  8.785414e+06
1.303167e-05  8.694638e+06
1.310000e-05  8.649062e+06
1.318257e-05  8.595026e+06
1.333521e-05  8.492311e+06
1.350000e-05  8.385942e+06
1.396368e-05  8.101196e+06
1.420000e-05  7.962542e+06
1.428894e-05  7.910622e+06
1.462177e-05  7.727734e+06
1.479108e-05  7.641363e+06
1.500000e-05  7.535107e+06
1.548817e-05  7.303057e+06
1.570000e-05  7.212931e+06
1.584893e-05  7.150001e+06
1.603245e-05  7.073391e+06
1.621810e-05  6.999810e+06
1.659587e-05  6.864884e+06
1.678804e-05  6.799577e+06
1.737801e-05  6.616992e+06
1.770000e-05  6.532625e+06
1.778279e-05  6.511502e+06
1.800000e-05  6.457337e+06
1.862087e-05  6.327667e+06
1.905461e-05  6.256176e+06
1.927525e-05  6.220988e+06
1.980000e-05  6.155093e+06
2.018366e-05  6.117848e+06
2.041738e-05  6.099361e+06
2.089296e-05  6.067139e+06
2.113489e-05  6.054517e+06
2.190000e-05  6.033562e+06
2.213095e-05  6.031201e+06
2.230000e-05  6.030612e+06
2.238721e-05  6.029679e+06
2.300000e-05  6.034582e+06
2.344229e-05  6.043741e+06
2.382000e-05  6.054727e+06
2.382000e-05  2.161641e+07
2.400000e-05  2.125310e+07
2.430000e-05  2.067179e+07
2.454709e-05  2.021734e+07
2.511886e-05  1.923839e+07
2.540973e-05  1.877578e+07
2.570396e-05  1.833322e+07
2.630268e-05  1.749924e+07
2.660725e-05  1.710440e+07
2.691535e-05  1.672371e+07
2.722701e-05  1.635968e+07
2.754229e-05  1.601116e+07
2.770000e-05  1.584128e+07
2.786121e-05  1.567063e+07
2.851018e-05  1.503605e+07
2.884032e-05  1.473956e+07
2.900000e-05  1.459974e+07
3.019952e-05  1.364815e+07
3.054921e-05  1.339542e+07
3.162278e-05  1.269954e+07
3.198895e-05  1.247893e+07
3.261000e-05  1.213130e+07
3.261000e-05  1.897122e+07
3.311311e-05  1.849655e+07
3.326000e-05  1.836205e+07
3.330000e-05  1.832536e+07
3.349654e-05  1.813918e+07
3.400000e-05  1.767623e+07
3.427678e-05  1.743348e+07
3.467369e-05  1.708662e+07
3.507519e-05  1.674869e+07
3.600000e-05  1.601764e+07
3.630781e-05  1.578553e+07
3.650000e-05  1.564472e+07
3.672823e-05  1.548131e+07
3.715352e-05  1.518368e+07
3.845918e-05  1.433701e+07
3.890451e-05  1.406731e+07
3.900000e-05  1.401035e+07
3.935501e-05  1.380360e+07
4.073803e-05  1.304981e+07
4.168694e-05  1.257248e+07
4.216965e-05  1.234073e+07
4.265795e-05  1.211687e+07
4.300000e-05  1.196570e+07
4.315191e-05  1.189878e+07
4.365158e-05  1.168103e+07
4.518559e-05  1.105366e+07
4.570882e-05  1.085350e+07
4.722300e-05  1.029826e+07
4.786301e-05  1.007798e+07
4.900000e-05  9.700670e+06
4.954502e-05  9.524880e+06
5.001000e-05  9.375250e+06
5.001000e-05  9.696290e+06
5.011872e-05  9.659343e+06
5.101000e-05  9.369267e+06
5.128614e-05  9.280791e+06
5.150000e-05  9.213222e+06
5.308844e-05  8.724415e+06
5.370318e-05  8.544035e+06
5.400000e-05  8.456531e+06
5.432503e-05  8.362850e+06
5.500000e-05  8.175440e+06
5.580000e-05  7.957436e+06
5.623413e-05  7.840003e+06
5.730000e-05  7.564297e+06
5.754399e-05  7.501944e+06
5.800000e-05  7.388038e+06
5.821032e-05  7.334737e+06
5.888437e-05  7.169152e+06
5.900000e-05  7.141349e+06
5.956621e-05  7.008094e+06
6.025596e-05  6.847550e+06
6.070000e-05  6.744154e+06
6.095369e-05  6.686336e+06
6.165950e-05  6.530378e+06
6.237348e-05  6.374998e+06
6.300000e-05  6.244441e+06
6.400000e-05  6.038352e+06
6.456542e-05  5.924008e+06
6.531306e-05  5.777756e+06
6.580000e-05  5.685410e+06
6.606934e-05  5.633742e+06
6.683439e-05  5.491059e+06
6.839116e-05  5.212898e+06
6.918310e-05  5.076418e+06
7.079458e-05  4.809557e+06
7.150000e-05  4.699250e+06
7.161434e-05  4.681344e+06
7.328245e-05  4.425982e+06
7.413102e-05  4.303844e+06
7.585776e-05  4.059185e+06
7.673615e-05  3.942690e+06
7.762471e-05  3.824649e+06
7.800000e-05  3.776251e+06
7.943282e-05  3.599028e+06
8.035261e-05  3.486451e+06
8.222426e-05  3.273218e+06
8.413951e-05  3.063659e+06
8.500000e-05  2.975403e+06
8.511380e-05  2.964005e+06
8.810489e-05  2.672477e+06
9.015711e-05  2.486343e+06
9.120108e-05  2.398746e+06
9.150000e-05  2.373895e+06
9.225714e-05  2.310995e+06
9.440609e-05  2.144177e+06
9.549926e-05  2.061939e+06
9.660509e-05  1.983079e+06
9.772372e-05  1.907660e+06
9.800000e-05  1.888854e+06
9.840000e-05  1.862059e+06
9.840000e-05  3.460562e+06
9.849000e-05  3.506184e+06
9.890000e-05  3.667276e+06
9.930000e-05  3.827126e+06
9.960000e-05  3.948554e+06
1.000000e-04  4.110050e+06
1.003700e-04  4.258816e+06
1.007000e-04  4.390185e+06
1.011579e-04  4.568225e+06
1.016500e-04  4.751471e+06
1.020000e-04  4.876264e+06
1.025000e-04  5.045289e+06
1.030000e-04  5.201193e+06
1.035142e-04  5.345973e+06
1.040000e-04  5.466960e+06
1.045000e-04  5.573791e+06
1.047129e-04  5.610544e+06
1.050000e-04  5.660675e+06
1.050700e-04  5.673057e+06
1.055000e-04  5.732047e+06
1.060000e-04  5.783858e+06
1.060800e-04  5.789272e+06
1.060800e-04  6.753053e+06
1.062000e-04  6.798418e+06
1.065000e-04  6.895193e+06
1.066000e-04  6.924572e+06
1.071000e-04  7.073848e+06
1.071519e-04  7.089317e+06
1.072000e-04  7.103758e+06
1.075000e-04  7.183021e+06
1.080000e-04  7.317261e+06
1.082000e-04  7.362302e+06
1.084000e-04  7.409260e+06
1.087000e-04  7.477315e+06
1.088000e-04  7.497602e+06
1.092000e-04  7.575156e+06
1.095000e-04  7.631046e+06
1.096478e-04  7.655066e+06
1.101000e-04  7.721979e+06
1.105000e-04  7.777049e+06
1.109175e-04  7.817620e+06
1.110000e-04  7.823775e+06
1.115000e-04  7.864197e+06
1.120000e-04  7.882461e+06
1.126000e-04  7.891556e+06
1.128000e-04  7.889675e+06
1.131000e-04  7.882395e+06
1.137000e-04  7.853697e+06
1.143000e-04  7.810531e+06
1.148154e-04  7.753357e+06
1.150000e-04  7.733194e+06
1.157000e-04  7.639491e+06
1.161449e-04  7.569771e+06
1.165000e-04  7.515157e+06
1.170000e-04  7.427890e+06
1.173000e-04  7.374085e+06
1.180000e-04  7.238549e+06
1.190000e-04  7.033354e+06
1.191000e-04  7.013306e+06
1.203000e-04  6.759838e+06
1.210600e-04  6.596305e+06
1.216186e-04  6.479083e+06
1.218000e-04  6.441520e+06
1.230269e-04  6.183481e+06
1.240000e-04  5.985802e+06
1.244515e-04  5.894047e+06
1.250000e-04  5.784740e+06
1.273503e-04  5.343608e+06
1.280000e-04  5.229302e+06
1.288250e-04  5.088009e+06
1.307000e-04  4.775068e+06
1.315000e-04  4.648681e+06
1.318257e-04  4.598338e+06
1.333521e-04  4.371383e+06
1.340000e-04  4.277474e+06
1.350000e-04  4.137208e+06
1.364583e-04  3.939239e+06
1.365000e-04  3.933759e+06
1.380384e-04  3.737827e+06
1.381800e-04  3.720389e+06
1.382400e-04  3.712891e+06
1.396368e-04  3.543602e+06
1.400000e-04  3.501104e+06
1.415000e-04  3.329058e+06
1.428894e-04  3.178845e+06
1.445440e-04  3.010665e+06
1.450000e-04  2.965037e+06
1.462177e-04  2.847213e+06
1.479108e-04  2.693027e+06
1.480000e-04  2.685193e+06
1.500000e-04  2.516620e+06
1.510000e-04  2.436359e+06
1.513561e-04  2.408482e+06
1.540000e-04  2.213682e+06
1.548817e-04  2.153035e+06
1.566751e-04  2.036143e+06
1.570000e-04  2.015842e+06
1.600000e-04  1.839665e+06
1.603245e-04  1.821771e+06
1.621810e-04  1.724594e+06
1.627000e-04  1.698657e+06
1.659587e-04  1.546555e+06
1.660000e-04  1.544744e+06
1.678804e-04  1.464974e+06
1.690000e-04  1.420032e+06
1.698244e-04  1.388468e+06
1.717908e-04  1.316822e+06
1.720000e-04  1.309490e+06
1.737801e-04  1.249671e+06
1.760000e-04  1.180055e+06
1.778279e-04  1.126537e+06
1.786400e-04  1.104148e+06
1.798871e-04  1.070933e+06
1.810000e-04  1.042413e+06
1.819701e-04  1.018400e+06
1.835000e-04  9.820592e+05
1.846300e-04  9.563737e+05
1.850000e-04  9.481601e+05
1.850800e-04  9.464266e+05
1.862087e-04  9.224415e+05
1.865000e-04  9.164466e+05
1.880000e-04  8.864540e+05
1.885000e-04  8.767637e+05
1.895000e-04  8.578250e+05
1.905461e-04  8.386243e+05
1.908000e-04  8.341358e+05
1.922000e-04  8.099953e+05
1.927525e-04  8.007540e+05
1.936900e-04  7.853976e+05
1.940700e-04  7.793038e+05
1.940700e-04  1.156493e+06
1.950000e-04  1.139363e+06
1.961000e-04  1.119991e+06
1.965000e-04  1.113084e+06
1.972423e-04  1.100462e+06
1.973000e-04  1.099502e+06
1.980000e-04  1.087979e+06
1.985000e-04  1.079877e+06
1.995262e-04  1.063571e+06
2.000000e-04  1.056185e+06
2.010000e-04  1.041247e+06
2.015000e-04  1.033916e+06
2.018366e-04  1.029035e+06
2.025000e-04  1.019535e+06
2.028000e-04  1.015292e+06
2.040000e-04  9.986264e+05
2.041738e-04  9.962533e+05
2.055000e-04  9.789473e+05
2.060000e-04  9.725616e+05
2.065380e-04  9.659596e+05
2.070000e-04  9.603558e+05
2.085000e-04  9.425606e+05
2.089296e-04  9.375737e+05
2.098200e-04  9.273721e+05
2.100000e-04  9.253345e+05
2.113489e-04  9.103267e+05
2.118000e-04  9.056303e+05
2.120000e-04  9.035645e+05
2.137962e-04  8.846308e+05
2.140000e-04  8.825270e+05
2.162719e-04  8.596667e+05
2.170000e-04  8.527773e+05
2.182000e-04  8.418277e+05
2.187762e-04  8.366605e+05
2.188000e-04  8.364436e+05
2.213095e-04  8.141176e+05
2.214300e-04  8.131053e+05
2.215400e-04  8.121839e+05
2.220000e-04  8.083515e+05
2.264644e-04  7.734727e+05
2.270000e-04  7.696092e+05
2.280000e-04  7.627523e+05
2.290868e-04  7.556078e+05
2.317395e-04  7.386838e+05
2.330000e-04  7.312069e+05
2.344229e-04  7.231695e+05
2.371374e-04  7.082987e+05
2.380000e-04  7.038987e+05
2.392000e-04  6.980951e+05
2.398833e-04  6.949447e+05
2.400000e-04  6.944099e+05
2.426610e-04  6.824426e+05
2.430000e-04  6.809467e+05
2.450000e-04  6.726430e+05
2.454709e-04  6.707902e+05
2.458900e-04  6.691550e+05
2.458900e-04  8.251082e+05
2.483133e-04  8.123754e+05
2.511886e-04  7.982498e+05
2.540973e-04  7.848766e+05
2.570396e-04  7.716426e+05
2.580000e-04  7.675513e+05
2.600160e-04  7.586821e+05
2.625000e-04  7.483636e+05
2.635000e-04  7.441307e+05
2.660725e-04  7.337853e+05
2.691535e-04  7.225482e+05
2.700000e-04  7.196254e+05
2.722701e-04  7.118947e+05
2.743100e-04  7.051154e+05
2.754229e-04  7.016244e+05
2.786121e-04  6.922197e+05
2.800000e-04  6.882418e+05
2.818383e-04  6.834930e+05
2.830000e-04  6.805347e+05
2.851018e-04  6.756592e+05
2.884032e-04  6.682622e+05
2.900900e-04  6.645886e+05
2.917427e-04  6.611943e+05
2.951209e-04  6.547120e+05
2.985383e-04  6.484128e+05
3.000000e-04  6.458741e+05
3.019952e-04  6.421341e+05
3.030000e-04  6.403252e+05
3.051700e-04  6.366541e+05
3.051700e-04  6.885372e+05
3.054921e-04  6.879643e+05
3.090295e-04  6.821818e+05
3.126079e-04  6.764865e+05
3.162278e-04  6.708904e+05
3.198895e-04  6.655599e+05
3.200000e-04  6.654007e+05
3.235937e-04  6.603092e+05
3.273407e-04  6.552312e+05
3.280000e-04  6.543558e+05
3.311311e-04  6.503938e+05
3.376700e-04  6.424000e+05
3.388442e-04  6.409986e+05
3.404800e-04  6.390435e+05
3.467369e-04  6.319769e+05
3.507519e-04  6.276950e+05
3.550000e-04  6.232424e+05
3.589219e-04  6.193651e+05
3.630781e-04  6.153265e+05
3.670400e-04  6.115282e+05
3.670400e-04  7.022570e+05
3.672823e-04  7.021116e+05
3.715352e-04  6.995844e+05
3.730000e-04  6.987286e+05
3.758374e-04  6.973314e+05
3.768700e-04  6.968369e+05
3.776300e-04  6.964666e+05
3.776300e-04  7.585486e+05
3.777000e-04  7.586973e+05
3.779000e-04  7.591666e+05
3.785000e-04  7.600336e+05
3.794000e-04  7.609091e+05
3.800000e-04  7.613167e+05
3.801894e-04  7.615075e+05
3.808000e-04  7.621400e+05
3.815000e-04  7.627345e+05
3.822000e-04  7.635989e+05
3.830000e-04  7.644350e+05
3.845918e-04  7.669178e+05
3.858000e-04  7.692657e+05
3.869000e-04  7.719673e+05
3.880000e-04  7.752563e+05
3.890451e-04  7.790593e+05
3.895000e-04  7.807578e+05
3.898000e-04  7.820650e+05
3.908000e-04  7.866782e+05
3.912000e-04  7.888037e+05
3.923000e-04  7.950971e+05
3.928000e-04  7.983727e+05
3.935501e-04  8.036653e+05
3.940000e-04  8.069212e+05
3.943000e-04  8.093222e+05
3.958000e-04  8.224438e+05
3.973000e-04  8.382273e+05
3.980000e-04  8.463076e+05
3.985000e-04  8.525425e+05
4.000000e-04  8.729260e+05
4.015000e-04  8.963482e+05
4.027170e-04  9.174242e+05
4.030000e-04  9.225370e+05
4.045000e-04  9.517163e+05
4.065000e-04  9.957278e+05
4.073803e-04  1.016629e+06
4.085000e-04  1.044757e+06
4.090000e-04  1.058083e+06
4.100000e-04  1.084923e+06
4.115000e-04  1.128570e+06
4.120975e-04  1.146218e+06
4.140000e-04  1.206283e+06
4.165000e-04  1.290835e+06
4.168694e-04  1.303659e+06
4.190000e-04  1.381295e+06
4.200000e-04  1.418783e+06
4.216965e-04  1.485149e+06
4.220000e-04  1.497043e+06
4.240000e-04  1.577943e+06
4.265795e-04  1.685324e+06
4.270000e-04  1.703412e+06
4.290000e-04  1.789409e+06
4.300000e-04  1.833593e+06
4.315191e-04  1.900791e+06
4.328000e-04  1.958599e+06
4.343000e-04  2.026309e+06
4.360000e-04  2.104600e+06
4.365158e-04  2.128011e+06
4.371600e-04  2.157733e+06
4.390000e-04  2.243197e+06
4.400000e-04  2.289247e+06
4.415704e-04  2.361941e+06
4.420000e-04  2.382322e+06
4.430000e-04  2.428304e+06
4.450000e-04  2.520613e+06
4.460000e-04  2.565855e+06
4.466836e-04  2.596426e+06
4.485000e-04  2.679757e+06
4.500000e-04  2.744674e+06
4.518559e-04  2.827532e+06
4.550000e-04  2.961194e+06
4.580000e-04  3.082507e+06
4.590900e-04  3.126005e+06
4.615000e-04  3.218589e+06
4.623810e-04  3.251550e+06
4.630000e-04  3.274922e+06
4.650000e-04  3.346739e+06
4.680000e-04  3.452092e+06
4.690000e-04  3.485501e+06
4.731513e-04  3.619744e+06
4.780000e-04  3.762151e+06
4.786301e-04  3.779926e+06
4.835000e-04  3.908130e+06
4.841724e-04  3.924922e+06
4.890000e-04  4.036435e+06
4.897788e-04  4.053306e+06
4.954502e-04  4.165892e+06
5.011872e-04  4.260405e+06
5.020000e-04  4.272493e+06
5.069907e-04  4.338786e+06
5.080000e-04  4.352236e+06
5.128614e-04  4.402433e+06
5.150000e-04  4.424568e+06
5.188000e-04  4.452522e+06
5.230000e-04  4.483485e+06
5.260000e-04  4.502083e+06
5.308844e-04  4.524825e+06
5.320000e-04  4.530020e+06
5.370318e-04  4.547709e+06
5.400000e-04  4.553821e+06
5.432503e-04  4.560407e+06
5.495409e-04  4.566775e+06
5.540000e-04  4.565581e+06
5.559043e-04  4.563273e+06
5.623413e-04  4.555595e+06
5.650000e-04  4.549877e+06
5.688529e-04  4.538529e+06
5.754399e-04  4.519353e+06
5.800000e-04  4.502406e+06
5.821032e-04  4.493009e+06
5.900000e-04  4.458174e+06
5.956621e-04  4.429550e+06
6.025596e-04  4.390989e+06
6.095369e-04  4.352756e+06
6.100000e-04  4.350244e+06
6.150000e-04  4.319760e+06
6.165950e-04  4.309200e+06
6.200000e-04  4.286834e+06
6.237348e-04  4.262526e+06
6.309573e-04  4.216157e+06
6.382635e-04  4.166378e+06
6.456542e-04  4.113919e+06
6.531306e-04  4.062105e+06
6.606934e-04  4.007353e+06
6.700000e-04  3.938370e+06
6.760830e-04  3.894326e+06
6.839116e-04  3.835801e+06
6.850000e-04  3.827786e+06
7.032100e-04  3.692450e+06
7.032100e-04  4.044281e+06
7.079458e-04  4.011755e+06
7.161434e-04  3.953164e+06
7.172700e-04  3.945242e+06
7.244360e-04  3.893335e+06
7.300000e-04  3.853857e+06
7.437500e-04  3.759575e+06
7.437500e-04  3.961008e+06
7.500000e-04  3.920765e+06
7.585776e-04  3.864083e+06
7.586200e-04  3.863790e+06
7.673615e-04  3.804251e+06
7.800000e-04  3.721423e+06
7.900000e-04  3.658368e+06
8.000000e-04  3.592930e+06
8.035261e-04  3.569759e+06
8.128305e-04  3.509974e+06
8.222426e-04  3.451372e+06
8.280000e-04  3.416204e+06
8.317638e-04  3.393183e+06
8.413951e-04  3.335580e+06
8.423100e-04  3.330023e+06
8.430000e-04  3.325750e+06
8.511380e-04  3.275911e+06
8.709636e-04  3.159135e+06
8.810489e-04  3.102608e+06
8.850000e-04  3.080939e+06
9.015711e-04  2.987942e+06
9.120108e-04  2.930960e+06
9.332543e-04  2.820620e+06
9.440609e-04  2.764997e+06
9.500000e-04  2.735047e+06
9.549926e-04  2.710025e+06
9.772372e-04  2.603228e+06
9.885530e-04  2.551641e+06
9.905701e-04  2.542633e+06
9.905701e-04  2.700547e+06
9.930000e-04  2.689525e+06
1.000000e-03  2.657995e+06
1.011579e-03  2.604954e+06
1.023293e-03  2.553153e+06
1.035142e-03  2.502573e+06
1.047129e-03  2.453129e+06
1.059254e-03  2.403956e+06
1.070000e-03  2.361346e+06
1.071519e-03  2.355322e+06
1.083927e-03  2.306104e+06
1.096478e-03  2.258006e+06
1.100000e-03  2.244815e+06
1.109175e-03  2.210934e+06
1.122018e-03  2.164707e+06
1.130000e-03  2.136767e+06
1.135011e-03  2.119351e+06
1.161449e-03  2.028550e+06
1.174898e-03  1.984561e+06
1.188502e-03  1.941660e+06
1.190000e-03  1.937030e+06
1.202264e-03  1.899759e+06
1.210100e-03  1.876351e+06
1.210100e-03  1.901118e+06
1.216186e-03  1.883259e+06
1.230269e-03  1.842993e+06
1.244515e-03  1.802443e+06
1.273503e-03  1.724027e+06
1.280000e-03  1.707227e+06
1.288250e-03  1.686103e+06
1.303167e-03  1.648990e+06
1.313000e-03  1.625098e+06
1.318257e-03  1.612541e+06
1.330000e-03  1.585046e+06
1.333521e-03  1.576852e+06
1.362100e-03  1.511870e+06
1.362100e-03  1.540403e+06
1.364583e-03  1.534911e+06
1.380384e-03  1.500416e+06
1.396368e-03  1.466620e+06
1.412538e-03  1.433685e+06
1.428894e-03  1.401551e+06
1.445440e-03  1.369711e+06
1.450000e-03  1.361152e+06
1.462177e-03  1.338411e+06
1.470000e-03  1.324111e+06
1.480000e-03  1.306059e+06
1.500000e-03  1.271093e+06
1.513561e-03  1.248243e+06
1.531087e-03  1.219677e+06
1.548817e-03  1.191850e+06
1.566751e-03  1.164706e+06
1.570000e-03  1.159892e+06
1.584893e-03  1.137962e+06
1.603245e-03  1.111335e+06
1.610000e-03  1.101787e+06
1.621810e-03  1.085311e+06
1.640590e-03  1.059881e+06
1.650000e-03  1.047499e+06
1.659587e-03  1.035121e+06
1.698244e-03  9.870475e+05
1.717908e-03  9.638577e+05
1.730000e-03  9.498226e+05
1.737801e-03  9.408468e+05
1.778279e-03  8.963540e+05
1.800000e-03  8.736613e+05
1.819701e-03  8.538417e+05
1.840772e-03  8.334248e+05
1.850000e-03  8.246761e+05
1.862087e-03  8.133780e+05
1.883649e-03  7.938224e+05
1.900000e-03  7.794837e+05
1.905461e-03  7.747850e+05
1.927525e-03  7.559789e+05
1.949845e-03  7.376545e+05
1.950000e-03  7.375297e+05
1.972423e-03  7.196989e+05
2.018366e-03  6.851547e+05
2.065380e-03  6.522240e+05
2.070000e-03  6.491228e+05
2.089296e-03  6.363498e+05
2.150000e-03  5.980708e+05
2.162719e-03  5.904991e+05
2.187762e-03  5.758875e+05
2.213095e-03  5.616320e+05
2.238721e-03  5.477646e+05
2.300000e-03  5.164519e+05
2.344229e-03  4.952822e+05
2.348700e-03  4.932043e+05
2.371374e-03  4.828726e+05
2.398833e-03  4.707782e+05
2.400000e-03  4.702725e+05
2.426610e-03  4.589514e+05
2.454709e-03  4.474496e+05
2.483133e-03  4.362603e+05
2.511886e-03  4.252832e+05
2.540973e-03  4.145652e+05
2.570396e-03  4.040753e+05
2.600160e-03  3.938647e+05
2.630268e-03  3.838674e+05
2.660725e-03  3.741463e+05
2.691535e-03  3.646817e+05
2.722701e-03  3.553993e+05
2.754229e-03  3.463681e+05
2.786121e-03  3.375631e+05
2.800000e-03  3.338222e+05
2.818383e-03  3.289012e+05
2.851018e-03  3.204333e+05
2.884032e-03  3.122029e+05
2.917427e-03  3.041953e+05
2.951209e-03  2.964114e+05
2.985383e-03  2.888333e+05
3.019952e-03  2.814101e+05
3.054921e-03  2.741819e+05
3.090295e-03  2.671243e+05
3.126079e-03  2.601779e+05
3.162278e-03  2.534136e+05
3.198895e-03  2.468382e+05
3.235937e-03  2.404413e+05
3.273407e-03  2.341730e+05
3.311311e-03  2.280739e+05
3.349654e-03  2.221465e+05
3.400000e-03  2.146669e+05
3.427678e-03  2.106985e+05
3.443600e-03  2.084580e+05
3.443600e-03  5.050922e+05
3.467369e-03  4.973126e+05
3.548134e-03  4.721516e+05
3.589219e-03  4.600418e+05
3.600000e-03  4.572315e+05
3.616100e-03  4.518870e+05
3.616100e-03  6.463470e+05
3.641000e-03  6.344744e+05
3.645000e-03  6.325950e+05
3.672823e-03  6.201281e+05
3.715352e-03  6.017084e+05
3.758374e-03  5.838381e+05
3.801894e-03  5.664982e+05
3.900000e-03  5.310146e+05
3.935501e-03  5.189242e+05
3.981072e-03  5.039487e+05
4.027170e-03  4.894150e+05
4.073803e-03  4.750480e+05
4.120975e-03  4.611055e+05
4.159400e-03  4.501656e+05
4.159400e-03  5.248780e+05
4.168694e-03  5.220188e+05
4.216965e-03  5.075151e+05
4.230000e-03  5.036986e+05
4.265795e-03  4.933233e+05
4.300000e-03  4.837378e+05
4.315191e-03  4.795650e+05
4.365158e-03  4.661803e+05
4.400000e-03  4.571641e+05
4.415704e-03  4.531447e+05
4.466836e-03  4.403100e+05
4.518559e-03  4.278505e+05
4.570882e-03  4.157452e+05
4.623810e-03  4.038952e+05
4.677351e-03  3.923342e+05
4.731513e-03  3.811096e+05
4.800000e-03  3.675380e+05
4.841724e-03  3.596046e+05
4.897788e-03  3.493106e+05
4.954502e-03  3.393227e+05
5.001800e-03  3.313018e+05
5.001800e-03  3.518293e+05
5.011872e-03  3.501164e+05
5.069907e-03  3.404064e+05
5.128614e-03  3.309781e+05
5.188000e-03  3.218193e+05
5.248075e-03  3.128808e+05
5.300000e-03  3.054199e+05
5.308844e-03  3.041646e+05
5.334900e-03  3.005000e+05
5.334900e-03  3.133019e+05
5.370318e-03  3.083054e+05
5.379000e-03  3.070983e+05
5.432503e-03  2.998017e+05
5.495409e-03  2.915458e+05
5.500000e-03  2.909583e+05
5.623413e-03  2.757449e+05
5.754399e-03  2.606839e+05
5.821032e-03  2.534963e+05
5.888437e-03  2.464856e+05
5.956621e-03  2.396405e+05
5.960000e-03  2.393085e+05
6.025596e-03  2.329745e+05
6.095369e-03  2.265008e+05
6.165950e-03  2.202173e+05
6.237348e-03  2.141003e+05
6.309573e-03  2.081638e+05
6.382635e-03  2.023565e+05
6.500000e-03  1.935133e+05
6.531306e-03  1.912382e+05
6.606934e-03  1.858753e+05
6.683439e-03  1.806595e+05
6.760830e-03  1.755999e+05
6.800000e-03  1.731175e+05
6.839116e-03  1.706762e+05
6.918310e-03  1.658847e+05
7.000000e-03  1.611318e+05
7.079458e-03  1.566570e+05
7.161434e-03  1.522290e+05
7.244360e-03  1.479343e+05
7.328245e-03  1.437590e+05
7.378200e-03  1.413236e+05
7.413102e-03  1.396562e+05
7.498942e-03  1.356678e+05
7.585776e-03  1.317996e+05
7.673615e-03  1.280442e+05
7.852356e-03  1.208654e+05
7.943282e-03  1.174380e+05
8.035261e-03  1.141130e+05
8.128305e-03  1.108806e+05
8.222426e-03  1.077369e+05
8.317638e-03  1.046872e+05
8.413951e-03  1.017251e+05
8.511380e-03  9.885162e+04
8.609938e-03  9.604645e+04
8.709636e-03  9.330168e+04
8.720000e-03  9.302211e+04
8.810489e-03  9.062082e+04
8.912509e-03  8.802018e+04
9.015711e-03  8.549829e+04
9.120108e-03  8.305134e+04
9.225714e-03  8.067410e+04
9.332543e-03  7.835617e+04
9.440609e-03  7.608564e+04
9.660509e-03  7.174593e+04
9.772372e-03  6.967499e+04
9.885531e-03  6.766521e+04
1.011579e-02  6.382751e+04
1.023293e-02  6.199454e+04
1.035142e-02  6.020825e+04
1.047129e-02  5.847594e+04
1.059254e-02  5.679578e+04
1.083927e-02  5.357658e+04
1.096478e-02  5.203190e+04
1.122018e-02  4.904526e+04
1.135011e-02  4.762015e+04
1.148154e-02  4.623881e+04
1.150000e-02  4.604943e+04
1.161449e-02  4.489533e+04
1.174898e-02  4.359095e+04
1.188502e-02  4.232181e+04
1.190000e-02  4.218532e+04
1.202264e-02  4.109046e+04
1.216186e-02  3.989144e+04
1.230269e-02  3.872935e+04
1.244515e-02  3.760299e+04
1.258925e-02  3.650610e+04
1.273503e-02  3.544290e+04
1.288250e-02  3.440731e+04
1.303167e-02  3.340352e+04
1.318257e-02  3.242980e+04
1.333521e-02  3.148447e+04
1.348963e-02  3.056729e+04
1.364583e-02  2.967824e+04
1.380384e-02  2.881645e+04
1.400000e-02  2.778422e+04
1.412538e-02  2.714810e+04
1.428894e-02  2.634832e+04
1.445440e-02  2.557332e+04
1.462177e-02  2.482208e+04
1.479108e-02  2.409394e+04
1.496236e-02  2.338624e+04
1.500000e-02  2.323463e+04
1.513561e-02  2.269952e+04
1.531087e-02  2.203328e+04
1.548817e-02  2.138750e+04
1.566751e-02  2.076134e+04
1.580000e-02  2.031551e+04
1.584893e-02  2.015358e+04
1.603245e-02  1.956119e+04
1.621810e-02  1.898240e+04
1.640590e-02  1.842149e+04
1.659587e-02  1.787790e+04
1.674300e-02  1.747250e+04
1.674300e-02  4.173827e+04
1.678804e-02  4.146200e+04
1.686000e-02  4.102591e+04
1.698244e-02  4.029882e+04
1.700000e-02  4.019602e+04
1.717908e-02  3.909928e+04
1.737801e-02  3.792858e+04
1.757924e-02  3.679322e+04
1.770000e-02  3.613195e+04
1.778279e-02  3.567682e+04
1.798871e-02  3.457875e+04
1.800000e-02  3.451991e+04
1.819701e-02  3.351429e+04
1.820000e-02  3.349934e+04
1.840772e-02  3.249677e+04
1.862087e-02  3.150958e+04
1.883649e-02  3.055292e+04
1.905461e-02  2.962563e+04
1.927525e-02  2.872696e+04
1.930000e-02  2.862840e+04
1.972423e-02  2.697937e+04
1.995262e-02  2.614578e+04
2.018366e-02  2.533813e+04
2.040200e-02  2.460630e+04
2.040200e-02  3.473809e+04
2.041738e-02  3.467283e+04
2.065380e-02  3.368797e+04
2.089296e-02  3.268730e+04
2.111300e-02  3.180241e+04
2.111300e-02  3.673432e+04
2.113489e-02  3.663671e+04
2.120000e-02  3.634839e+04
2.126000e-02  3.608549e+04
2.137962e-02  3.558384e+04
2.162719e-02  3.456183e+04
2.187762e-02  3.356999e+04
2.200000e-02  3.310001e+04
2.213095e-02  3.261046e+04
2.238721e-02  3.168747e+04
2.264644e-02  3.077846e+04
2.300000e-02  2.959711e+04
2.317395e-02  2.904572e+04
2.344229e-02  2.821449e+04
2.371374e-02  2.740784e+04
2.398833e-02  2.662356e+04
2.400000e-02  2.659094e+04
2.426610e-02  2.585437e+04
2.454709e-02  2.509914e+04
2.511886e-02  2.365531e+04
2.540973e-02  2.296570e+04
2.570396e-02  2.229681e+04
2.600160e-02  2.164729e+04
2.630268e-02  2.101711e+04
2.691535e-02  1.981490e+04
2.722701e-02  1.923996e+04
2.754229e-02  1.868199e+04
2.786121e-02  1.814018e+04
2.800000e-02  1.791063e+04
2.818383e-02  1.761280e+04
2.884032e-02  1.659704e+04
2.900000e-02  1.636258e+04
2.917427e-02  1.611194e+04
2.985383e-02  1.517918e+04
3.000000e-02  1.498835e+04
3.019952e-02  1.473323e+04
3.090295e-02  1.388025e+04
3.126079e-02  1.347285e+04
3.162278e-02  1.307772e+04
3.198895e-02  1.269241e+04
3.230000e-02  1.237529e+04
3.235937e-02  1.231565e+04
3.273407e-02  1.194834e+04
3.300000e-02  1.169687e+04
3.311311e-02  1.159207e+04
3.349654e-02  1.124645e+04
3.427678e-02  1.058660e+04
3.467369e-02  1.027163e+04
3.500000e-02  1.002212e+04
3.548134e-02  9.669014e+03
3.589219e-02  9.381315e+03
3.630781e-02  9.102311e+03
3.715352e-02  8.569555e+03
3.758374e-02  8.315275e+03
3.845918e-02  7.829565e+03
3.890451e-02  7.596125e+03
3.935501e-02  7.369608e+03
4.000000e-02  7.061528e+03
4.027170e-02  6.936226e+03
4.073803e-02  6.728352e+03
4.120975e-02  6.526679e+03
4.168694e-02  6.329671e+03
4.216965e-02  6.138756e+03
4.265795e-02  5.953727e+03
4.315191e-02  5.774408e+03
4.365158e-02  5.600624e+03
4.466836e-02  5.268919e+03
4.518559e-02  5.110646e+03
4.570882e-02  4.957240e+03
4.623810e-02  4.808416e+03
4.677351e-02  4.663997e+03
4.731513e-02  4.523576e+03
4.786301e-02  4.387482e+03
4.800000e-02  4.354343e+03
4.841724e-02  4.255448e+03
4.897788e-02  4.126807e+03
5.011872e-02  3.881318e+03
5.069907e-02  3.763688e+03
5.188000e-02  3.539267e+03
5.248075e-02  3.432243e+03
5.308844e-02  3.328530e+03
5.370318e-02  3.227333e+03
5.432503e-02  3.129099e+03
5.495409e-02  3.033919e+03
5.623413e-02  2.852301e+03
5.688529e-02  2.765599e+03
5.754399e-02  2.681578e+03
5.821032e-02  2.600161e+03
5.888437e-02  2.521269e+03
5.956621e-02  2.444823e+03
6.025596e-02  2.370744e+03
6.165950e-02  2.228893e+03
6.237348e-02  2.161253e+03
6.309573e-02  2.095495e+03
6.382635e-02  2.031729e+03
6.456542e-02  1.969476e+03
6.531306e-02  1.909164e+03
6.606934e-02  1.850725e+03
6.683439e-02  1.794099e+03
6.760830e-02  1.739198e+03
6.839116e-02  1.686005e+03
6.998420e-02  1.584545e+03
7.079458e-02  1.536174e+03
7.328245e-02  1.399908e+03
7.498942e-02  1.315979e+03
7.500000e-02  1.315481e+03
7.673615e-02  1.236495e+03
7.762471e-02  1.198551e+03
7.852356e-02  1.161708e+03
7.943282e-02  1.126013e+03
8.035261e-02  1.091429e+03
8.128305e-02  1.057904e+03
8.222426e-02  1.025427e+03
8.413951e-02  9.634837e+02
8.609938e-02  9.053495e+02
8.709636e-02  8.776360e+02
8.810489e-02  8.506549e+02
9.015711e-02  7.991971e+02
9.120108e-02  7.746675e+02
9.225714e-02  7.508647e+02
9.332543e-02  7.277995e+02
9.772372e-02  6.425154e+02
1.000000e-01  6.037468e+02
1.011580e-01  5.852607e+02
1.023293e-01  5.672558e+02
1.035142e-01  5.497968e+02
1.059254e-01  5.164970e+02
1.071519e-01  5.006160e+02
1.096478e-01  4.703244e+02
1.109175e-01  4.558835e+02
1.122019e-01  4.418929e+02
1.130800e-01  4.326593e+02
1.130800e-01  1.859327e+03
1.142000e-01  1.815039e+03
1.146000e-01  1.796243e+03
1.148154e-01  1.788708e+03
1.153000e-01  1.771924e+03
1.165000e-01  1.722581e+03
1.180000e-01  1.672033e+03
1.188502e-01  1.640998e+03
1.202264e-01  1.592429e+03
1.216186e-01  1.545246e+03
1.220000e-01  1.532659e+03
1.230269e-01  1.501147e+03
1.273503e-01  1.378031e+03
1.288250e-01  1.337678e+03
1.303167e-01  1.298512e+03
1.333521e-01  1.223602e+03
1.348963e-01  1.187788e+03
1.364583e-01  1.153028e+03
1.380384e-01  1.119289e+03
1.396368e-01  1.086542e+03
1.428894e-01  1.023903e+03
1.445440e-01  9.941989e+02
1.479108e-01  9.373504e+02
1.496236e-01  9.101605e+02
1.500000e-01  9.043283e+02
1.531088e-01  8.580916e+02
1.548817e-01  8.331899e+02
1.584893e-01  7.855420e+02
1.603245e-01  7.627637e+02
1.621810e-01  7.404372e+02
1.640590e-01  7.187663e+02
1.659587e-01  6.977422e+02
1.737801e-01  6.196363e+02
1.757924e-01  6.015203e+02
1.778279e-01  5.839365e+02
1.819701e-01  5.502991e+02
1.862087e-01  5.186086e+02
1.883649e-01  5.034563e+02
1.905461e-01  4.887479e+02
1.927525e-01  4.744709e+02
1.949845e-01  4.606123e+02
1.995262e-01  4.341020e+02
2.000000e-01  4.314609e+02
2.018366e-01  4.214323e+02
2.041738e-01  4.091333e+02
2.065380e-01  3.971960e+02
2.137962e-01  3.634596e+02
2.187762e-01  3.425798e+02
2.264644e-01  3.134931e+02
2.290868e-01  3.043591e+02
2.317395e-01  2.954921e+02
2.344229e-01  2.868843e+02
2.371374e-01  2.785276e+02
2.398833e-01  2.704196e+02
2.454709e-01  2.549062e+02
2.483133e-01  2.474872e+02
2.511886e-01  2.402897e+02
2.540973e-01  2.333815e+02
2.570396e-01  2.266737e+02
2.600160e-01  2.201596e+02
2.630268e-01  2.138332e+02
2.660725e-01  2.076907e+02
2.722701e-01  1.959325e+02
2.754229e-01  1.903058e+02
2.786121e-01  1.848443e+02
2.818383e-01  1.795399e+02
2.851018e-01  1.743881e+02
2.884032e-01  1.693842e+02
2.917427e-01  1.645244e+02
2.951209e-01  1.598077e+02
3.000000e-01  1.533228e+02
3.019952e-01  1.507767e+02
3.054921e-01  1.465154e+02
3.090295e-01  1.423822e+02
3.126079e-01  1.383664e+02
3.162278e-01  1.344642e+02
3.198895e-01  1.306744e+02
3.235937e-01  1.269920e+02
3.273407e-01  1.234149e+02
3.311311e-01  1.199387e+02
3.311800e-01  1.198948e+02
3.349654e-01  1.165606e+02
3.388442e-01  1.132777e+02
3.427678e-01  1.100902e+02
3.507519e-01  1.039821e+02
3.548134e-01  1.010571e+02
3.589219e-01  9.825890e+01
3.630781e-01  9.553975e+01
3.672823e-01  9.289618e+01
3.715352e-01  9.032598e+01
3.758374e-01  8.783110e+01
3.801894e-01  8.540527e+01
3.845918e-01  8.304657e+01
3.890451e-01  8.075345e+01
3.935501e-01  7.852645e+01
4.027170e-01  7.425536e+01
4.073803e-01  7.220965e+01
4.120975e-01  7.025943e+01
4.168694e-01  6.836197e+01
4.216965e-01  6.651604e+01
4.265795e-01  6.472004e+01
4.315191e-01  6.297259e+01
4.365158e-01  6.127243e+01
4.415705e-01  5.962167e+01
4.518559e-01  5.645560e+01
4.570882e-01  5.493759e+01
4.623810e-01  5.346144e+01
4.677351e-01  5.202506e+01
4.731513e-01  5.065250e+01
4.786301e-01  4.931633e+01
4.841724e-01  4.801545e+01
4.954502e-01  4.551588e+01
5.000000e-01  4.456008e+01
5.011872e-01  4.431541e+01
5.069907e-01  4.314852e+01
5.128614e-01  4.201482e+01
5.188000e-01  4.091120e+01
5.248075e-01  3.983683e+01
5.308844e-01  3.879126e+01
5.370318e-01  3.779237e+01
5.432503e-01  3.681933e+01
5.495409e-01  3.587137e+01
5.559043e-01  3.494785e+01
5.623413e-01  3.404876e+01
5.688529e-01  3.317367e+01
5.754399e-01  3.232110e+01
5.821032e-01  3.149068e+01
5.888437e-01  3.068161e+01
5.956621e-01  2.989517e+01
6.000000e-01  2.940991e+01
6.025596e-01  2.912890e+01
6.095369e-01  2.839999e+01
6.165950e-01  2.768972e+01
6.237348e-01  2.699761e+01
6.309573e-01  2.632292e+01
6.382635e-01  2.566581e+01
6.456542e-01  2.502515e+01
6.531306e-01  2.440050e+01
6.606935e-01  2.379161e+01
6.683439e-01  2.319794e+01
6.760830e-01  2.261912e+01
6.804800e-01  2.229960e+01
6.839117e-01  2.205533e+01
6.918310e-01  2.151793e+01
6.998420e-01  2.099383e+01
7.079458e-01  2.048329e+01
7.161434e-01  1.998520e+01
7.244360e-01  1.949924e+01
7.328245e-01  1.902511e+01
7.413102e-01  1.856263e+01
7.498942e-01  1.811141e+01
7.585776e-01  1.767119e+01
7.673615e-01  1.724187e+01
7.682800e-01  1.719787e+01
7.762471e-01  1.682304e+01
7.852356e-01  1.641544e+01
7.943282e-01  1.602650e+01
8.035261e-01  1.564685e+01
8.128305e-01  1.527639e+01
8.222427e-01  1.491471e+01
8.317638e-01  1.456160e+01
8.413951e-01  1.421695e+01
8.511380e-01  1.388048e+01
8.609938e-01  1.355198e+01
8.611500e-01  1.354687e+01
8.709636e-01  1.323149e+01
8.810489e-01  1.291864e+01
8.912509e-01  1.261431e+01
9.015711e-01  1.231715e+01
9.120108e-01  1.202707e+01
9.225714e-01  1.175008e+01
9.332543e-01  1.147968e+01
9.440609e-01  1.121557e+01
9.549926e-01  1.095755e+01
9.660509e-01  1.070551e+01
9.772372e-01  1.045964e+01
9.885531e-01  1.021963e+01
1.000000e+00  9.985267e+00
1.011579e+00  9.756847e+00
1.023293e+00  9.538480e+00
1.035142e+00  9.325116e+00
1.047129e+00  9.116533e+00
1.059254e+00  8.913071e+00
1.071519e+00  8.714157e+00
1.083927e+00  8.519706e+00
1.096478e+00  8.329670e+00
1.109175e+00  8.143866e+00
1.122018e+00  7.962220e+00
1.135011e+00  7.784611e+00
1.148154e+00  7.611109e+00
1.161449e+00  7.441688e+00
1.188502e+00  7.114158e+00
1.202264e+00  6.955839e+00
1.216186e+00  6.801512e+00
1.230269e+00  6.654517e+00
1.244515e+00  6.510790e+00
1.250000e+00  6.456714e+00
1.258925e+00  6.370178e+00
1.273503e+00  6.232638e+00
1.288250e+00  6.098223e+00
1.303167e+00  5.966714e+00
1.318257e+00  5.838040e+00
1.333521e+00  5.712147e+00
1.348963e+00  5.588959e+00
1.364583e+00  5.468908e+00
1.380384e+00  5.354376e+00
1.396368e+00  5.242242e+00
1.412538e+00  5.132469e+00
1.428894e+00  5.025011e+00
1.496236e+00  4.617567e+00
1.500000e+00  4.596313e+00
1.513561e+00  4.520980e+00
1.531087e+00  4.426412e+00
1.548817e+00  4.336691e+00
1.566751e+00  4.248816e+00
1.640590e+00  3.914755e+00
1.659587e+00  3.835430e+00
1.678804e+00  3.757716e+00
1.698244e+00  3.681651e+00
1.717908e+00  3.607161e+00
1.737801e+00  3.534182e+00
1.757924e+00  3.464838e+00
1.778279e+00  3.396860e+00
1.798871e+00  3.330229e+00
1.819701e+00  3.264907e+00
1.840772e+00  3.200866e+00
1.862087e+00  3.138082e+00
1.883649e+00  3.076530e+00
1.905461e+00  3.016189e+00
1.927525e+00  2.957033e+00
1.949845e+00  2.899128e+00
1.972423e+00  2.842366e+00
1.995262e+00  2.786904e+00
2.000000e+00  2.775910e+00
2.018366e+00  2.733944e+00
2.041738e+00  2.682003e+00
2.044000e+00  2.677060e+00
2.065380e+00  2.631051e+00
2.089296e+00  2.581067e+00
2.113489e+00  2.532032e+00
2.137962e+00  2.483929e+00
2.187762e+00  2.390455e+00
2.213095e+00  2.345117e+00
2.238721e+00  2.300647e+00
2.264644e+00  2.257019e+00
2.290868e+00  2.215489e+00
2.317395e+00  2.174758e+00
2.344229e+00  2.134787e+00
2.371374e+00  2.095550e+00
2.398833e+00  2.057035e+00
2.426610e+00  2.019228e+00
2.454709e+00  1.982115e+00
2.511886e+00  1.909932e+00
2.540973e+00  1.874886e+00
2.570396e+00  1.840490e+00
2.600160e+00  1.806725e+00
2.630268e+00  1.774590e+00
2.660725e+00  1.743051e+00
2.691535e+00  1.712081e+00
2.722701e+00  1.681661e+00
2.754229e+00  1.651782e+00
2.786121e+00  1.622434e+00
2.818383e+00  1.593608e+00
2.884032e+00  1.537486e+00
2.917427e+00  1.510216e+00
2.951209e+00  1.483432e+00
3.000000e+00  1.446103e+00
3.019952e+00  1.431724e+00
3.054921e+00  1.407107e+00
3.090295e+00  1.382921e+00
3.126079e+00  1.359150e+00
3.162278e+00  1.335787e+00
3.198895e+00  1.312827e+00
3.235937e+00  1.290261e+00
3.349654e+00  1.224870e+00
3.388442e+00  1.203851e+00
3.427678e+00  1.183197e+00
3.467369e+00  1.162896e+00
3.507519e+00  1.143532e+00
3.548134e+00  1.124505e+00
3.589219e+00  1.105799e+00
3.630781e+00  1.087405e+00
3.672823e+00  1.069317e+00
3.715352e+00  1.051530e+00
3.758374e+00  1.034039e+00
3.890451e+00  9.832960e-01
3.935501e+00  9.669668e-01
4.000000e+00  9.443744e-01
4.027170e+00  9.351227e-01
4.073803e+00  9.200530e-01
4.120975e+00  9.052380e-01
4.168694e+00  8.906651e-01
4.216965e+00  8.763272e-01
4.265795e+00  8.622200e-01
4.315191e+00  8.483399e-01
4.365158e+00  8.346835e-01
4.415704e+00  8.212468e-01
4.570882e+00  7.822239e-01
4.623810e+00  7.696530e-01
4.677351e+00  7.572857e-01
4.731513e+00  7.451171e-01
4.786301e+00  7.334994e-01
4.841724e+00  7.220717e-01
4.897788e+00  7.108251e-01
4.954502e+00  6.997536e-01
5.011872e+00  6.888548e-01
5.069907e+00  6.781256e-01
5.128614e+00  6.675635e-01
5.188000e+00  6.571661e-01
5.432503e+00  6.171740e-01
5.495409e+00  6.075773e-01
5.559043e+00  5.981313e-01
5.623413e+00  5.888323e-01
5.688529e+00  5.799507e-01
5.754399e+00  5.712100e-01
5.821032e+00  5.626033e-01
5.888437e+00  5.541263e-01
5.956621e+00  5.457772e-01
6.025596e+00  5.375538e-01
6.095369e+00  5.294544e-01
6.165950e+00  5.214770e-01
6.456542e+00  4.907541e-01
6.531306e+00  4.833718e-01
6.606934e+00  4.761017e-01
6.683439e+00  4.689409e-01
6.760830e+00  4.620825e-01
6.839116e+00  4.553294e-01
6.918310e+00  4.486765e-01
7.079458e+00  4.356611e-01
7.161434e+00  4.292957e-01
7.244360e+00  4.230233e-01
7.328245e+00  4.168426e-01
7.413102e+00  4.107522e-01
7.852356e+00  3.816115e-01
7.943282e+00  3.760455e-01
8.035261e+00  3.705607e-01
8.128305e+00  3.652914e-01
8.222427e+00  3.601178e-01
8.317638e+00  3.550188e-01
8.511380e+00  3.450363e-01
8.609938e+00  3.401508e-01
8.709636e+00  3.353346e-01
8.810489e+00  3.305865e-01
8.912509e+00  3.259058e-01
9.440609e+00  3.034791e-01
9.549926e+00  2.991889e-01
9.660509e+00  2.949594e-01
9.772372e+00  2.908806e-01
9.885531e+00  2.868716e-01
1.011579e+01  2.790205e-01
1.047129e+01  2.676444e-01
1.071519e+01  2.603196e-01
1.083927e+01  2.567325e-01
1.109175e+01  2.497062e-01
1.122018e+01  2.462656e-01
1.161449e+01  2.362259e-01
1.174898e+01  2.329759e-01
1.188502e+01  2.298394e-01
1.202264e+01  2.267556e-01
1.230269e+01  2.207127e-01
1.244515e+01  2.177520e-01
1.318257e+01  2.035336e-01
1.348963e+01  1.981097e-01
1.364583e+01  1.954523e-01
1.380384e+01  1.928304e-01
1.396368e+01  1.902438e-01
1.412538e+01  1.876918e-01
1.428894e+01  1.851774e-01
1.445440e+01  1.827482e-01
1.462177e+01  1.803529e-01
1.531087e+01  1.710813e-01
1.603245e+01  1.622863e-01
1.698244e+01  1.519256e-01
1.717908e+01  1.499343e-01
1.737801e+01  1.479691e-01
1.757924e+01  1.460387e-01
1.862087e+01  1.369386e-01
2.137962e+01  1.173450e-01
2.213095e+01  1.129014e-01
2.238721e+01  1.114579e-01
2.264644e+01  1.100357e-01
2.290868e+01  1.086345e-01
2.426610e+01  1.020019e-01
2.454709e+01  1.007248e-01
2.851018e+01  8.550716e-02
2.917427e+01  8.337940e-02
2.951209e+01  8.233756e-02
2.985383e+01  8.131103e-02
3.162278e+01  7.645153e-02
3.273407e+01  7.367637e-02
4.000000e+01  5.944674e-02
4.027170e+01  5.901749e-02
4.120975e+01  5.758050e-02
4.168694e+01  5.687598e-02
4.216965e+01  5.618194e-02
4.518559e+01  5.225320e-02
4.731513e+01  4.978787e-02
5.821032e+01  4.005643e-02
5.888437e+01  3.957536e-02
5.956621e+01  3.910008e-02
6.025596e+01  3.863050e-02
6.095369e+01  3.816659e-02
6.165950e+01  3.770865e-02
6.237348e+01  3.725717e-02
6.309573e+01  3.681111e-02
6.918310e+01  3.347066e-02
7.413102e+01  3.116580e-02
9.225714e+01  2.486317e-02
9.332543e+01  2.456927e-02
9.549926e+01  2.399184e-02
9.660509e+01  2.370834e-02
9.772372e+01  2.342831e-02
9.885531e+01  2.315206e-02
1.161449e+02  1.964313e-02
1.318257e+02  1.726344e-02
1.757924e+02  1.287257e-02
1.778279e+02  1.272233e-02
1.819701e+02  1.242710e-02
1.840772e+02  1.228209e-02
1.862087e+02  1.213882e-02
1.883649e+02  1.199722e-02
1.905461e+02  1.185851e-02
2.317395e+02  9.731313e-03
2.630268e+02  8.562803e-03
3.507519e+02  6.402556e-03
3.548134e+02  6.328531e-03
3.630781e+02  6.183038e-03
3.672823e+02  6.111560e-03
3.715352e+02  6.040922e-03
3.758374e+02  5.971104e-03
3.801894e+02  5.902485e-03
4.623810e+02  4.849540e-03
5.248075e+02  4.270553e-03
1.396368e+03  1.598868e-03
1.412538e+03  1.580493e-03
1.445440e+03  1.544377e-03
1.462177e+03  1.526632e-03
1.479108e+03  1.509092e-03
1.496236e+03  1.491753e-03
1.513561e+03  1.474672e-03
1.840772e+03  1.212462e-03
2.089296e+03  1.068195e-03
1.000000e+05  2.229030e-05
-1  -1
-2  -2
