6.190000e-06 0.000000e+00
6.190000e-06  1.365908e+06
6.606934e-06  9.632778e+05
6.900000e-06  7.583500e+05
7.161434e-06  6.144819e+05
7.413102e-06  5.025440e+05
7.700000e-06  4.003210e+05
7.780000e-06  3.755477e+05
7.780000e-06  6.246356e+06
7.943282e-06  6.378202e+06
8.070000e-06  6.485006e+06
8.070000e-06  1.021163e+07
8.222426e-06  1.044595e+07
8.500000e-06  1.088709e+07
8.700000e-06  1.121551e+07
8.770000e-06  1.132805e+07
9.015711e-06  1.172942e+07
9.280000e-06  1.217193e+07
9.332543e-06  1.226107e+07
9.500000e-06  1.253073e+07
9.700000e-06  1.285686e+07
9.930000e-06  1.323704e+07
1.011579e-05  1.354781e+07
1.015000e-05  1.360137e+07
1.035142e-05  1.391820e+07
1.055000e-05  1.423314e+07
1.077000e-05  1.458480e+07
1.100000e-05  1.495531e+07
1.109175e-05  1.509738e+07
1.122018e-05  1.529174e+07
1.142000e-05  1.559524e+07
1.168800e-05  1.600431e+07
1.216186e-05  1.673266e+07
1.230269e-05  1.693588e+07
1.250000e-05  1.722111e+07
1.265000e-05  1.743829e+07
1.275000e-05  1.758324e+07
1.287500e-05  1.776460e+07
1.295000e-05  1.787350e+07
1.305000e-05  1.801881e+07
1.315000e-05  1.816422e+07
1.325000e-05  1.830974e+07
1.333521e-05  1.843381e+07
1.342000e-05  1.855735e+07
1.350000e-05  1.867397e+07
1.357000e-05  1.876981e+07
1.365000e-05  1.887937e+07
1.372000e-05  1.897524e+07
1.380384e-05  1.909007e+07
1.391300e-05  1.923961e+07
1.400000e-05  1.935880e+07
1.412538e-05  1.953060e+07
1.425000e-05  1.970138e+07
1.440000e-05  1.990696e+07
1.455000e-05  2.011256e+07
1.479108e-05  2.044303e+07
1.531087e-05  2.115562e+07
1.560000e-05  2.152726e+07
1.590000e-05  2.191241e+07
1.621810e-05  2.232030e+07
1.650000e-05  2.268132e+07
1.680000e-05  2.306507e+07
1.698244e-05  2.329820e+07
1.710000e-05  2.344379e+07
1.717908e-05  2.354165e+07
1.740000e-05  2.380127e+07
1.778279e-05  2.424999e+07
1.819701e-05  2.473399e+07
1.862087e-05  2.522762e+07
1.905461e-05  2.567961e+07
1.950000e-05  2.614126e+07
2.000000e-05  2.665661e+07
2.055000e-05  2.714042e+07
2.113489e-05  2.765010e+07
2.170000e-05  2.804156e+07
2.230000e-05  2.845195e+07
2.238721e-05  2.849506e+07
2.317395e-05  2.887932e+07
2.330000e-05  2.894013e+07
2.400000e-05  2.913504e+07
2.426610e-05  2.920795e+07
2.500000e-05  2.924902e+07
2.528300e-05  2.926453e+07
2.610000e-05  2.913815e+07
2.691535e-05  2.885892e+07
2.730000e-05  2.864832e+07
2.786121e-05  2.834897e+07
2.851018e-05  2.787626e+07
2.870000e-05  2.774149e+07
2.951209e-05  2.703010e+07
3.000000e-05  2.653067e+07
3.040000e-05  2.613398e+07
3.126079e-05  2.516825e+07
3.162278e-05  2.471587e+07
3.230000e-05  2.390441e+07
3.330000e-05  2.261774e+07
3.350000e-05  2.234342e+07
3.427678e-05  2.132370e+07
3.540000e-05  1.982437e+07
3.570000e-05  1.941353e+07
3.650000e-05  1.837468e+07
3.770000e-05  1.684067e+07
3.801894e-05  1.643223e+07
3.900000e-05  1.525638e+07
4.030000e-05  1.376840e+07
4.073803e-05  1.328058e+07
4.168694e-05  1.229845e+07
4.315191e-05  1.088298e+07
4.400000e-05  1.011739e+07
4.475300e-05  9.494043e+06
4.623810e-05  8.344525e+06
4.655000e-05  8.114426e+06
4.655000e-05  1.145158e+07
4.710000e-05  1.100904e+07
4.770000e-05  1.053185e+07
4.786301e-05  1.040186e+07
4.850000e-05  9.894281e+06
4.950000e-05  9.136481e+06
4.954502e-05  9.103259e+06
4.960000e-05  9.061388e+06
4.960000e-05  1.064102e+07
5.011872e-05  1.024482e+07
5.069907e-05  9.813886e+06
5.128614e-05  9.387065e+06
5.188000e-05  8.960214e+06
5.190000e-05  8.946077e+06
5.279400e-05  8.334878e+06
5.300000e-05  8.199667e+06
5.370318e-05  7.746477e+06
5.400000e-05  7.562505e+06
5.450000e-05  7.261949e+06
5.500000e-05  6.968600e+06
5.580000e-05  6.525856e+06
5.623413e-05  6.298164e+06
5.650000e-05  6.159884e+06
5.800000e-05  5.440573e+06
5.850000e-05  5.218939e+06
5.900000e-05  5.006766e+06
5.956621e-05  4.778384e+06
6.095369e-05  4.260933e+06
6.237348e-05  3.790093e+06
6.400000e-05  3.318582e+06
6.531306e-05  2.982248e+06
6.580000e-05  2.869462e+06
6.606934e-05  2.808076e+06
6.760830e-05  2.487460e+06
6.839116e-05  2.339332e+06
6.950000e-05  2.150528e+06
7.079458e-05  1.950662e+06
7.161434e-05  1.838160e+06
7.328245e-05  1.632181e+06
7.350000e-05  1.608019e+06
7.400000e-05  1.553977e+06
7.500000e-05  1.452394e+06
7.585000e-05  1.375115e+06
7.585000e-05  1.547524e+06
7.585776e-05  1.546865e+06
7.736000e-05  1.427399e+06
7.762471e-05  1.408427e+06
7.950000e-05  1.286215e+06
8.000000e-05  1.257243e+06
8.035261e-05  1.237686e+06
8.080000e-05  1.214011e+06
8.150000e-05  1.178805e+06
8.222426e-05  1.145683e+06
8.230000e-05  1.142290e+06
8.300000e-05  1.112051e+06
8.400000e-05  1.072586e+06
8.413951e-05  1.067535e+06
8.511380e-05  1.034054e+06
8.530000e-05  1.027943e+06
8.650000e-05  9.913708e+05
8.738900e-05  9.677407e+05
8.770000e-05  9.600792e+05
8.830000e-05  9.458766e+05
8.868500e-05  9.371821e+05
8.912509e-05  9.276030e+05
8.970000e-05  9.161504e+05
9.000000e-05  9.104026e+05
9.015711e-05  9.075002e+05
9.070000e-05  8.979357e+05
9.120108e-05  8.894569e+05
9.150000e-05  8.846459e+05
9.225714e-05  8.729292e+05
9.230000e-05  8.723406e+05
9.240200e-05  8.709892e+05
9.332543e-05  8.592548e+05
9.440609e-05  8.468831e+05
9.500000e-05  8.407549e+05
9.549926e-05  8.357969e+05
9.660509e-05  8.267824e+05
9.772372e-05  8.187301e+05
9.900000e-05  8.111325e+05
1.000000e-04  8.066299e+05
1.005000e-04  8.046999e+05
1.015000e-04  8.012843e+05
1.020000e-04  7.997488e+05
1.023293e-04  7.988545e+05
1.030000e-04  7.973036e+05
1.040000e-04  7.956116e+05
1.050000e-04  7.942906e+05
1.060000e-04  7.932879e+05
1.071519e-04  7.933252e+05
1.096478e-04  7.943566e+05
1.100000e-04  7.946576e+05
1.109175e-04  7.953416e+05
1.135011e-04  7.988502e+05
1.150000e-04  8.015543e+05
1.170000e-04  8.051902e+05
1.174898e-04  8.062360e+05
1.190000e-04  8.095637e+05
1.205000e-04  8.127540e+05
1.220000e-04  8.159141e+05
1.244515e-04  8.212312e+05
1.258925e-04  8.242761e+05
1.280000e-04  8.284660e+05
1.288250e-04  8.301406e+05
1.318257e-04  8.357762e+05
1.330000e-04  8.376856e+05
1.350000e-04  8.405341e+05
1.365000e-04  8.426652e+05
1.390000e-04  8.458080e+05
1.396368e-04  8.465342e+05
1.400000e-04  8.468925e+05
1.430000e-04  8.492639e+05
1.445440e-04  8.503220e+05
1.450000e-04  8.506433e+05
1.480000e-04  8.520580e+05
1.500000e-04  8.524716e+05
1.531087e-04  8.524989e+05
1.548817e-04  8.520943e+05
1.580000e-04  8.508192e+05
1.584893e-04  8.505789e+05
1.611900e-04  8.489279e+05
1.650000e-04  8.459491e+05
1.670000e-04  8.441685e+05
1.678804e-04  8.432264e+05
1.698244e-04  8.409432e+05
1.717908e-04  8.384607e+05
1.737801e-04  8.357682e+05
1.757924e-04  8.327859e+05
1.778279e-04  8.298332e+05
1.800000e-04  8.265301e+05
1.840772e-04  8.198144e+05
1.850000e-04  8.182282e+05
1.862087e-04  8.160331e+05
1.880000e-04  8.126419e+05
1.930000e-04  8.026741e+05
1.972423e-04  7.941432e+05
2.000000e-04  7.883156e+05
2.018366e-04  7.843316e+05
2.065380e-04  7.737532e+05
2.113489e-04  7.625053e+05
2.162719e-04  7.510378e+05
2.187762e-04  7.448404e+05
2.213095e-04  7.385980e+05
2.264644e-04  7.258874e+05
2.270000e-04  7.245740e+05
2.317395e-04  7.127019e+05
2.350000e-04  7.045660e+05
2.371374e-04  6.991773e+05
2.398833e-04  6.922875e+05
2.454709e-04  6.781758e+05
2.540973e-04  6.567593e+05
2.570396e-04  6.493423e+05
2.600160e-04  6.419247e+05
2.630700e-04  6.343283e+05
2.630700e-04  7.626401e+05
2.641000e-04  7.603974e+05
2.652000e-04  7.588093e+05
2.662000e-04  7.584021e+05
2.670100e-04  7.589922e+05
2.670100e-04  8.486802e+05
2.677000e-04  8.497205e+05
2.685000e-04  8.525068e+05
2.690000e-04  8.550772e+05
2.691535e-04  8.559988e+05
2.692000e-04  8.562753e+05
2.697000e-04  8.599642e+05
2.700000e-04  8.626282e+05
2.703000e-04  8.655686e+05
2.708000e-04  8.714319e+05
2.710000e-04  8.739901e+05
2.714000e-04  8.798617e+05
2.715000e-04  8.814372e+05
2.721000e-04  8.921519e+05
2.722000e-04  8.940858e+05
2.722701e-04  8.955626e+05
2.727000e-04  9.048501e+05
2.728000e-04  9.072333e+05
2.734000e-04  9.226434e+05
2.735000e-04  9.254004e+05
2.740000e-04  9.406503e+05
2.743000e-04  9.505214e+05
2.746000e-04  9.612431e+05
2.750000e-04  9.765749e+05
2.752000e-04  9.848303e+05
2.754229e-04  9.945319e+05
2.759000e-04  1.016213e+06
2.760000e-04  1.021049e+06
2.766000e-04  1.052340e+06
2.774000e-04  1.099187e+06
2.781000e-04  1.145349e+06
2.786121e-04  1.182510e+06
2.788000e-04  1.196784e+06
2.790000e-04  1.212577e+06
2.796000e-04  1.261479e+06
2.800000e-04  1.296679e+06
2.803000e-04  1.324318e+06
2.807000e-04  1.361499e+06
2.815000e-04  1.442261e+06
2.823000e-04  1.528245e+06
2.830000e-04  1.607431e+06
2.833000e-04  1.643121e+06
2.840000e-04  1.727825e+06
2.850000e-04  1.853380e+06
2.851018e-04  1.866302e+06
2.858000e-04  1.956761e+06
2.861000e-04  1.995555e+06
2.869000e-04  2.102307e+06
2.877000e-04  2.208011e+06
2.880000e-04  2.248625e+06
2.885000e-04  2.314441e+06
2.891000e-04  2.394569e+06
2.895000e-04  2.447106e+06
2.900000e-04  2.512734e+06
2.904000e-04  2.563956e+06
2.912000e-04  2.666579e+06
2.915000e-04  2.704125e+06
2.917427e-04  2.733738e+06
2.923000e-04  2.803288e+06
2.926000e-04  2.839525e+06
2.935000e-04  2.947347e+06
2.945000e-04  3.060722e+06
2.950000e-04  3.116866e+06
2.958000e-04  3.203047e+06
2.965000e-04  3.277139e+06
2.969000e-04  3.317645e+06
2.980000e-04  3.427478e+06
2.995000e-04  3.566079e+06
3.000000e-04  3.611497e+06
3.007000e-04  3.670889e+06
3.022000e-04  3.795910e+06
3.040000e-04  3.932145e+06
3.054921e-04  4.033622e+06
3.057000e-04  4.047958e+06
3.065000e-04  4.100216e+06
3.080000e-04  4.190076e+06
3.090295e-04  4.248770e+06
3.100000e-04  4.299035e+06
3.115000e-04  4.371780e+06
3.126079e-04  4.420293e+06
3.140000e-04  4.476373e+06
3.150000e-04  4.512170e+06
3.165000e-04  4.561488e+06
3.172000e-04  4.581108e+06
3.200000e-04  4.651180e+06
3.235937e-04  4.709734e+06
3.240000e-04  4.714984e+06
3.273407e-04  4.743939e+06
3.280000e-04  4.747733e+06
3.311311e-04  4.754708e+06
3.320000e-04  4.756635e+06
3.335000e-04  4.756207e+06
3.350000e-04  4.751969e+06
3.370000e-04  4.746280e+06
3.390000e-04  4.737408e+06
3.430000e-04  4.712169e+06
3.467369e-04  4.684714e+06
3.507519e-04  4.655575e+06
3.548134e-04  4.617564e+06
3.630781e-04  4.542388e+06
3.672823e-04  4.495613e+06
3.722400e-04  4.441637e+06
3.758374e-04  4.403238e+06
3.801894e-04  4.348482e+06
3.850000e-04  4.289391e+06
3.890451e-04  4.233046e+06
3.981072e-04  4.111447e+06
4.000000e-04  4.085465e+06
4.027170e-04  4.045926e+06
4.073803e-04  3.979381e+06
4.120975e-04  3.913934e+06
4.150000e-04  3.874531e+06
4.216965e-04  3.782954e+06
4.249500e-04  3.737816e+06
4.249500e-04  4.119951e+06
4.315191e-04  4.038961e+06
4.415704e-04  3.921446e+06
4.452400e-04  3.877665e+06
4.452400e-04  4.001439e+06
4.459000e-04  3.999668e+06
4.463000e-04  3.998198e+06
4.466836e-04  3.996464e+06
4.468000e-04  3.995885e+06
4.475000e-04  3.991744e+06
4.485000e-04  3.984844e+06
4.494000e-04  3.978056e+06
4.500000e-04  3.973149e+06
4.505000e-04  3.968850e+06
4.518559e-04  3.956465e+06
4.520000e-04  3.955162e+06
4.535000e-04  3.940874e+06
4.550000e-04  3.926114e+06
4.573000e-04  3.902741e+06
4.595000e-04  3.879728e+06
4.623810e-04  3.848860e+06
4.650000e-04  3.819339e+06
4.655000e-04  3.813579e+06
4.677351e-04  3.787314e+06
4.685000e-04  3.778396e+06
4.700000e-04  3.760606e+06
4.731513e-04  3.721975e+06
4.750000e-04  3.699275e+06
4.786301e-04  3.654148e+06
4.850000e-04  3.577159e+06
4.897788e-04  3.518934e+06
4.954502e-04  3.451834e+06
5.011872e-04  3.383937e+06
5.069907e-04  3.317420e+06
5.150000e-04  3.229060e+06
5.188000e-04  3.187563e+06
5.248075e-04  3.123684e+06
5.334200e-04  3.032213e+06
5.334200e-04  3.165561e+06
5.400000e-04  3.096966e+06
5.440900e-04  3.055398e+06
5.495409e-04  3.001382e+06
5.559043e-04  2.940240e+06
5.623413e-04  2.879444e+06
5.650000e-04  2.854922e+06
5.688529e-04  2.819173e+06
5.754399e-04  2.759589e+06
5.900000e-04  2.634388e+06
5.930000e-04  2.609344e+06
6.000000e-04  2.552271e+06
6.025596e-04  2.531893e+06
6.095369e-04  2.476316e+06
6.100000e-04  2.472696e+06
6.165950e-04  2.421584e+06
6.200000e-04  2.395785e+06
6.237348e-04  2.367853e+06
6.456542e-04  2.211737e+06
6.531306e-04  2.161238e+06
6.606934e-04  2.111969e+06
6.760830e-04  2.015985e+06
6.839116e-04  1.969277e+06
7.000000e-04  1.878446e+06
7.079458e-04  1.835814e+06
7.161434e-04  1.792751e+06
7.328245e-04  1.709369e+06
7.413102e-04  1.668793e+06
7.500000e-04  1.628771e+06
7.585776e-04  1.590455e+06
7.673615e-04  1.552298e+06
7.852356e-04  1.477796e+06
7.943282e-04  1.441982e+06
8.000000e-04  1.420119e+06
8.128305e-04  1.372255e+06
8.317638e-04  1.305526e+06
8.511380e-04  1.241630e+06
8.609938e-04  1.210822e+06
8.810489e-04  1.151613e+06
8.912509e-04  1.122950e+06
9.015711e-04  1.095045e+06
9.120108e-04  1.067695e+06
9.225714e-04  1.040747e+06
9.332543e-04  1.014456e+06
9.440609e-04  9.887945e+05
9.500000e-04  9.751039e+05
9.660509e-04  9.394997e+05
9.772372e-04  9.156518e+05
1.000000e-03  8.694792e+05
1.011579e-03  8.470811e+05
1.023293e-03  8.252078e+05
1.047129e-03  7.832193e+05
1.059254e-03  7.630788e+05
1.071519e-03  7.433577e+05
1.083927e-03  7.241686e+05
1.110000e-03  6.858040e+05
1.122018e-03  6.689780e+05
1.150000e-03  6.321252e+05
1.161449e-03  6.179099e+05
1.174898e-03  6.018111e+05
1.190000e-03  5.843524e+05
1.202264e-03  5.706095e+05
1.230269e-03  5.408655e+05
1.273503e-03  4.989919e+05
1.288250e-03  4.857104e+05
1.303167e-03  4.727890e+05
1.318257e-03  4.601799e+05
1.333521e-03  4.479030e+05
1.348963e-03  4.359005e+05
1.364583e-03  4.242339e+05
1.412538e-03  3.909149e+05
1.428894e-03  3.803668e+05
1.445440e-03  3.700800e+05
1.479108e-03  3.503635e+05
1.513561e-03  3.316592e+05
1.531087e-03  3.227033e+05
1.548817e-03  3.139425e+05
1.584893e-03  2.970010e+05
1.621810e-03  2.809557e+05
1.640590e-03  2.732693e+05
1.659587e-03  2.658036e+05
1.698244e-03  2.514472e+05
1.717908e-03  2.445335e+05
1.737801e-03  2.377712e+05
1.757924e-03  2.311795e+05
1.778279e-03  2.247793e+05
1.819701e-03  2.125099e+05
1.850000e-03  2.041375e+05
1.905461e-03  1.899656e+05
1.949845e-03  1.794927e+05
1.950000e-03  1.794576e+05
1.972423e-03  1.744646e+05
2.018366e-03  1.648458e+05
2.041738e-03  1.602470e+05
2.070000e-03  1.549132e+05
2.113489e-03  1.471707e+05
2.137962e-03  1.430290e+05
2.150000e-03  1.410527e+05
2.162719e-03  1.389895e+05
2.238721e-03  1.275275e+05
2.290868e-03  1.204415e+05
2.344229e-03  1.137624e+05
2.371374e-03  1.105330e+05
2.398833e-03  1.073878e+05
2.400000e-03  1.072569e+05
2.483133e-03  9.843751e+04
2.570396e-03  9.026579e+04
2.630268e-03  8.521096e+04
2.660725e-03  8.276929e+04
2.677600e-03  8.144853e+04
2.677600e-03  2.901591e+05
2.691535e-03  2.863331e+05
2.733000e-03  2.753573e+05
2.786121e-03  2.627625e+05
2.797900e-03  2.599672e+05
2.797900e-03  3.596258e+05
2.818383e-03  3.529584e+05
2.851018e-03  3.426870e+05
2.884032e-03  3.327111e+05
2.917427e-03  3.230265e+05
2.951209e-03  3.138268e+05
2.985383e-03  3.050223e+05
3.000000e-03  3.013595e+05
3.019952e-03  2.963385e+05
3.020000e-03  2.963263e+05
3.022400e-03  2.957192e+05
3.022400e-03  3.391859e+05
3.044000e-03  3.333181e+05
3.162278e-03  3.036161e+05
3.198895e-03  2.951920e+05
3.230000e-03  2.881796e+05
3.235937e-03  2.868642e+05
3.300000e-03  2.730424e+05
3.311311e-03  2.706978e+05
3.349654e-03  2.629570e+05
3.388442e-03  2.554333e+05
3.467369e-03  2.410425e+05
3.507519e-03  2.341588e+05
3.548134e-03  2.274349e+05
3.630781e-03  2.145029e+05
3.715352e-03  2.022503e+05
3.758374e-03  1.963875e+05
3.845918e-03  1.851680e+05
3.900000e-03  1.786862e+05
3.935501e-03  1.745907e+05
4.027170e-03  1.646008e+05
4.120975e-03  1.551957e+05
4.216965e-03  1.463396e+05
4.265795e-03  1.420984e+05
4.300000e-03  1.392297e+05
4.365158e-03  1.339307e+05
4.415704e-03  1.299960e+05
4.466836e-03  1.261852e+05
4.500000e-03  1.237976e+05
4.623810e-03  1.154249e+05
4.677351e-03  1.120496e+05
4.731513e-03  1.087566e+05
4.800000e-03  1.047828e+05
4.841724e-03  1.024475e+05
4.900000e-03  9.930625e+04
4.954502e-03  9.646791e+04
5.011872e-03  9.360186e+04
5.128614e-03  8.812916e+04
5.308844e-03  8.052703e+04
5.432503e-03  7.581842e+04
5.623413e-03  6.918158e+04
5.754399e-03  6.506246e+04
6.000000e-03  5.821645e+04
6.025596e-03  5.756168e+04
6.095369e-03  5.582827e+04
6.165950e-03  5.414833e+04
6.309573e-03  5.093906e+04
6.382635e-03  4.939804e+04
6.456542e-03  4.790357e+04
6.500000e-03  4.704907e+04
6.760830e-03  4.234249e+04
6.800000e-03  4.169071e+04
6.839116e-03  4.105337e+04
6.918310e-03  3.980380e+04
7.000000e-03  3.856984e+04
7.161434e-03  3.627280e+04
7.244360e-03  3.515806e+04
7.328245e-03  3.407848e+04
7.500000e-03  3.200788e+04
7.673615e-03  3.008111e+04
7.762471e-03  2.915680e+04
8.000000e-03  2.687266e+04
8.035261e-03  2.655509e+04
8.128305e-03  2.574084e+04
8.222426e-03  2.494658e+04
8.413951e-03  2.343258e+04
8.609938e-03  2.201261e+04
8.709636e-03  2.133085e+04
8.810489e-03  2.067041e+04
8.912509e-03  2.003035e+04
9.015711e-03  1.940789e+04
9.225714e-03  1.822204e+04
9.332543e-03  1.765672e+04
9.440609e-03  1.710675e+04
9.660509e-03  1.605888e+04
9.885531e-03  1.507678e+04
1.000000e-02  1.460886e+04
1.011579e-02  1.415583e+04
1.023293e-02  1.371463e+04
1.047129e-02  1.287347e+04
1.059254e-02  1.246989e+04
1.071519e-02  1.207928e+04
1.109175e-02  1.097720e+04
1.122018e-02  1.063319e+04
1.135011e-02  1.030004e+04
1.161449e-02  9.665510e+03
1.202264e-02  8.783904e+03
1.210000e-02  8.629367e+03
1.216186e-02  8.508377e+03
1.230269e-02  8.241593e+03
1.244515e-02  7.981384e+03
1.273503e-02  7.484724e+03
1.288250e-02  7.248380e+03
1.303167e-02  7.019583e+03
1.350000e-02  6.362894e+03
1.396368e-02  5.791105e+03
1.400000e-02  5.749336e+03
1.412538e-02  5.608162e+03
1.428894e-02  5.431117e+03
1.462177e-02  5.090935e+03
1.479108e-02  4.929127e+03
1.500000e-02  4.739098e+03
1.531087e-02  4.474466e+03
1.580000e-02  4.097820e+03
1.603245e-02  3.933418e+03
1.621810e-02  3.808510e+03
1.640590e-02  3.686869e+03
1.659587e-02  3.569072e+03
1.678804e-02  3.455129e+03
1.717908e-02  3.237778e+03
1.737801e-02  3.134394e+03
1.798871e-02  2.843990e+03
1.840772e-02  2.665829e+03
1.862087e-02  2.580702e+03
1.883649e-02  2.497734e+03
1.905461e-02  2.417493e+03
1.949845e-02  2.264653e+03
1.972423e-02  2.191981e+03
2.000000e-02  2.107501e+03
2.018366e-02  2.053591e+03
2.041738e-02  1.987668e+03
2.101200e-02  1.832582e+03
2.101200e-02  1.207744e+04
2.116000e-02  1.188735e+04
2.120000e-02  1.183672e+04
2.150000e-02  1.143932e+04
2.162719e-02  1.125383e+04
2.190000e-02  1.086891e+04
2.213095e-02  1.058570e+04
2.238721e-02  1.028345e+04
2.264644e-02  9.989814e+03
2.344229e-02  9.114718e+03
2.371374e-02  8.840480e+03
2.398833e-02  8.574520e+03
2.400000e-02  8.563463e+03
2.426610e-02  8.316524e+03
2.454709e-02  8.070371e+03
2.483133e-02  7.831524e+03
2.540973e-02  7.374916e+03
2.570396e-02  7.156448e+03
2.600160e-02  6.944384e+03
2.630268e-02  6.738638e+03
2.700000e-02  6.293429e+03
2.722701e-02  6.153403e+03
2.786121e-02  5.784234e+03
2.884032e-02  5.271725e+03
2.917427e-02  5.111218e+03
2.951209e-02  4.955574e+03
2.985383e-02  4.804684e+03
3.054921e-02  4.516254e+03
3.090295e-02  4.378569e+03
3.230000e-02  3.887736e+03
3.273407e-02  3.748113e+03
3.311311e-02  3.631746e+03
3.427678e-02  3.303928e+03
3.467369e-02  3.201379e+03
3.589219e-02  2.912177e+03
3.630781e-02  2.821703e+03
3.715352e-02  2.649092e+03
3.801894e-02  2.487022e+03
3.890451e-02  2.334901e+03
4.027170e-02  2.124036e+03
4.073803e-02  2.056785e+03
4.120975e-02  1.991669e+03
4.315191e-02  1.751209e+03
4.415704e-02  1.642101e+03
4.518559e-02  1.539806e+03
4.570882e-02  1.491072e+03
4.623810e-02  1.443875e+03
4.731513e-02  1.353925e+03
4.841724e-02  1.269494e+03
5.011872e-02  1.152635e+03
5.128614e-02  1.079668e+03
5.308844e-02  9.787839e+02
5.432503e-02  9.168312e+02
5.495409e-02  8.873441e+02
5.623413e-02  8.311906e+02
5.754399e-02  7.785392e+02
5.821032e-02  7.534791e+02
6.025596e-02  6.830445e+02
6.095369e-02  6.610602e+02
6.237348e-02  6.191859e+02
6.309573e-02  5.990070e+02
6.531306e-02  5.423356e+02
6.606934e-02  5.246650e+02
6.683439e-02  5.075707e+02
6.839116e-02  4.750032e+02
6.998420e-02  4.445283e+02
7.161434e-02  4.160107e+02
7.328245e-02  3.893254e+02
7.585776e-02  3.524699e+02
7.762471e-02  3.298619e+02
8.000000e-02  3.021772e+02
8.128305e-02  2.885139e+02
8.317638e-02  2.698095e+02
9.000000e-02  2.144836e+02
9.015711e-02  2.133975e+02
9.225714e-02  1.995651e+02
9.332543e-02  1.929892e+02
9.885531e-02  1.632241e+02
1.000000e-01  1.578042e+02
1.011580e-01  1.525643e+02
1.035142e-01  1.425929e+02
1.047129e-01  1.378546e+02
1.071519e-01  1.288460e+02
1.083927e-01  1.245653e+02
1.096478e-01  1.204271e+02
1.109175e-01  1.164264e+02
1.122019e-01  1.125582e+02
1.188502e-01  9.506415e+01
1.258925e-01  8.029095e+01
1.273503e-01  7.762427e+01
1.288250e-01  7.504625e+01
1.303167e-01  7.255405e+01
1.318257e-01  7.014484e+01
1.348963e-01  6.556398e+01
1.380384e-01  6.128110e+01
1.412538e-01  5.727851e+01
1.462177e-01  5.176002e+01
1.479108e-01  5.004139e+01
1.496236e-01  4.837977e+01
1.531088e-01  4.522045e+01
1.548817e-01  4.371912e+01
1.566751e-01  4.226770e+01
1.640590e-01  3.694178e+01
1.678804e-01  3.453653e+01
1.757924e-01  3.018590e+01
1.819701e-01  2.728673e+01
1.840772e-01  2.638363e+01
1.862087e-01  2.551052e+01
1.905461e-01  2.385004e+01
1.927525e-01  2.306093e+01
1.972423e-01  2.156094e+01
2.041738e-01  1.949201e+01
2.065380e-01  1.884749e+01
2.089296e-01  1.823065e+01
2.113489e-01  1.763401e+01
2.137962e-01  1.705692e+01
2.187762e-01  1.595879e+01
2.213095e-01  1.543662e+01
2.238721e-01  1.493163e+01
2.264644e-01  1.444315e+01
2.290868e-01  1.397066e+01
2.299100e-01  1.382663e+01
2.344229e-01  1.307168e+01
2.371374e-01  1.264415e+01
2.398833e-01  1.223061e+01
2.454709e-01  1.144371e+01
2.483133e-01  1.106998e+01
2.511886e-01  1.071335e+01
2.630268e-01  9.398260e+00
2.660725e-01  9.095546e+00
2.667320e-01  9.031739e+00
2.691535e-01  8.802640e+00
2.722701e-01  8.519201e+00
2.754229e-01  8.244923e+00
2.786121e-01  7.979527e+00
2.884032e-01  7.233531e+00
2.900000e-01  7.121090e+00
2.917427e-01  7.002944e+00
2.951209e-01  6.781408e+00
2.985383e-01  6.566879e+00
3.000000e-01  6.477934e+00
3.019952e-01  6.359150e+00
3.054921e-01  6.157981e+00
3.126079e-01  5.774593e+00
3.162278e-01  5.591995e+00
3.235937e-01  5.243949e+00
3.273407e-01  5.078139e+00
3.311311e-01  4.917582e+00
3.349654e-01  4.762106e+00
3.388442e-01  4.614497e+00
3.507519e-01  4.198685e+00
3.548134e-01  4.068582e+00
3.589219e-01  3.942513e+00
3.630781e-01  3.820387e+00
3.672823e-01  3.702050e+00
3.715352e-01  3.587382e+00
3.758374e-01  3.476282e+00
3.801894e-01  3.368632e+00
3.845918e-01  3.266541e+00
3.935501e-01  3.071549e+00
4.000000e-01  2.940939e+00
4.027170e-01  2.888201e+00
4.073803e-01  2.800675e+00
4.120975e-01  2.715849e+00
4.168694e-01  2.633591e+00
4.216965e-01  2.553827e+00
4.265795e-01  2.476494e+00
4.315191e-01  2.403061e+00
4.365158e-01  2.331963e+00
4.415705e-01  2.262967e+00
4.466836e-01  2.196017e+00
4.570882e-01  2.068020e+00
4.623810e-01  2.006872e+00
4.677351e-01  1.947533e+00
4.731513e-01  1.889955e+00
4.786301e-01  1.835301e+00
4.841724e-01  1.782228e+00
4.897788e-01  1.730812e+00
5.069907e-01  1.585316e+00
5.128614e-01  1.539607e+00
5.188000e-01  1.495217e+00
5.248075e-01  1.452113e+00
5.308844e-01  1.411232e+00
5.370318e-01  1.371502e+00
5.623413e-01  1.223829e+00
5.688529e-01  1.189481e+00
5.754399e-01  1.156098e+00
5.821032e-01  1.123657e+00
5.888437e-01  1.092914e+00
5.956621e-01  1.063019e+00
6.095369e-01  1.005811e+00
6.237348e-01  9.516821e-01
6.309573e-01  9.257331e-01
6.382635e-01  9.004963e-01
6.456542e-01  8.765865e-01
6.606935e-01  8.306664e-01
6.623700e-01  8.257617e-01
6.760830e-01  7.872806e-01
6.839117e-01  7.664527e-01
6.918310e-01  7.461761e-01
6.998420e-01  7.264498e-01
7.079458e-01  7.072450e-01
7.161434e-01  6.890837e-01
7.328245e-01  6.541515e-01
7.413102e-01  6.374028e-01
7.498942e-01  6.210828e-01
7.585776e-01  6.051808e-01
7.673615e-01  5.896885e-01
7.762471e-01  5.746030e-01
7.852356e-01  5.599035e-01
7.943282e-01  5.459816e-01
8.035261e-01  5.324071e-01
8.128305e-01  5.191701e-01
8.222427e-01  5.062983e-01
8.317638e-01  4.937457e-01
8.413951e-01  4.815063e-01
8.511380e-01  4.695703e-01
8.609938e-01  4.579370e-01
8.709636e-01  4.465944e-01
9.015711e-01  4.152457e-01
9.120108e-01  4.052952e-01
9.225714e-01  3.955836e-01
9.332543e-01  3.861383e-01
9.440609e-01  3.769244e-01
9.549926e-01  3.679305e-01
9.660509e-01  3.594560e-01
9.772372e-01  3.511789e-01
9.885531e-01  3.430950e-01
1.000000e+00  3.351971e-01
1.011579e+00  3.275091e-01
1.022000e+00  3.208133e-01
1.035142e+00  3.126608e-01
1.047129e+00  3.054934e-01
1.059254e+00  2.984923e-01
1.071519e+00  2.916522e-01
1.083927e+00  2.851144e-01
1.109175e+00  2.724754e-01
1.122018e+00  2.663680e-01
1.135011e+00  2.603982e-01
1.148154e+00  2.545636e-01
1.161449e+00  2.488781e-01
1.174898e+00  2.433238e-01
1.188600e+00  2.378554e-01
1.202264e+00  2.327908e-01
1.216186e+00  2.277997e-01
1.244515e+00  2.181363e-01
1.250000e+00  2.163379e-01
1.273503e+00  2.088846e-01
1.288250e+00  2.044220e-01
1.318257e+00  1.957849e-01
1.333521e+00  1.916044e-01
1.348963e+00  1.875133e-01
1.364583e+00  1.835099e-01
1.380384e+00  1.796952e-01
1.396368e+00  1.759605e-01
1.412538e+00  1.723032e-01
1.428894e+00  1.687223e-01
1.462177e+00  1.618041e-01
1.513561e+00  1.519607e-01
1.531087e+00  1.488145e-01
1.548817e+00  1.458393e-01
1.584893e+00  1.400666e-01
1.603245e+00  1.372666e-01
1.621810e+00  1.345315e-01
1.640590e+00  1.318526e-01
1.698244e+00  1.241319e-01
1.717908e+00  1.216603e-01
1.737801e+00  1.193138e-01
1.757924e+00  1.170130e-01
1.798871e+00  1.125436e-01
1.819701e+00  1.103805e-01
1.840772e+00  1.082607e-01
1.905461e+00  1.021425e-01
1.927525e+00  1.001809e-01
1.949845e+00  9.831895e-02
1.972423e+00  9.649190e-02
2.000000e+00  9.433359e-02
2.018366e+00  9.293905e-02
2.044000e+00  9.105388e-02
2.065380e+00  8.952952e-02
2.137962e+00  8.465053e-02
2.162719e+00  8.308398e-02
2.187762e+00  8.154648e-02
2.213095e+00  8.008498e-02
2.238721e+00  7.864989e-02
2.264644e+00  7.724052e-02
2.290868e+00  7.585635e-02
2.317395e+00  7.450148e-02
2.344229e+00  7.317181e-02
2.426610e+00  6.932362e-02
2.454709e+00  6.808639e-02
2.483133e+00  6.687127e-02
2.511886e+00  6.571540e-02
2.540973e+00  6.457963e-02
2.570396e+00  6.346352e-02
2.600160e+00  6.236669e-02
2.630268e+00  6.129238e-02
2.660725e+00  6.023736e-02
2.691535e+00  5.920052e-02
2.786121e+00  5.619591e-02
2.818383e+00  5.522864e-02
2.851018e+00  5.427804e-02
2.884032e+00  5.337268e-02
2.917427e+00  5.248258e-02
2.951209e+00  5.160732e-02
2.985383e+00  5.074664e-02
3.019952e+00  4.990318e-02
3.054921e+00  4.907441e-02
3.090295e+00  4.825942e-02
3.198895e+00  4.589476e-02
3.235937e+00  4.513256e-02
3.273407e+00  4.438305e-02
3.311311e+00  4.366828e-02
3.349654e+00  4.296512e-02
3.388442e+00  4.227327e-02
3.467369e+00  4.092284e-02
3.507519e+00  4.026603e-02
3.548134e+00  3.962026e-02
3.589219e+00  3.898487e-02
3.715352e+00  3.713917e-02
3.758374e+00  3.654356e-02
3.801894e+00  3.595750e-02
3.845918e+00  3.539814e-02
3.890451e+00  3.484757e-02
3.935501e+00  3.430554e-02
4.027170e+00  3.324668e-02
4.073803e+00  3.273114e-02
4.120975e+00  3.222388e-02
4.168694e+00  3.172456e-02
4.216965e+00  3.123299e-02
4.365158e+00  2.980353e-02
4.415704e+00  2.934174e-02
4.466836e+00  2.888709e-02
4.518559e+00  2.845288e-02
4.570882e+00  2.802525e-02
4.623810e+00  2.760405e-02
4.731513e+00  2.678055e-02
4.786301e+00  2.637931e-02
4.841724e+00  2.598430e-02
4.897788e+00  2.559527e-02
5.000000e+00  2.491191e-02
5.188000e+00  2.373582e-02
5.248075e+00  2.338046e-02
5.308844e+00  2.303043e-02
5.370318e+00  2.269568e-02
5.432503e+00  2.236584e-02
5.495409e+00  2.204079e-02
5.623413e+00  2.140480e-02
5.688529e+00  2.109464e-02
5.754399e+00  2.078914e-02
5.821032e+00  2.048812e-02
6.000000e+00  1.971702e-02
6.237348e+00  1.877138e-02
6.309573e+00  1.849958e-02
6.382635e+00  1.823172e-02
6.456542e+00  1.797491e-02
6.531306e+00  1.772175e-02
6.606934e+00  1.747215e-02
6.760830e+00  1.698346e-02
6.839116e+00  1.674493e-02
7.000000e+00  1.627359e-02
7.079458e+00  1.604962e-02
7.328245e+00  1.538327e-02
7.673615e+00  1.453765e-02
7.762471e+00  1.433360e-02
7.852356e+00  1.413806e-02
7.943282e+00  1.394520e-02
8.000000e+00  1.382734e-02
8.035261e+00  1.375499e-02
8.222427e+00  1.338233e-02
8.317638e+00  1.320034e-02
8.413951e+00  1.302091e-02
8.511380e+00  1.284396e-02
8.912509e+00  1.215986e-02
9.440609e+00  1.135576e-02
9.660509e+00  1.104921e-02
9.772372e+00  1.090251e-02
1.000000e+01  1.061496e-02
1.011579e+01  1.047406e-02
1.023293e+01  1.033502e-02
1.047129e+01  1.006246e-02
1.059254e+01  9.929247e-03
1.071519e+01  9.797871e-03
1.083927e+01  9.668242e-03
1.122018e+01  9.289583e-03
1.174898e+01  8.807659e-03
1.200000e+01  8.594887e-03
1.202264e+01  8.576600e-03
1.230269e+01  8.356340e-03
1.244515e+01  8.248352e-03
1.258925e+01  8.141767e-03
1.273503e+01  8.036551e-03
1.333521e+01  7.629122e-03
1.364583e+01  7.433701e-03
1.380384e+01  7.337922e-03
1.400000e+01  7.222227e-03
1.445440e+01  6.967034e-03
1.500000e+01  6.682292e-03
1.531087e+01  6.529685e-03
1.566751e+01  6.366087e-03
1.600000e+01  6.220476e-03
1.621810e+01  6.128367e-03
1.659587e+01  5.974839e-03
1.757924e+01  5.607636e-03
1.800000e+01  5.463692e-03
1.819701e+01  5.398718e-03
1.862087e+01  5.263832e-03
1.905461e+01  5.132316e-03
2.000000e+01  4.866365e-03
2.041738e+01  4.757163e-03
2.113489e+01  4.583521e-03
2.187762e+01  4.416231e-03
2.213095e+01  4.361836e-03
2.264644e+01  4.255050e-03
2.371374e+01  4.049252e-03
2.400000e+01  3.997382e-03
2.426610e+01  3.950319e-03
2.483133e+01  3.853827e-03
2.570396e+01  3.713492e-03
2.754229e+01  3.447970e-03
2.851018e+01  3.322416e-03
2.884032e+01  3.281590e-03
2.985383e+01  3.164305e-03
3.054921e+01  3.088460e-03
3.090295e+01  3.051221e-03
3.162278e+01  2.978085e-03
3.235937e+01  2.906703e-03
3.273407e+01  2.871656e-03
3.311311e+01  2.837087e-03
3.388442e+01  2.769211e-03
3.507519e+01  2.670439e-03
3.801894e+01  2.453458e-03
4.216965e+01  2.200185e-03
4.315191e+01  2.147553e-03
4.365158e+01  2.121712e-03
4.415704e+01  2.096183e-03
4.518559e+01  2.046852e-03
4.570882e+01  2.022626e-03
4.623810e+01  1.998686e-03
4.731513e+01  1.951654e-03
4.841724e+01  1.905728e-03
4.897788e+01  1.883172e-03
4.954502e+01  1.860919e-03
5.069907e+01  1.817210e-03
5.248075e+01  1.753568e-03
5.688529e+01  1.613607e-03
6.839116e+01  1.334218e-03
7.413102e+01  1.227728e-03
7.585776e+01  1.198895e-03
7.762471e+01  1.170739e-03
8.222427e+01  1.104055e-03
8.317638e+01  1.091181e-03
8.511380e+01  1.065884e-03
8.609938e+01  1.053455e-03
8.810489e+01  1.029032e-03
8.912509e+01  1.017049e-03
9.015711e+01  1.005207e-03
9.120108e+01  9.935044e-04
9.549926e+01  9.480402e-04
1.174898e+02  7.678624e-04
1.428894e+02  6.292541e-04
1.513561e+02  5.934691e-04
1.548817e+02  5.797312e-04
1.640590e+02  5.469981e-04
1.659587e+02  5.406769e-04
1.698244e+02  5.282526e-04
1.717908e+02  5.221483e-04
1.757924e+02  5.101496e-04
1.778279e+02  5.042584e-04
1.798871e+02  4.984357e-04
1.819701e+02  4.926805e-04
1.905461e+02  4.703167e-04
2.344229e+02  3.815957e-04
2.851018e+02  3.132278e-04
3.019952e+02  2.955575e-04
3.090295e+02  2.887719e-04
3.273407e+02  2.725577e-04
3.311311e+02  2.694259e-04
3.388442e+02  2.632698e-04
3.427678e+02  2.602447e-04
3.507519e+02  2.542984e-04
3.548134e+02  2.513776e-04
3.589219e+02  2.484906e-04
3.630781e+02  2.456368e-04
3.801894e+02  2.345457e-04
4.677351e+02  1.905157e-04
1.135011e+03  7.828190e-05
1.202264e+03  7.388894e-05
1.230269e+03  7.220152e-05
1.303167e+03  6.815994e-05
1.318257e+03  6.737920e-05
1.348963e+03  6.584444e-05
1.364583e+03  6.509024e-05
1.396368e+03  6.360762e-05
1.412538e+03  6.287917e-05
1.428894e+03  6.215914e-05
1.445440e+03  6.144733e-05
1.513561e+03  5.868077e-05
3.715352e+03  2.389743e-05
4.120975e+04  2.152604e-06
4.168694e+04  2.127954e-06
4.265795e+04  2.079499e-06
4.315191e+04  2.055686e-06
4.415704e+04  2.008876e-06
4.466836e+04  1.985872e-06
4.518559e+04  1.963132e-06
4.570882e+04  1.940652e-06
1.000000e+05  8.867964e-07
-1  -1
-2  -2
