3.850000e-06 0.000000e+00
3.850000e-06  6.200943e+06
3.960000e-06  6.301800e+06
4.168694e-06  6.431918e+06
4.415704e-06  6.531256e+06
4.600000e-06  6.569523e+06
4.600000e-06  9.279399e+06
4.640000e-06  9.329615e+06
4.700000e-06  9.383753e+06
4.841724e-06  9.488770e+06
5.011872e-06  9.598189e+06
5.069907e-06  9.630069e+06
5.270000e-06  9.713455e+06
5.432503e-06  9.764403e+06
5.600000e-06  9.799455e+06
5.888437e-06  9.836020e+06
5.956621e-06  9.840599e+06
6.237348e-06  9.833901e+06
6.280000e-06  9.830651e+06
6.280000e-06  2.071469e+07
6.531306e-06  1.947569e+07
6.606934e-06  1.911529e+07
7.079458e-06  1.717817e+07
7.200000e-06  1.675831e+07
7.585776e-06  1.556376e+07
7.852356e-06  1.485664e+07
8.035261e-06  1.441203e+07
8.200000e-06  1.404747e+07
8.609938e-06  1.323147e+07
8.810489e-06  1.287041e+07
9.332543e-06  1.203481e+07
9.440609e-06  1.187567e+07
9.500000e-06  1.178856e+07
1.000000e-05  1.112732e+07
1.011579e-05  1.098360e+07
1.071519e-05  1.029483e+07
1.109175e-05  9.887909e+06
1.135011e-05  9.633100e+06
1.150000e-05  9.488050e+06
1.202264e-05  9.000344e+06
1.216186e-05  8.875662e+06
1.273503e-05  8.379126e+06
1.284000e-05  8.291120e+06
1.284000e-05  9.448877e+06
1.288250e-05  9.407614e+06
1.290000e-05  9.390809e+06
1.310000e-05  9.195422e+06
1.350000e-05  8.836546e+06
1.364583e-05  8.708305e+06
1.412538e-05  8.301784e+06
1.420000e-05  8.242793e+06
1.445440e-05  8.040918e+06
1.453000e-05  7.980321e+06
1.453000e-05  8.659121e+06
1.462177e-05  8.582303e+06
1.479108e-05  8.446169e+06
1.480000e-05  8.439134e+06
1.500000e-05  8.285558e+06
1.513561e-05  8.181043e+06
1.531087e-05  8.052232e+06
1.548817e-05  7.920768e+06
1.566751e-05  7.792810e+06
1.584893e-05  7.669749e+06
1.610000e-05  7.500508e+06
1.621810e-05  7.425540e+06
1.659587e-05  7.186950e+06
1.678804e-05  7.072137e+06
1.710000e-05  6.894097e+06
1.717908e-05  6.851446e+06
1.737801e-05  6.744329e+06
1.757924e-05  6.636456e+06
1.770000e-05  6.574869e+06
1.800000e-05  6.429495e+06
1.819701e-05  6.340275e+06
1.840772e-05  6.246433e+06
1.850000e-05  6.205161e+06
1.870000e-05  6.120481e+06
1.883649e-05  6.065480e+06
1.905461e-05  5.980740e+06
1.920000e-05  5.928068e+06
1.927525e-05  5.901970e+06
1.950000e-05  5.823465e+06
1.972423e-05  5.746213e+06
1.980000e-05  5.721924e+06
2.041738e-05  5.543513e+06
2.065380e-05  5.486258e+06
2.070000e-05  5.475010e+06
2.090000e-05  5.426196e+06
2.113489e-05  5.373670e+06
2.150000e-05  5.303280e+06
2.190000e-05  5.237967e+06
2.213095e-05  5.205376e+06
2.270000e-05  5.137353e+06
2.317395e-05  5.102701e+06
2.350000e-05  5.085887e+06
2.371374e-05  5.078369e+06
2.400000e-05  5.074880e+06
2.426610e-05  5.074111e+06
2.483133e-05  5.088132e+06
2.511886e-05  5.103869e+06
2.540973e-05  5.125755e+06
2.600160e-05  5.180936e+06
2.610000e-05  5.191341e+06
2.650000e-05  5.240747e+06
2.730000e-05  5.365803e+06
2.751000e-05  5.404561e+06
2.751000e-05  2.182881e+07
2.754229e-05  2.175863e+07
2.786121e-05  2.109141e+07
2.818383e-05  2.046141e+07
2.884032e-05  1.937656e+07
2.917427e-05  1.888070e+07
2.951209e-05  1.841560e+07
3.019952e-05  1.761425e+07
3.054921e-05  1.724979e+07
3.090295e-05  1.690985e+07
3.162278e-05  1.633308e+07
3.198895e-05  1.607746e+07
3.235937e-05  1.583867e+07
3.273407e-05  1.561799e+07
3.300000e-05  1.548245e+07
3.350000e-05  1.525561e+07
3.427678e-05  1.495820e+07
3.507519e-05  1.472085e+07
3.548134e-05  1.461948e+07
3.589219e-05  1.453714e+07
3.590900e-05  1.453413e+07
3.672823e-05  1.440936e+07
3.758374e-05  1.432353e+07
3.801894e-05  1.429607e+07
3.850000e-05  1.428141e+07
3.900000e-05  1.427147e+07
3.935501e-05  1.427392e+07
4.027170e-05  1.430301e+07
4.073803e-05  1.432573e+07
4.101000e-05  1.434072e+07
4.101000e-05  2.084176e+07
4.150000e-05  2.069560e+07
4.180000e-05  2.061502e+07
4.216965e-05  2.051142e+07
4.220000e-05  2.050337e+07
4.265795e-05  2.037371e+07
4.330000e-05  2.021671e+07
4.415704e-05  2.003939e+07
4.518559e-05  1.984752e+07
4.570882e-05  1.977205e+07
4.623810e-05  1.970976e+07
4.650000e-05  1.968031e+07
4.677351e-05  1.964736e+07
4.841724e-05  1.951720e+07
4.900000e-05  1.948478e+07
5.000000e-05  1.943860e+07
5.080000e-05  1.942518e+07
5.128614e-05  1.942044e+07
5.188000e-05  1.942386e+07
5.248075e-05  1.942142e+07
5.308844e-05  1.942988e+07
5.400000e-05  1.944677e+07
5.432503e-05  1.945724e+07
5.500000e-05  1.947266e+07
5.580000e-05  1.949800e+07
5.623413e-05  1.951081e+07
5.688529e-05  1.953639e+07
5.754399e-05  1.955477e+07
5.821032e-05  1.958174e+07
5.888437e-05  1.960514e+07
5.956621e-05  1.963243e+07
6.095369e-05  1.967186e+07
6.165950e-05  1.968861e+07
6.220000e-05  1.970498e+07
6.237348e-05  1.970622e+07
6.279000e-05  1.971108e+07
6.279000e-05  2.010730e+07
6.309573e-05  2.010722e+07
6.382635e-05  2.009506e+07
6.405000e-05  2.009163e+07
6.456542e-05  2.008551e+07
6.531306e-05  2.006061e+07
6.683439e-05  1.999604e+07
6.760830e-05  1.994976e+07
6.839116e-05  1.989169e+07
6.918310e-05  1.983726e+07
7.000000e-05  1.976269e+07
7.161434e-05  1.959509e+07
7.244360e-05  1.949283e+07
7.328245e-05  1.937588e+07
7.413102e-05  1.926181e+07
7.500000e-05  1.912575e+07
7.585776e-05  1.897746e+07
7.673615e-05  1.883073e+07
7.762471e-05  1.866240e+07
7.943282e-05  1.829784e+07
8.000000e-05  1.817297e+07
8.035261e-05  1.809640e+07
8.128305e-05  1.788115e+07
8.222426e-05  1.766932e+07
8.230000e-05  1.765257e+07
8.317638e-05  1.744132e+07
8.413951e-05  1.719815e+07
8.511380e-05  1.695892e+07
8.609938e-05  1.670302e+07
8.650000e-05  1.659404e+07
8.810489e-05  1.617042e+07
8.912509e-05  1.588934e+07
9.015711e-05  1.559631e+07
9.120108e-05  1.530962e+07
9.225714e-05  1.500819e+07
9.332543e-05  1.469748e+07
9.400000e-05  1.450659e+07
9.500000e-05  1.421479e+07
9.549926e-05  1.406597e+07
9.660509e-05  1.374502e+07
9.800000e-05  1.333516e+07
9.950000e-05  1.289499e+07
1.000000e-04  1.274553e+07
1.011579e-04  1.240895e+07
1.023293e-04  1.206762e+07
1.035142e-04  1.171990e+07
1.040000e-04  1.158139e+07
1.050000e-04  1.129222e+07
1.060000e-04  1.100018e+07
1.071519e-04  1.067653e+07
1.080000e-04  1.043799e+07
1.100000e-04  9.881149e+06
1.110000e-04  9.609302e+06
1.122018e-04  9.283072e+06
1.128000e-04  9.126176e+06
1.143000e-04  8.736025e+06
1.150000e-04  8.554759e+06
1.161449e-04  8.268911e+06
1.174898e-04  7.939386e+06
1.190000e-04  7.577350e+06
1.205000e-04  7.229850e+06
1.220000e-04  6.891794e+06
1.230269e-04  6.666318e+06
1.240000e-04  6.461360e+06
1.253700e-04  6.177992e+06
1.273503e-04  5.786046e+06
1.290000e-04  5.475692e+06
1.303167e-04  5.237119e+06
1.303500e-04  5.231107e+06
1.303500e-04  6.074125e+06
1.307000e-04  6.043556e+06
1.313000e-04  5.993032e+06
1.318257e-04  5.957609e+06
1.323000e-04  5.929964e+06
1.330000e-04  5.898609e+06
1.333521e-04  5.885075e+06
1.340000e-04  5.866671e+06
1.350000e-04  5.843141e+06
1.358000e-04  5.829218e+06
1.364583e-04  5.818113e+06
1.365000e-04  5.817653e+06
1.373000e-04  5.797428e+06
1.380384e-04  5.774747e+06
1.387000e-04  5.749644e+06
1.395000e-04  5.711955e+06
1.400000e-04  5.682142e+06
1.403000e-04  5.663350e+06
1.411000e-04  5.602578e+06
1.412538e-04  5.588895e+06
1.419000e-04  5.533080e+06
1.423900e-04  5.484335e+06
1.423900e-04  6.029403e+06
1.428894e-04  5.999250e+06
1.430000e-04  5.991321e+06
1.435700e-04  5.955974e+06
1.436000e-04  5.953841e+06
1.440000e-04  5.928791e+06
1.445440e-04  5.897305e+06
1.447000e-04  5.886852e+06
1.458000e-04  5.827908e+06
1.471000e-04  5.762850e+06
1.472000e-04  5.758332e+06
1.479108e-04  5.723729e+06
1.480000e-04  5.719861e+06
1.485000e-04  5.694356e+06
1.487000e-04  5.683765e+06
1.495000e-04  5.639693e+06
1.500000e-04  5.611042e+06
1.502000e-04  5.599266e+06
1.510000e-04  5.547527e+06
1.513561e-04  5.522228e+06
1.518000e-04  5.491238e+06
1.520000e-04  5.475568e+06
1.525000e-04  5.434611e+06
1.532000e-04  5.373239e+06
1.540000e-04  5.298780e+06
1.548817e-04  5.211750e+06
1.550000e-04  5.199394e+06
1.555000e-04  5.145646e+06
1.560000e-04  5.089274e+06
1.565000e-04  5.033327e+06
1.575000e-04  4.916941e+06
1.584893e-04  4.799886e+06
1.585000e-04  4.798606e+06
1.600000e-04  4.615051e+06
1.615000e-04  4.431848e+06
1.621810e-04  4.349209e+06
1.635000e-04  4.193502e+06
1.640590e-04  4.127008e+06
1.659587e-04  3.909389e+06
1.660000e-04  3.904832e+06
1.678804e-04  3.698338e+06
1.698244e-04  3.495610e+06
1.717908e-04  3.300139e+06
1.720000e-04  3.280032e+06
1.735900e-04  3.130448e+06
1.740000e-04  3.093007e+06
1.757924e-04  2.933773e+06
1.770000e-04  2.831860e+06
1.778279e-04  2.764185e+06
1.780000e-04  2.750390e+06
1.790000e-04  2.670003e+06
1.800000e-04  2.592168e+06
1.819701e-04  2.446420e+06
1.820000e-04  2.444294e+06
1.826000e-04  2.401531e+06
1.835000e-04  2.338791e+06
1.840772e-04  2.299440e+06
1.865000e-04  2.143577e+06
1.900000e-04  1.937087e+06
1.905461e-04  1.907107e+06
1.930000e-04  1.779122e+06
1.940000e-04  1.729839e+06
1.950000e-04  1.681833e+06
1.972423e-04  1.580665e+06
1.980000e-04  1.548701e+06
2.000000e-04  1.467718e+06
2.020000e-04  1.392518e+06
2.041738e-04  1.316210e+06
2.065380e-04  1.240765e+06
2.113489e-04  1.104677e+06
2.120000e-04  1.088147e+06
2.137962e-04  1.044969e+06
2.153900e-04  1.008692e+06
2.162719e-04  9.894984e+05
2.170000e-04  9.742685e+05
2.180000e-04  9.539478e+05
2.187762e-04  9.386957e+05
2.205000e-04  9.060795e+05
2.213095e-04  8.914781e+05
2.220000e-04  8.792858e+05
2.231500e-04  8.602537e+05
2.240000e-04  8.466237e+05
2.250000e-04  8.310995e+05
2.255000e-04  8.235254e+05
2.264644e-04  8.092941e+05
2.270000e-04  8.015455e+05
2.280000e-04  7.875574e+05
2.285000e-04  7.808565e+05
2.290868e-04  7.731622e+05
2.291400e-04  7.724700e+05
2.300000e-04  7.614737e+05
2.307000e-04  7.527712e+05
2.317395e-04  7.401833e+05
2.323000e-04  7.336950e+05
2.335000e-04  7.201701e+05
2.340000e-04  7.146976e+05
2.344229e-04  7.101544e+05
2.350000e-04  7.041956e+05
2.358000e-04  6.961373e+05
2.365000e-04  6.892563e+05
2.371374e-04  6.831402e+05
2.373000e-04  6.815929e+05
2.380000e-04  6.750500e+05
2.390000e-04  6.659690e+05
2.398833e-04  6.581779e+05
2.400000e-04  6.571720e+05
2.407000e-04  6.515013e+05
2.418600e-04  6.423699e+05
2.423000e-04  6.390068e+05
2.440000e-04  6.264205e+05
2.454709e-04  6.161399e+05
2.458000e-04  6.139672e+05
2.465000e-04  6.094532e+05
2.480000e-04  6.001353e+05
2.483133e-04  5.982512e+05
2.486200e-04  5.964790e+05
2.486200e-04  9.225667e+05
2.490000e-04  9.197227e+05
2.500000e-04  9.124129e+05
2.511886e-04  9.039820e+05
2.520000e-04  8.985476e+05
2.540973e-04  8.851656e+05
2.560000e-04  8.736202e+05
2.570396e-04  8.677398e+05
2.600160e-04  8.524595e+05
2.630268e-04  8.381383e+05
2.644700e-04  8.321562e+05
2.650000e-04  8.300270e+05
2.691535e-04  8.142143e+05
2.722701e-04  8.044799e+05
2.754229e-04  7.952431e+05
2.785000e-04  7.873495e+05
2.786121e-04  7.870679e+05
2.818383e-04  7.792137e+05
2.830000e-04  7.769048e+05
2.851018e-04  7.728047e+05
2.870000e-04  7.692475e+05
2.884032e-04  7.669768e+05
2.900000e-04  7.648308e+05
2.930000e-04  7.610289e+05
2.951209e-04  7.584399e+05
2.985383e-04  7.553392e+05
3.000000e-04  7.540244e+05
3.015000e-04  7.526798e+05
3.019952e-04  7.523201e+05
3.030000e-04  7.517191e+05
3.050000e-04  7.508655e+05
3.054921e-04  7.506332e+05
3.090295e-04  7.489894e+05
3.100000e-04  7.486925e+05
3.126079e-04  7.476669e+05
3.162278e-04  7.469378e+05
3.198895e-04  7.462273e+05
3.235937e-04  7.458028e+05
3.240000e-04  7.457046e+05
3.292600e-04  7.455356e+05
3.292600e-04  8.662782e+05
3.311311e-04  8.642249e+05
3.320000e-04  8.631561e+05
3.340000e-04  8.609177e+05
3.358400e-04  8.592657e+05
3.388442e-04  8.567538e+05
3.390000e-04  8.566399e+05
3.400000e-04  8.558507e+05
3.427678e-04  8.534980e+05
3.430000e-04  8.533233e+05
3.470000e-04  8.499591e+05
3.500000e-04  8.471516e+05
3.507519e-04  8.464607e+05
3.530000e-04  8.444596e+05
3.548134e-04  8.428155e+05
3.550000e-04  8.426604e+05
3.600000e-04  8.384600e+05
3.650000e-04  8.344614e+05
3.672823e-04  8.326268e+05
3.680000e-04  8.320964e+05
3.690000e-04  8.314496e+05
3.758374e-04  8.268570e+05
3.801894e-04  8.241103e+05
3.850000e-04  8.210995e+05
3.935501e-04  8.159174e+05
3.981072e-04  8.130707e+05
4.000000e-04  8.118365e+05
4.000700e-04  8.117915e+05
4.008700e-04  8.113094e+05
4.008700e-04  8.554431e+05
4.027170e-04  8.541714e+05
4.073803e-04  8.511629e+05
4.100000e-04  8.493549e+05
4.120975e-04  8.478675e+05
4.168694e-04  8.444527e+05
4.216965e-04  8.411537e+05
4.240000e-04  8.394748e+05
4.265795e-04  8.375191e+05
4.315191e-04  8.338820e+05
4.365158e-04  8.303485e+05
4.415704e-04  8.264469e+05
4.466836e-04  8.224602e+05
4.518559e-04  8.185500e+05
4.570882e-04  8.142119e+05
4.623810e-04  8.099576e+05
4.677351e-04  8.058555e+05
4.700000e-04  8.039578e+05
4.731513e-04  8.013040e+05
4.786301e-04  7.966023e+05
4.841724e-04  7.919897e+05
4.954502e-04  7.820224e+05
5.011872e-04  7.772123e+05
5.069907e-04  7.722611e+05
5.122700e-04  7.673517e+05
5.122700e-04  8.395624e+05
5.126000e-04  8.385031e+05
5.128614e-04  8.378602e+05
5.135000e-04  8.363010e+05
5.145000e-04  8.342526e+05
5.150000e-04  8.334212e+05
5.155000e-04  8.325988e+05
5.168000e-04  8.308305e+05
5.190000e-04  8.285046e+05
5.220000e-04  8.258927e+05
5.248075e-04  8.237548e+05
5.260000e-04  8.228570e+05
5.280000e-04  8.215971e+05
5.280200e-04  8.215876e+05
5.280200e-04  8.690972e+05
5.283000e-04  8.692396e+05
5.295000e-04  8.691916e+05
5.300000e-04  8.690725e+05
5.308844e-04  8.690324e+05
5.315000e-04  8.689407e+05
5.330000e-04  8.690437e+05
5.340000e-04  8.693743e+05
5.345000e-04  8.695149e+05
5.360000e-04  8.703892e+05
5.370318e-04  8.713358e+05
5.374000e-04  8.716867e+05
5.385000e-04  8.730849e+05
5.385800e-04  8.731858e+05
5.400000e-04  8.754681e+05
5.415000e-04  8.785764e+05
5.432503e-04  8.832045e+05
5.435000e-04  8.839991e+05
5.450000e-04  8.891599e+05
5.457000e-04  8.919867e+05
5.465000e-04  8.954593e+05
5.473000e-04  8.994121e+05
5.485000e-04  9.058714e+05
5.490000e-04  9.089003e+05
5.503000e-04  9.174526e+05
5.507000e-04  9.203551e+05
5.522000e-04  9.321847e+05
5.537300e-04  9.462962e+05
5.550000e-04  9.592792e+05
5.559043e-04  9.696021e+05
5.565000e-04  9.766573e+05
5.580000e-04  9.959496e+05
5.595000e-04  1.017409e+06
5.608000e-04  1.037907e+06
5.623413e-04  1.064696e+06
5.630000e-04  1.077084e+06
5.640000e-04  1.096325e+06
5.650000e-04  1.116970e+06
5.658000e-04  1.133835e+06
5.680000e-04  1.184940e+06
5.688529e-04  1.205838e+06
5.700000e-04  1.235447e+06
5.708000e-04  1.257408e+06
5.730000e-04  1.320283e+06
5.758000e-04  1.407511e+06
5.780000e-04  1.481795e+06
5.790000e-04  1.516772e+06
5.800000e-04  1.552981e+06
5.807000e-04  1.579305e+06
5.821032e-04  1.632445e+06
5.830000e-04  1.667554e+06
5.850000e-04  1.748023e+06
5.872000e-04  1.839086e+06
5.880000e-04  1.873567e+06
5.888437e-04  1.909638e+06
5.900000e-04  1.960948e+06
5.923000e-04  2.063018e+06
5.930000e-04  2.095044e+06
5.950000e-04  2.186392e+06
5.956621e-04  2.217267e+06
5.973000e-04  2.292425e+06
5.990000e-04  2.372521e+06
6.000000e-04  2.418637e+06
6.025596e-04  2.539399e+06
6.050000e-04  2.652707e+06
6.080000e-04  2.789334e+06
6.084600e-04  2.810520e+06
6.095369e-04  2.857929e+06
6.100000e-04  2.878651e+06
6.115000e-04  2.945010e+06
6.130000e-04  3.009300e+06
6.150000e-04  3.094175e+06
6.162600e-04  3.145551e+06
6.165950e-04  3.158791e+06
6.190000e-04  3.255877e+06
6.200000e-04  3.292466e+06
6.220000e-04  3.367242e+06
6.237348e-04  3.430554e+06
6.250000e-04  3.474046e+06
6.280000e-04  3.574291e+06
6.320000e-04  3.695395e+06
6.350000e-04  3.776811e+06
6.370000e-04  3.828651e+06
6.382635e-04  3.858785e+06
6.390000e-04  3.876458e+06
6.430000e-04  3.965897e+06
6.437300e-04  3.980923e+06
6.456542e-04  4.017343e+06
6.480000e-04  4.062203e+06
6.500000e-04  4.093407e+06
6.531306e-04  4.142797e+06
6.550000e-04  4.169411e+06
6.589600e-04  4.217462e+06
6.606934e-04  4.235759e+06
6.630000e-04  4.260193e+06
6.650000e-04  4.277821e+06
6.700000e-04  4.314436e+06
6.720000e-04  4.326284e+06
6.760830e-04  4.344012e+06
6.780000e-04  4.352359e+06
6.800000e-04  4.358473e+06
6.839116e-04  4.365046e+06
6.850000e-04  4.366861e+06
6.890000e-04  4.373488e+06
6.918310e-04  4.371777e+06
7.000000e-04  4.366809e+06
7.079458e-04  4.347608e+06
7.120000e-04  4.337900e+06
7.161434e-04  4.325043e+06
7.244360e-04  4.291936e+06
7.265700e-04  4.283487e+06
7.328245e-04  4.255311e+06
7.350000e-04  4.245530e+06
7.413102e-04  4.212704e+06
7.498942e-04  4.164313e+06
7.585776e-04  4.116489e+06
7.673615e-04  4.060490e+06
7.762471e-04  4.005158e+06
7.852356e-04  3.950490e+06
7.943282e-04  3.889368e+06
8.000000e-04  3.852074e+06
8.128305e-04  3.769958e+06
8.200000e-04  3.723239e+06
8.222426e-04  3.708047e+06
8.413951e-04  3.582110e+06
8.511380e-04  3.520791e+06
8.609938e-04  3.458156e+06
8.709636e-04  3.393968e+06
8.810489e-04  3.330909e+06
8.912509e-04  3.268944e+06
8.988200e-04  3.222866e+06
8.988200e-04  3.288978e+06
8.989000e-04  3.290027e+06
8.994000e-04  3.291438e+06
9.000000e-04  3.293973e+06
9.007000e-04  3.298068e+06
9.015711e-04  3.304751e+06
9.027000e-04  3.315620e+06
9.035000e-04  3.324615e+06
9.042000e-04  3.333135e+06
9.050000e-04  3.343355e+06
9.056000e-04  3.351139e+06
9.063000e-04  3.360164e+06
9.069000e-04  3.367670e+06
9.075000e-04  3.374847e+06
9.083000e-04  3.383730e+06
9.090000e-04  3.390736e+06
9.098000e-04  3.397745e+06
9.104000e-04  3.402295e+06
9.111000e-04  3.406800e+06
9.120108e-04  3.411427e+06
9.130000e-04  3.414963e+06
9.140000e-04  3.417139e+06
9.150600e-04  3.418127e+06
9.165000e-04  3.417704e+06
9.185000e-04  3.414628e+06
9.200000e-04  3.410750e+06
9.210000e-04  3.408214e+06
9.225714e-04  3.403076e+06
9.240000e-04  3.398483e+06
9.280000e-04  3.383902e+06
9.332543e-04  3.363011e+06
9.335000e-04  3.362013e+06
9.390000e-04  3.337106e+06
9.440609e-04  3.312073e+06
9.500000e-04  3.280549e+06
9.549926e-04  3.252730e+06
9.561200e-04  3.246301e+06
9.561200e-04  3.412417e+06
9.660509e-04  3.361534e+06
9.772372e-04  3.306255e+06
9.780000e-04  3.302558e+06
9.800000e-04  3.292973e+06
9.885530e-04  3.250662e+06
1.000000e-03  3.194235e+06
1.011579e-03  3.137797e+06
1.030000e-03  3.049352e+06
1.035142e-03  3.024691e+06
1.047129e-03  2.968596e+06
1.054200e-03  2.936373e+06
1.059254e-03  2.913227e+06
1.071519e-03  2.858433e+06
1.083927e-03  2.802962e+06
1.096478e-03  2.748462e+06
1.110000e-03  2.691801e+06
1.122018e-03  2.642412e+06
1.135011e-03  2.588717e+06
1.148154e-03  2.535773e+06
1.150000e-03  2.528434e+06
1.161449e-03  2.482674e+06
1.188502e-03  2.379823e+06
1.190000e-03  2.374330e+06
1.202264e-03  2.330105e+06
1.210000e-03  2.302629e+06
1.216186e-03  2.280618e+06
1.230269e-03  2.231473e+06
1.236600e-03  2.209429e+06
1.236600e-03  2.348311e+06
1.244515e-03  2.320334e+06
1.245000e-03  2.318637e+06
1.273503e-03  2.222407e+06
1.285000e-03  2.185476e+06
1.288250e-03  2.175162e+06
1.303167e-03  2.127698e+06
1.318257e-03  2.081366e+06
1.333521e-03  2.035523e+06
1.348963e-03  1.990823e+06
1.350000e-03  1.987877e+06
1.380384e-03  1.904219e+06
1.396368e-03  1.862053e+06
1.412538e-03  1.820930e+06
1.428894e-03  1.780227e+06
1.445440e-03  1.740522e+06
1.462177e-03  1.700971e+06
1.470000e-03  1.682972e+06
1.479108e-03  1.662233e+06
1.513561e-03  1.587395e+06
1.531087e-03  1.550942e+06
1.548817e-03  1.515046e+06
1.554000e-03  1.504639e+06
1.554000e-03  1.522477e+06
1.570000e-03  1.491050e+06
1.584893e-03  1.462498e+06
1.603245e-03  1.428506e+06
1.621810e-03  1.395379e+06
1.640590e-03  1.362938e+06
1.659587e-03  1.331075e+06
1.678804e-03  1.300035e+06
1.695000e-03  1.274569e+06
1.698244e-03  1.269559e+06
1.717908e-03  1.239508e+06
1.728800e-03  1.223351e+06
1.728800e-03  1.244651e+06
1.730000e-03  1.242876e+06
1.737801e-03  1.231420e+06
1.745000e-03  1.220993e+06
1.757924e-03  1.202527e+06
1.778279e-03  1.174339e+06
1.798871e-03  1.146647e+06
1.800000e-03  1.145159e+06
1.850000e-03  1.081660e+06
1.862087e-03  1.066989e+06
1.883649e-03  1.041433e+06
1.905461e-03  1.016471e+06
1.927525e-03  9.920965e+05
1.949845e-03  9.683692e+05
1.950000e-03  9.682075e+05
1.972423e-03  9.450915e+05
2.000000e-03  9.176246e+05
2.018366e-03  9.000282e+05
2.065380e-03  8.567432e+05
2.089296e-03  8.359168e+05
2.110000e-03  8.185047e+05
2.113489e-03  8.155993e+05
2.137962e-03  7.956433e+05
2.162719e-03  7.762206e+05
2.187762e-03  7.571946e+05
2.220000e-03  7.335693e+05
2.238721e-03  7.202481e+05
2.264644e-03  7.024204e+05
2.290868e-03  6.849591e+05
2.300000e-03  6.790153e+05
2.344229e-03  6.511420e+05
2.371374e-03  6.349021e+05
2.398833e-03  6.190025e+05
2.454709e-03  5.885068e+05
2.483133e-03  5.737711e+05
2.511886e-03  5.594385e+05
2.540973e-03  5.452993e+05
2.570396e-03  5.315504e+05
2.600160e-03  5.181697e+05
2.650000e-03  4.969063e+05
2.660725e-03  4.925059e+05
2.691535e-03  4.801296e+05
2.722701e-03  4.679158e+05
2.754229e-03  4.559110e+05
2.786121e-03  4.442285e+05
2.818383e-03  4.328726e+05
2.884032e-03  4.110935e+05
2.900000e-03  4.060519e+05
2.917427e-03  4.006489e+05
2.951209e-03  3.903889e+05
2.985383e-03  3.804157e+05
3.000000e-03  3.762019e+05
3.019952e-03  3.705590e+05
3.054921e-03  3.609566e+05
3.090295e-03  3.516126e+05
3.126079e-03  3.425285e+05
3.150000e-03  3.366551e+05
3.198895e-03  3.251085e+05
3.235937e-03  3.167582e+05
3.300000e-03  3.028270e+05
3.311311e-03  3.004533e+05
3.349654e-03  2.926118e+05
3.388442e-03  2.849856e+05
3.400000e-03  2.827714e+05
3.427678e-03  2.775674e+05
3.467369e-03  2.703564e+05
3.507519e-03  2.633245e+05
3.548134e-03  2.564375e+05
3.589219e-03  2.496993e+05
3.630781e-03  2.431331e+05
3.672823e-03  2.367506e+05
3.715352e-03  2.305230e+05
3.758374e-03  2.244648e+05
3.801894e-03  2.185609e+05
3.845918e-03  2.128255e+05
3.900000e-03  2.060307e+05
3.935501e-03  2.017154e+05
3.981072e-03  1.963563e+05
4.000000e-03  1.941919e+05
4.027170e-03  1.911469e+05
4.073803e-03  1.860795e+05
4.120975e-03  1.811395e+05
4.134300e-03  1.797778e+05
4.134300e-03  4.195756e+05
4.140000e-03  4.180615e+05
4.168694e-03  4.105531e+05
4.216965e-03  3.983409e+05
4.261100e-03  3.875984e+05
4.265795e-03  3.865536e+05
4.365158e-03  3.653049e+05
4.366900e-03  3.649475e+05
4.366900e-03  5.168275e+05
4.415704e-03  5.030912e+05
4.466836e-03  4.888424e+05
4.490000e-03  4.825750e+05
4.500000e-03  4.797667e+05
4.518559e-03  4.746054e+05
4.570882e-03  4.604658e+05
4.623810e-03  4.467213e+05
4.677351e-03  4.336112e+05
4.841724e-03  3.965203e+05
4.897788e-03  3.848911e+05
4.954502e-03  3.736039e+05
4.968600e-03  3.708291e+05
4.968600e-03  4.337416e+05
5.000000e-03  4.268031e+05
5.011872e-03  4.242193e+05
5.050000e-03  4.160567e+05
5.069907e-03  4.120185e+05
5.128614e-03  4.004113e+05
5.188000e-03  3.891268e+05
5.248075e-03  3.781734e+05
5.308844e-03  3.674281e+05
5.370318e-03  3.570000e+05
5.432503e-03  3.468154e+05
5.495409e-03  3.368425e+05
5.500000e-03  3.361309e+05
5.559043e-03  3.271675e+05
5.623413e-03  3.177712e+05
5.688529e-03  3.086347e+05
5.821032e-03  2.909594e+05
5.956621e-03  2.743355e+05
6.025596e-03  2.663974e+05
6.095369e-03  2.586950e+05
6.148800e-03  2.530068e+05
6.148800e-03  2.684020e+05
6.165950e-03  2.665782e+05
6.237348e-03  2.591689e+05
6.309573e-03  2.519152e+05
6.340000e-03  2.489488e+05
6.400000e-03  2.432263e+05
6.456542e-03  2.379680e+05
6.500000e-03  2.340367e+05
6.523300e-03  2.319579e+05
6.523300e-03  2.416539e+05
6.531306e-03  2.409289e+05
6.606934e-03  2.342299e+05
6.683439e-03  2.277293e+05
6.700000e-03  2.263573e+05
6.740000e-03  2.230825e+05
6.839116e-03  2.152933e+05
6.900000e-03  2.106648e+05
6.918310e-03  2.092990e+05
7.079458e-03  1.977873e+05
7.161434e-03  1.922928e+05
7.300000e-03  1.834696e+05
7.328245e-03  1.817430e+05
7.413102e-03  1.766796e+05
7.500000e-03  1.716772e+05
7.585776e-03  1.669366e+05
7.650000e-03  1.635074e+05
7.673615e-03  1.622693e+05
7.762471e-03  1.576962e+05
7.852356e-03  1.532609e+05
7.943282e-03  1.489542e+05
8.000000e-03  1.463610e+05
8.128305e-03  1.407148e+05
8.222426e-03  1.367749e+05
8.317638e-03  1.329514e+05
8.413951e-03  1.292011e+05
8.500000e-03  1.259771e+05
8.511380e-03  1.255559e+05
8.709636e-03  1.185022e+05
8.810489e-03  1.151348e+05
8.912509e-03  1.118569e+05
9.015711e-03  1.086776e+05
9.225714e-03  1.025594e+05
9.332543e-03  9.963924e+04
9.440609e-03  9.680193e+04
9.500000e-03  9.529285e+04
9.549926e-03  9.405050e+04
9.660509e-03  9.137525e+04
9.885531e-03  8.625851e+04
1.000000e-02  8.381528e+04
1.011579e-02  8.144134e+04
1.023293e-02  7.913841e+04
1.035142e-02  7.688772e+04
1.040000e-02  7.599087e+04
1.059254e-02  7.255362e+04
1.060000e-02  7.242506e+04
1.071519e-02  7.047590e+04
1.080000e-02  6.908861e+04
1.083927e-02  6.845645e+04
1.096478e-02  6.649156e+04
1.109175e-02  6.457651e+04
1.122018e-02  6.270892e+04
1.135011e-02  6.089817e+04
1.148154e-02  5.914036e+04
1.161449e-02  5.743633e+04
1.174898e-02  5.578261e+04
1.188502e-02  5.417760e+04
1.202264e-02  5.261610e+04
1.230269e-02  4.963317e+04
1.244515e-02  4.820699e+04
1.258925e-02  4.682444e+04
1.273503e-02  4.548131e+04
1.303167e-02  4.290371e+04
1.318257e-02  4.166517e+04
1.319400e-02  4.157296e+04
1.333521e-02  4.045661e+04
1.348963e-02  3.928505e+04
1.350000e-02  3.920811e+04
1.364583e-02  3.814890e+04
1.380384e-02  3.704275e+04
1.396368e-02  3.596741e+04
1.400000e-02  3.572934e+04
1.412538e-02  3.492162e+04
1.416900e-02  3.464680e+04
1.428894e-02  3.390631e+04
1.445440e-02  3.291641e+04
1.496236e-02  3.012541e+04
1.500000e-02  2.993240e+04
1.513561e-02  2.925043e+04
1.520000e-02  2.893435e+04
1.531087e-02  2.840155e+04
1.548817e-02  2.757750e+04
1.566751e-02  2.677570e+04
1.584893e-02  2.599832e+04
1.603245e-02  2.524389e+04
1.621810e-02  2.450941e+04
1.640590e-02  2.379681e+04
1.650000e-02  2.345091e+04
1.678804e-02  2.242939e+04
1.698244e-02  2.177383e+04
1.717908e-02  2.113700e+04
1.737801e-02  2.051972e+04
1.757924e-02  1.991910e+04
1.778279e-02  1.933561e+04
1.798871e-02  1.876844e+04
1.800000e-02  1.873802e+04
1.840772e-02  1.768441e+04
1.850000e-02  1.745781e+04
1.862087e-02  1.716703e+04
1.883649e-02  1.666534e+04
1.905461e-02  1.617682e+04
1.927525e-02  1.570295e+04
1.946200e-02  1.531633e+04
1.946200e-02  3.571861e+04
1.949845e-02  3.554963e+04
1.972423e-02  3.452779e+04
1.985000e-02  3.397593e+04
2.000000e-02  3.330028e+04
2.018366e-02  3.249830e+04
2.041738e-02  3.151412e+04
2.065380e-02  3.055993e+04
2.089296e-02  2.963434e+04
2.113489e-02  2.873531e+04
2.137962e-02  2.786377e+04
2.162719e-02  2.701894e+04
2.187762e-02  2.620015e+04
2.213095e-02  2.540584e+04
2.238721e-02  2.463495e+04
2.264644e-02  2.388789e+04
2.290868e-02  2.315152e+04
2.300000e-02  2.290250e+04
2.317395e-02  2.243787e+04
2.371374e-02  2.107456e+04
2.400000e-02  2.039784e+04
2.426610e-02  1.979499e+04
2.450300e-02  1.927760e+04
2.450300e-02  2.751968e+04
2.454709e-02  2.739739e+04
2.480000e-02  2.671086e+04
2.483133e-02  2.662437e+04
2.511886e-02  2.584860e+04
2.529400e-02  2.538371e+04
2.529400e-02  2.928430e+04
2.540973e-02  2.893954e+04
2.550000e-02  2.867444e+04
2.553000e-02  2.859060e+04
2.600160e-02  2.731598e+04
2.630268e-02  2.654106e+04
2.640000e-02  2.629723e+04
2.691535e-02  2.506694e+04
2.722701e-02  2.435182e+04
2.754229e-02  2.365759e+04
2.770000e-02  2.332044e+04
2.786121e-02  2.298674e+04
2.800000e-02  2.270492e+04
2.818383e-02  2.233872e+04
2.820000e-02  2.230660e+04
2.851018e-02  2.169767e+04
2.900000e-02  2.078320e+04
2.917427e-02  2.046796e+04
2.951209e-02  1.987530e+04
3.000000e-02  1.906157e+04
3.019952e-02  1.874232e+04
3.054921e-02  1.820069e+04
3.126079e-02  1.716527e+04
3.150000e-02  1.683600e+04
3.162278e-02  1.667043e+04
3.198895e-02  1.618841e+04
3.273407e-02  1.526593e+04
3.300000e-02  1.495443e+04
3.388442e-02  1.398034e+04
3.467369e-02  1.318547e+04
3.507519e-02  1.280239e+04
3.548134e-02  1.243075e+04
3.589219e-02  1.207013e+04
3.630781e-02  1.171804e+04
3.672823e-02  1.137597e+04
3.715352e-02  1.104188e+04
3.758374e-02  1.071778e+04
3.801894e-02  1.040312e+04
3.845918e-02  1.009792e+04
3.890451e-02  9.800534e+03
3.935501e-02  9.511896e+03
3.981072e-02  9.232000e+03
4.027170e-02  8.959152e+03
4.120975e-02  8.437735e+03
4.168694e-02  8.188784e+03
4.216965e-02  7.947022e+03
4.265795e-02  7.712561e+03
4.365158e-02  7.264610e+03
4.415704e-02  7.050510e+03
4.472100e-02  6.821928e+03
4.518559e-02  6.641395e+03
4.570882e-02  6.446049e+03
4.623810e-02  6.256600e+03
4.786301e-02  5.714915e+03
4.800000e-02  5.672294e+03
4.841724e-02  5.545052e+03
4.897788e-02  5.380325e+03
4.900000e-02  5.373968e+03
4.954502e-02  5.219589e+03
5.011872e-02  5.063720e+03
5.069907e-02  4.912605e+03
5.128614e-02  4.765962e+03
5.188000e-02  4.623792e+03
5.248075e-02  4.485941e+03
5.308844e-02  4.352299e+03
5.370318e-02  4.222704e+03
5.500000e-02  3.966488e+03
5.559043e-02  3.856669e+03
5.623413e-02  3.741636e+03
5.688529e-02  3.630077e+03
5.754399e-02  3.521893e+03
5.821032e-02  3.416050e+03
5.956621e-02  3.214027e+03
6.025596e-02  3.117551e+03
6.165950e-02  2.933378e+03
6.237348e-02  2.845510e+03
6.309573e-02  2.759798e+03
6.456542e-02  2.596158e+03
6.531306e-02  2.518017e+03
6.606934e-02  2.442206e+03
6.683439e-02  2.368702e+03
6.760830e-02  2.297456e+03
6.839116e-02  2.228394e+03
6.998420e-02  2.096529e+03
7.079458e-02  2.033614e+03
7.161434e-02  1.972571e+03
7.244360e-02  1.913229e+03
7.498942e-02  1.745306e+03
7.500000e-02  1.744652e+03
7.585776e-02  1.692423e+03
7.852356e-02  1.543222e+03
7.943282e-02  1.496492e+03
8.035261e-02  1.451191e+03
8.128305e-02  1.407288e+03
8.317638e-02  1.323502e+03
8.609938e-02  1.207221e+03
8.709636e-02  1.170791e+03
8.810489e-02  1.135478e+03
9.120108e-02  1.035459e+03
9.225714e-02  1.004067e+03
9.332543e-02  9.736429e+02
9.549926e-02  9.154590e+02
9.660509e-02  8.877074e+02
9.772372e-02  8.607912e+02
9.885531e-02  8.347043e+02
1.011580e-01  7.849180e+02
1.023293e-01  7.610725e+02
1.035142e-01  7.379627e+02
1.059254e-01  6.938480e+02
1.071519e-01  6.727928e+02
1.096478e-01  6.326038e+02
1.109175e-01  6.134329e+02
1.161449e-01  5.424073e+02
1.188502e-01  5.100851e+02
1.216186e-01  4.795866e+02
1.244515e-01  4.509375e+02
1.273503e-01  4.240184e+02
1.288250e-01  4.111763e+02
1.303167e-01  3.987296e+02
1.318257e-01  3.866607e+02
1.322100e-01  3.836683e+02
1.322100e-01  1.541953e+03
1.333521e-01  1.508306e+03
1.344000e-01  1.478327e+03
1.353000e-01  1.455885e+03
1.364583e-01  1.422314e+03
1.365000e-01  1.421125e+03
1.380384e-01  1.384853e+03
1.385000e-01  1.374231e+03
1.396368e-01  1.345301e+03
1.400000e-01  1.336237e+03
1.425000e-01  1.276072e+03
1.428894e-01  1.267539e+03
1.445440e-01  1.232128e+03
1.500000e-01  1.124785e+03
1.513561e-01  1.099319e+03
1.548817e-01  1.036770e+03
1.584893e-01  9.777972e+02
1.603245e-01  9.495860e+02
1.621810e-01  9.221914e+02
1.640590e-01  8.955903e+02
1.678804e-01  8.446781e+02
1.698244e-01  8.205201e+02
1.757924e-01  7.521304e+02
1.778279e-01  7.306312e+02
1.819701e-01  6.894637e+02
1.862087e-01  6.506260e+02
1.883649e-01  6.320509e+02
1.905461e-01  6.140078e+02
1.927525e-01  5.964024e+02
1.972423e-01  5.626993e+02
2.000000e-01  5.433074e+02
2.018366e-01  5.309083e+02
2.089296e-01  4.865690e+02
2.113489e-01  4.726308e+02
2.137962e-01  4.591009e+02
2.162719e-01  4.459593e+02
2.213095e-01  4.207979e+02
2.264644e-01  3.970637e+02
2.290868e-01  3.857739e+02
2.317395e-01  3.748065e+02
2.371374e-01  3.538173e+02
2.398833e-01  3.437703e+02
2.426610e-01  3.340094e+02
2.454709e-01  3.245270e+02
2.511886e-01  3.063648e+02
2.570396e-01  2.892326e+02
2.630268e-01  2.730611e+02
2.691535e-01  2.577969e+02
2.722701e-01  2.504971e+02
2.754229e-01  2.434058e+02
2.786121e-01  2.365245e+02
2.818383e-01  2.299163e+02
2.884032e-01  2.172526e+02
2.917427e-01  2.111858e+02
2.951209e-01  2.052921e+02
2.985383e-01  1.995633e+02
3.019952e-01  1.939949e+02
3.054921e-01  1.885822e+02
3.090295e-01  1.833209e+02
3.126079e-01  1.782066e+02
3.162278e-01  1.732353e+02
3.198895e-01  1.684078e+02
3.235937e-01  1.637780e+02
3.273407e-01  1.592769e+02
3.349654e-01  1.506476e+02
3.388442e-01  1.465185e+02
3.427678e-01  1.425031e+02
3.467369e-01  1.385979e+02
3.507519e-01  1.348000e+02
3.548134e-01  1.311064e+02
3.589219e-01  1.275144e+02
3.672823e-01  1.206234e+02
3.715352e-01  1.173225e+02
3.758374e-01  1.141121e+02
3.801894e-01  1.110383e+02
3.845918e-01  1.080499e+02
3.890451e-01  1.051422e+02
3.935501e-01  1.023131e+02
3.981072e-01  9.956141e+01
4.000000e-01  9.844942e+01
4.027170e-01  9.688391e+01
4.073803e-01  9.428296e+01
4.120975e-01  9.175206e+01
4.168694e-01  8.928920e+01
4.216965e-01  8.689262e+01
4.265795e-01  8.456293e+01
4.315191e-01  8.229746e+01
4.365158e-01  8.009293e+01
4.415705e-01  7.799006e+01
4.466836e-01  7.594257e+01
4.518559e-01  7.394895e+01
4.570882e-01  7.200773e+01
4.623810e-01  7.011760e+01
4.677351e-01  6.827739e+01
4.731513e-01  6.648638e+01
4.786301e-01  6.474599e+01
4.897788e-01  6.140727e+01
4.954502e-01  5.980322e+01
5.000000e-01  5.858200e+01
5.011872e-01  5.826927e+01
5.128614e-01  5.531963e+01
5.188000e-01  5.390141e+01
5.248075e-01  5.251959e+01
5.308844e-01  5.117329e+01
5.370318e-01  4.986250e+01
5.432503e-01  4.858617e+01
5.495409e-01  4.734665e+01
5.623413e-01  4.496198e+01
5.688529e-01  4.381517e+01
5.754399e-01  4.271925e+01
5.821032e-01  4.165078e+01
5.888437e-01  4.060908e+01
5.956621e-01  3.959410e+01
6.000000e-01  3.896749e+01
6.025596e-01  3.860451e+01
6.095369e-01  3.763989e+01
6.165950e-01  3.670063e+01
6.237348e-01  3.578500e+01
6.309573e-01  3.489269e+01
6.382635e-01  3.402455e+01
6.456542e-01  3.317837e+01
6.531306e-01  3.235329e+01
6.606935e-01  3.156537e+01
6.683439e-01  3.079668e+01
6.760830e-01  3.004684e+01
6.839117e-01  2.931531e+01
6.918310e-01  2.860253e+01
6.998420e-01  2.790711e+01
7.079458e-01  2.722861e+01
7.161434e-01  2.656664e+01
7.244360e-01  2.592111e+01
7.328245e-01  2.529201e+01
7.413102e-01  2.467960e+01
7.498942e-01  2.408210e+01
7.585776e-01  2.351134e+01
7.673615e-01  2.295415e+01
7.852356e-01  2.188025e+01
8.000000e-01  2.104838e+01
8.035261e-01  2.085665e+01
8.222427e-01  1.988153e+01
8.317638e-01  1.941137e+01
8.413951e-01  1.895235e+01
8.511380e-01  1.850426e+01
8.609938e-01  1.806813e+01
8.709636e-01  1.765124e+01
8.810489e-01  1.724472e+01
8.912509e-01  1.684758e+01
9.015711e-01  1.645959e+01
9.120108e-01  1.608074e+01
9.225714e-01  1.571065e+01
9.332543e-01  1.534935e+01
9.440609e-01  1.499646e+01
9.549926e-01  1.465229e+01
9.660509e-01  1.431610e+01
9.772372e-01  1.398873e+01
9.885531e-01  1.367566e+01
1.000000e+00  1.336970e+01
1.011579e+00  1.307061e+01
1.023293e+00  1.277819e+01
1.035142e+00  1.249274e+01
1.047129e+00  1.221390e+01
1.059254e+00  1.194133e+01
1.071519e+00  1.167491e+01
1.083927e+00  1.141442e+01
1.096478e+00  1.115976e+01
1.109175e+00  1.091087e+01
1.122018e+00  1.066775e+01
1.135011e+00  1.043002e+01
1.148154e+00  1.019762e+01
1.161449e+00  9.970735e+00
1.174898e+00  9.748928e+00
1.188502e+00  9.532074e+00
1.202264e+00  9.320700e+00
1.216186e+00  9.118615e+00
1.230269e+00  8.920920e+00
1.244515e+00  8.727612e+00
1.250000e+00  8.654885e+00
1.258925e+00  8.538529e+00
1.273503e+00  8.353545e+00
1.303167e+00  7.996027e+00
1.318257e+00  7.823087e+00
1.333521e+00  7.654003e+00
1.348963e+00  7.489158e+00
1.364583e+00  7.331709e+00
1.380384e+00  7.177569e+00
1.412538e+00  6.879106e+00
1.428894e+00  6.734569e+00
1.479108e+00  6.319393e+00
1.500000e+00  6.158254e+00
1.513561e+00  6.057026e+00
1.531087e+00  5.930501e+00
1.548817e+00  5.810059e+00
1.603245e+00  5.463238e+00
1.659587e+00  5.137237e+00
1.678804e+00  5.033083e+00
1.698244e+00  4.931059e+00
1.717908e+00  4.831110e+00
1.737801e+00  4.733565e+00
1.757924e+00  4.640459e+00
1.778279e+00  4.549202e+00
1.840772e+00  4.286184e+00
1.862087e+00  4.201972e+00
1.883649e+00  4.119415e+00
1.905461e+00  4.038479e+00
1.927525e+00  3.959254e+00
1.949845e+00  3.881584e+00
1.972423e+00  3.805736e+00
1.995262e+00  3.731376e+00
2.000000e+00  3.716632e+00
2.018366e+00  3.660360e+00
2.065380e+00  3.522445e+00
2.089296e+00  3.455449e+00
2.113489e+00  3.389755e+00
2.137962e+00  3.325311e+00
2.162719e+00  3.262090e+00
2.187762e+00  3.200155e+00
2.213095e+00  3.139408e+00
2.238721e+00  3.079818e+00
2.264644e+00  3.021594e+00
2.290868e+00  2.964472e+00
2.317395e+00  2.909912e+00
2.371374e+00  2.803846e+00
2.398833e+00  2.752272e+00
2.426610e+00  2.701669e+00
2.454709e+00  2.651995e+00
2.483133e+00  2.603236e+00
2.511886e+00  2.555437e+00
2.540973e+00  2.508524e+00
2.570396e+00  2.462475e+00
2.600160e+00  2.417449e+00
2.630268e+00  2.373251e+00
2.660725e+00  2.330971e+00
2.722701e+00  2.248702e+00
2.754229e+00  2.208663e+00
2.786121e+00  2.169355e+00
2.818383e+00  2.130745e+00
2.851018e+00  2.092824e+00
2.884032e+00  2.055625e+00
2.917427e+00  2.019096e+00
2.951209e+00  1.983218e+00
3.000000e+00  1.933415e+00
3.019952e+00  1.913640e+00
3.054921e+00  1.880643e+00
3.126079e+00  1.816382e+00
3.162278e+00  1.785079e+00
3.198895e+00  1.754316e+00
3.235937e+00  1.724096e+00
3.273407e+00  1.694398e+00
3.311311e+00  1.665210e+00
3.349654e+00  1.636564e+00
3.388442e+00  1.608415e+00
3.427678e+00  1.580752e+00
3.467369e+00  1.553674e+00
3.507519e+00  1.527061e+00
3.548134e+00  1.501591e+00
3.630781e+00  1.451946e+00
3.672823e+00  1.427743e+00
3.715352e+00  1.403943e+00
3.758374e+00  1.380549e+00
3.801894e+00  1.357546e+00
3.845918e+00  1.334926e+00
3.890451e+00  1.312711e+00
3.935501e+00  1.290870e+00
4.000000e+00  1.260651e+00
4.027170e+00  1.248323e+00
4.073803e+00  1.227635e+00
4.120975e+00  1.207291e+00
4.168694e+00  1.187798e+00
4.265795e+00  1.149772e+00
4.315191e+00  1.131218e+00
4.365158e+00  1.112964e+00
4.415704e+00  1.095012e+00
4.466836e+00  1.077349e+00
4.518559e+00  1.059972e+00
4.570882e+00  1.042897e+00
4.623810e+00  1.026101e+00
4.677351e+00  1.009576e+00
4.731513e+00  9.933814e-01
4.786301e+00  9.774477e-01
4.841724e+00  9.617695e-01
4.897788e+00  9.467419e-01
5.011872e+00  9.174036e-01
5.069907e+00  9.030771e-01
5.128614e+00  8.889745e-01
5.188000e+00  8.750984e-01
5.248075e+00  8.614385e-01
5.308844e+00  8.479923e-01
5.370318e+00  8.347732e-01
5.432503e+00  8.217631e-01
5.495409e+00  8.089563e-01
5.559043e+00  7.963988e-01
5.623413e+00  7.840371e-01
5.688529e+00  7.718673e-01
5.754399e+00  7.601873e-01
5.956621e+00  7.262150e-01
6.025596e+00  7.152316e-01
6.095369e+00  7.044145e-01
6.165950e+00  6.937656e-01
6.237348e+00  6.832777e-01
6.309573e+00  6.729483e-01
6.382635e+00  6.627881e-01
6.456542e+00  6.527834e-01
6.531306e+00  6.429301e-01
6.606934e+00  6.332627e-01
6.683439e+00  6.237409e-01
6.760830e+00  6.143625e-01
6.839116e+00  6.053505e-01
7.161434e+00  5.706228e-01
7.244360e+00  5.622568e-01
7.328245e+00  5.540135e-01
7.413102e+00  5.458945e-01
7.498942e+00  5.378944e-01
7.585776e+00  5.300116e-01
7.673615e+00  5.222544e-01
7.762471e+00  5.146123e-01
7.852356e+00  5.070826e-01
8.000000e+00  4.951791e-01
8.035261e+00  4.924100e-01
8.128305e+00  4.852341e-01
8.222427e+00  4.783412e-01
8.609938e+00  4.517490e-01
8.709636e+00  4.453353e-01
8.810489e+00  4.390126e-01
8.912509e+00  4.327822e-01
9.015711e+00  4.266401e-01
9.225714e+00  4.146162e-01
9.332543e+00  4.087389e-01
9.440609e+00  4.029459e-01
9.549926e+00  3.972352e-01
9.660509e+00  3.916056e-01
9.885531e+00  3.806263e-01
1.000000e+01  3.752530e-01
1.011579e+01  3.700865e-01
1.047129e+01  3.550169e-01
1.059254e+01  3.501316e-01
1.071519e+01  3.453136e-01
1.083927e+01  3.405633e-01
1.122018e+01  3.267017e-01
1.135011e+01  3.222126e-01
1.161449e+01  3.134205e-01
1.174898e+01  3.091150e-01
1.202264e+01  3.006811e-01
1.230269e+01  2.925067e-01
1.244515e+01  2.885036e-01
1.258925e+01  2.846472e-01
1.288250e+01  2.770914e-01
1.300000e+01  2.741676e-01
1.303167e+01  2.733893e-01
1.318257e+01  2.697365e-01
1.333521e+01  2.661341e-01
1.400000e+01  2.514348e-01
1.412538e+01  2.488334e-01
1.445440e+01  2.422403e-01
1.462177e+01  2.390097e-01
1.500000e+01  2.319963e-01
1.531087e+01  2.265300e-01
1.548817e+01  2.235189e-01
1.566751e+01  2.206067e-01
1.603245e+01  2.148979e-01
1.621810e+01  2.120991e-01
1.640590e+01  2.093367e-01
1.678804e+01  2.039196e-01
1.698244e+01  2.012646e-01
1.717908e+01  1.986443e-01
1.840772e+01  1.836233e-01
1.862087e+01  1.812353e-01
1.905461e+01  1.765529e-01
1.927525e+01  1.742574e-01
1.949845e+01  1.719917e-01
1.972423e+01  1.697628e-01
2.000000e+01  1.671135e-01
2.018366e+01  1.654274e-01
2.041738e+01  1.633289e-01
2.065380e+01  1.612571e-01
2.089296e+01  1.592115e-01
2.113489e+01  1.571924e-01
2.137962e+01  1.551989e-01
2.454709e+01  1.331601e-01
2.483133e+01  1.314730e-01
2.511886e+01  1.298076e-01
2.540973e+01  1.281673e-01
3.162278e+01  1.009996e-01
3.198895e+01  9.974119e-02
3.235937e+01  9.852220e-02
4.518559e+01  6.898547e-02
4.570882e+01  6.814287e-02
4.623810e+01  6.732608e-02
6.839116e+01  4.469147e-02
6.918310e+01  4.415608e-02
6.998420e+01  4.363536e-02
1.148154e+02  2.620676e-02
1.161449e+02  2.589823e-02
1.174898e+02  2.559664e-02
2.290868e+02  1.297881e-02
2.317395e+02  1.282786e-02
2.344229e+02  1.267981e-02
4.570882e+02  6.468197e-03
4.623810e+02  6.393600e-03
4.677351e+02  6.320159e-03
1.819701e+03  1.617142e-03
1.840772e+03  1.598575e-03
1.862087e+03  1.580269e-03
1.000000e+05  2.939021e-05
-1  -1
-2  -2
