5.140000e-06 0.000000e+00
5.140000e-06  2.723952e+06
5.340000e-06  2.253835e+06
5.340000e-06  6.352807e+06
5.559043e-06  6.220940e+06
5.580000e-06  6.212938e+06
5.580000e-06  8.701178e+06
5.623413e-06  8.723216e+06
5.821032e-06  8.839491e+06
5.850000e-06  8.858804e+06
6.025596e-06  8.978751e+06
6.100000e-06  9.034923e+06
6.309573e-06  9.193080e+06
6.382635e-06  9.251536e+06
6.456542e-06  9.306963e+06
6.606934e-06  9.429027e+06
6.700000e-06  9.504623e+06
6.760830e-06  9.548993e+06
6.918310e-06  9.670345e+06
7.100000e-06  9.812024e+06
7.244360e-06  9.915838e+06
7.413102e-06  1.003413e+07
7.500000e-06  1.009726e+07
7.600000e-06  1.016218e+07
7.762471e-06  1.026068e+07
7.852356e-06  1.031661e+07
8.000000e-06  1.039629e+07
8.128305e-06  1.045939e+07
8.317638e-06  1.055504e+07
8.413951e-06  1.059536e+07
8.511380e-06  1.063084e+07
8.709636e-06  1.070453e+07
8.850000e-06  1.074572e+07
9.120108e-06  1.081128e+07
9.225714e-06  1.082797e+07
9.549926e-06  1.086125e+07
9.700000e-06  1.086353e+07
1.000000e-05  1.085085e+07
1.011579e-05  1.083514e+07
1.027000e-05  1.080505e+07
1.050000e-05  1.076216e+07
1.060000e-05  1.073397e+07
1.071519e-05  1.069412e+07
1.092000e-05  1.062522e+07
1.100000e-05  1.059897e+07
1.110000e-05  1.055676e+07
1.127000e-05  1.047651e+07
1.142000e-05  1.040746e+07
1.150000e-05  1.037130e+07
1.161449e-05  1.030281e+07
1.180000e-05  1.019448e+07
1.195000e-05  1.010913e+07
1.202264e-05  1.006850e+07
1.207000e-05  1.003556e+07
1.222000e-05  9.932906e+06
1.240000e-05  9.812897e+06
1.250000e-05  9.747693e+06
1.260000e-05  9.670386e+06
1.280000e-05  9.519576e+06
1.303167e-05  9.350873e+06
1.320000e-05  9.212783e+06
1.340000e-05  9.053702e+06
1.350000e-05  8.976132e+06
1.365000e-05  8.847370e+06
1.396500e-05  8.587563e+06
1.400000e-05  8.559549e+06
1.428894e-05  8.306937e+06
1.462177e-05  8.031393e+06
1.480000e-05  7.874061e+06
1.530000e-05  7.458628e+06
1.531087e-05  7.449641e+06
1.590000e-05  6.961766e+06
1.603245e-05  6.855795e+06
1.659587e-05  6.413183e+06
1.678804e-05  6.267971e+06
1.737801e-05  5.835473e+06
1.770000e-05  5.612219e+06
1.819701e-05  5.280337e+06
1.830000e-05  5.215162e+06
1.862087e-05  5.015149e+06
1.905461e-05  4.754518e+06
1.927525e-05  4.629362e+06
1.980000e-05  4.345024e+06
2.000000e-05  4.240592e+06
2.041738e-05  4.033827e+06
2.089296e-05  3.811512e+06
2.113489e-05  3.705024e+06
2.190000e-05  3.387690e+06
2.264644e-05  3.109383e+06
2.300000e-05  2.986181e+06
2.371374e-05  2.757421e+06
2.426610e-05  2.594605e+06
2.454709e-05  2.516862e+06
2.540973e-05  2.293345e+06
2.559000e-05  2.250135e+06
2.559000e-05  1.138941e+07
2.570396e-05  1.125991e+07
2.620000e-05  1.071792e+07
2.650000e-05  1.038311e+07
2.660725e-05  1.026639e+07
2.691535e-05  9.940832e+06
2.754229e-05  9.285965e+06
2.786121e-05  8.974231e+06
2.818383e-05  8.658962e+06
2.833000e-05  8.520932e+06
2.833000e-05  1.299797e+07
2.851018e-05  1.277365e+07
2.884032e-05  1.237543e+07
2.917427e-05  1.197630e+07
2.940000e-05  1.170935e+07
2.951209e-05  1.157634e+07
2.985383e-05  1.118248e+07
3.000000e-05  1.101951e+07
3.054921e-05  1.042104e+07
3.080000e-05  1.016151e+07
3.090295e-05  1.005534e+07
3.150000e-05  9.454764e+06
3.162278e-05  9.336955e+06
3.198895e-05  8.996848e+06
3.235937e-05  8.662994e+06
3.273407e-05  8.340816e+06
3.350000e-05  7.720561e+06
3.450000e-05  6.984737e+06
3.507519e-05  6.601586e+06
3.548134e-05  6.343475e+06
3.589219e-05  6.095002e+06
3.650000e-05  5.748958e+06
3.715352e-05  5.403862e+06
3.758374e-05  5.188581e+06
3.850000e-05  4.764812e+06
3.981072e-05  4.231853e+06
4.000000e-05  4.161239e+06
4.027170e-05  4.061892e+06
4.073803e-05  3.900244e+06
4.220000e-05  3.443363e+06
4.265795e-05  3.314367e+06
4.315191e-05  3.182091e+06
4.365000e-05  3.057028e+06
4.365000e-05  3.143553e+06
4.466836e-05  2.910752e+06
4.570882e-05  2.696572e+06
4.700000e-05  2.463536e+06
4.731513e-05  2.410947e+06
4.841724e-05  2.240240e+06
4.900000e-05  2.158383e+06
4.920000e-05  2.131283e+06
5.011872e-05  2.012702e+06
5.128614e-05  1.875362e+06
5.150000e-05  1.852468e+06
5.308844e-05  1.694105e+06
5.400000e-05  1.612226e+06
5.500000e-05  1.530783e+06
5.650000e-05  1.421252e+06
5.688529e-05  1.394946e+06
5.821032e-05  1.312247e+06
5.888437e-05  1.273104e+06
5.900000e-05  1.266669e+06
5.956621e-05  1.235716e+06
6.025596e-05  1.200618e+06
6.165950e-05  1.134120e+06
6.237348e-05  1.102423e+06
6.400000e-05  1.038370e+06
6.456542e-05  1.017395e+06
6.531306e-05  9.907601e+05
6.606934e-05  9.658981e+05
6.650000e-05  9.524563e+05
6.683439e-05  9.422381e+05
6.839116e-05  8.966956e+05
6.918310e-05  8.757946e+05
7.161434e-05  8.172828e+05
7.244360e-05  7.994353e+05
7.413102e-05  7.659700e+05
7.500000e-05  7.494975e+05
7.585776e-05  7.344633e+05
7.762471e-05  7.058882e+05
7.852356e-05  6.919187e+05
7.943282e-05  6.788113e+05
8.128305e-05  6.542115e+05
8.150000e-05  6.514473e+05
8.222426e-05  6.422052e+05
8.317638e-05  6.308772e+05
8.511380e-05  6.095576e+05
8.609938e-05  5.992776e+05
8.709636e-05  5.890563e+05
8.810489e-05  5.796702e+05
9.070000e-05  5.569573e+05
9.120108e-05  5.527993e+05
9.150000e-05  5.503008e+05
9.300000e-05  5.383467e+05
9.332543e-05  5.359235e+05
9.500000e-05  5.238206e+05
9.549926e-05  5.203297e+05
9.580000e-05  5.182910e+05
9.740000e-05  5.077335e+05
9.800000e-05  5.038991e+05
9.950000e-05  4.943902e+05
1.000000e-04  4.913076e+05
1.011579e-04  4.846994e+05
1.023293e-04  4.782138e+05
1.035142e-04  4.718437e+05
1.047129e-04  4.655929e+05
1.059254e-04  4.595813e+05
1.071519e-04  4.535391e+05
1.083927e-04  4.475980e+05
1.096478e-04  4.419525e+05
1.109175e-04  4.363986e+05
1.110000e-04  4.360505e+05
1.122018e-04  4.310598e+05
1.135011e-04  4.258051e+05
1.137600e-04  4.247769e+05
1.137600e-04  1.127815e+06
1.140000e-04  1.142052e+06
1.146000e-04  1.186637e+06
1.148154e-04  1.205153e+06
1.152000e-04  1.239317e+06
1.161449e-04  1.334869e+06
1.167000e-04  1.396125e+06
1.168300e-04  1.410099e+06
1.168300e-04  1.886055e+06
1.169700e-04  1.906201e+06
1.174898e-04  1.988729e+06
1.175000e-04  1.990460e+06
1.180000e-04  2.072143e+06
1.185200e-04  2.158322e+06
1.187000e-04  2.186847e+06
1.190000e-04  2.236090e+06
1.195000e-04  2.314151e+06
1.200000e-04  2.387980e+06
1.202264e-04  2.418938e+06
1.205000e-04  2.455279e+06
1.209500e-04  2.509794e+06
1.210000e-04  2.515559e+06
1.215000e-04  2.566098e+06
1.216186e-04  2.577223e+06
1.220000e-04  2.608306e+06
1.221000e-04  2.615479e+06
1.225000e-04  2.640183e+06
1.227000e-04  2.650063e+06
1.230269e-04  2.662944e+06
1.232000e-04  2.669861e+06
1.238000e-04  2.679036e+06
1.240000e-04  2.680061e+06
1.243000e-04  2.678211e+06
1.244515e-04  2.675771e+06
1.247000e-04  2.671851e+06
1.249000e-04  2.666916e+06
1.254500e-04  2.648166e+06
1.255000e-04  2.646046e+06
1.260000e-04  2.620939e+06
1.262300e-04  2.607642e+06
1.265000e-04  2.592185e+06
1.267000e-04  2.579515e+06
1.275000e-04  2.522951e+06
1.283000e-04  2.458297e+06
1.290000e-04  2.399996e+06
1.300000e-04  2.311519e+06
1.303167e-04  2.283168e+06
1.307000e-04  2.249474e+06
1.311000e-04  2.213871e+06
1.322000e-04  2.116725e+06
1.333521e-04  2.018415e+06
1.340000e-04  1.964511e+06
1.350000e-04  1.883161e+06
1.364583e-04  1.772407e+06
1.365000e-04  1.769371e+06
1.369600e-04  1.735697e+06
1.400000e-04  1.531252e+06
1.412538e-04  1.455386e+06
1.445440e-04  1.279576e+06
1.462177e-04  1.202980e+06
1.472000e-04  1.161010e+06
1.490000e-04  1.091319e+06
1.496236e-04  1.068982e+06
1.513561e-04  1.012163e+06
1.520000e-04  9.928469e+05
1.531087e-04  9.616196e+05
1.540000e-04  9.385780e+05
1.550000e-04  9.143828e+05
1.560000e-04  8.923467e+05
1.570000e-04  8.718518e+05
1.580000e-04  8.531690e+05
1.584893e-04  8.446335e+05
1.585000e-04  8.444484e+05
1.600000e-04  8.206232e+05
1.603245e-04  8.158661e+05
1.620000e-04  7.938261e+05
1.621810e-04  7.916465e+05
1.630000e-04  7.827716e+05
1.640590e-04  7.715445e+05
1.659587e-04  7.552973e+05
1.660000e-04  7.549507e+05
1.678804e-04  7.425583e+05
1.680000e-04  7.417830e+05
1.698244e-04  7.328528e+05
1.720000e-04  7.256103e+05
1.737801e-04  7.222256e+05
1.740000e-04  7.218131e+05
1.760000e-04  7.204024e+05
1.778279e-04  7.212250e+05
1.780000e-04  7.213054e+05
1.790000e-04  7.222438e+05
1.800000e-04  7.238158e+05
1.805000e-04  7.245981e+05
1.820000e-04  7.276900e+05
1.835000e-04  7.316394e+05
1.840772e-04  7.334159e+05
1.865000e-04  7.409231e+05
1.883649e-04  7.482792e+05
1.905461e-04  7.570839e+05
1.930000e-04  7.679508e+05
1.949845e-04  7.771320e+05
1.950000e-04  7.772044e+05
2.000000e-04  8.021428e+05
2.041738e-04  8.239681e+05
2.070700e-04  8.387934e+05
2.070700e-04  1.180977e+06
2.113489e-04  1.203158e+06
2.120000e-04  1.206595e+06
2.137962e-04  1.215579e+06
2.162719e-04  1.227752e+06
2.190000e-04  1.241445e+06
2.220000e-04  1.255149e+06
2.242800e-04  1.265266e+06
2.247300e-04  1.267282e+06
2.247300e-04  1.378012e+06
2.264644e-04  1.385667e+06
2.270000e-04  1.387819e+06
2.292200e-04  1.396290e+06
2.300000e-04  1.399298e+06
2.344229e-04  1.415490e+06
2.371374e-04  1.424404e+06
2.380000e-04  1.427258e+06
2.426610e-04  1.441700e+06
2.454709e-04  1.449289e+06
2.500000e-04  1.460555e+06
2.511886e-04  1.463536e+06
2.540973e-04  1.469645e+06
2.570396e-04  1.475115e+06
2.600160e-04  1.480364e+06
2.630268e-04  1.484607e+06
2.660725e-04  1.488206e+06
2.691535e-04  1.491907e+06
2.722701e-04  1.494295e+06
2.730000e-04  1.494857e+06
2.791300e-04  1.498268e+06
2.791300e-04  1.636408e+06
2.800000e-04  1.636643e+06
2.818383e-04  1.636495e+06
2.830000e-04  1.636412e+06
2.851018e-04  1.635803e+06
2.884032e-04  1.634870e+06
2.917427e-04  1.634003e+06
2.950000e-04  1.632181e+06
2.951209e-04  1.632089e+06
2.985383e-04  1.629461e+06
3.000000e-04  1.628355e+06
3.019952e-04  1.626785e+06
3.054921e-04  1.623028e+06
3.150000e-04  1.610743e+06
3.162278e-04  1.608854e+06
3.198895e-04  1.602630e+06
3.200000e-04  1.602444e+06
3.235937e-04  1.596438e+06
3.273407e-04  1.590064e+06
3.280000e-04  1.588955e+06
3.311311e-04  1.582973e+06
3.350000e-04  1.574989e+06
3.427678e-04  1.558857e+06
3.430000e-04  1.558384e+06
3.467369e-04  1.550010e+06
3.507519e-04  1.540563e+06
3.548134e-04  1.531058e+06
3.600000e-04  1.519056e+06
3.630781e-04  1.511363e+06
3.672823e-04  1.500231e+06
3.758374e-04  1.478234e+06
3.801894e-04  1.467261e+06
3.845918e-04  1.454827e+06
3.890451e-04  1.442505e+06
3.935501e-04  1.430017e+06
4.000000e-04  1.412575e+06
4.027170e-04  1.404602e+06
4.073803e-04  1.391133e+06
4.100000e-04  1.383596e+06
4.216965e-04  1.350759e+06
4.265795e-04  1.336195e+06
4.315191e-04  1.321786e+06
4.365158e-04  1.307534e+06
4.466836e-04  1.279260e+06
4.623810e-04  1.234969e+06
4.731513e-04  1.205922e+06
4.897788e-04  1.160503e+06
5.011872e-04  1.131024e+06
5.150000e-04  1.094565e+06
5.248075e-04  1.069833e+06
5.300000e-04  1.057142e+06
5.370318e-04  1.040299e+06
5.432503e-04  1.025032e+06
5.559043e-04  9.948690e+05
5.754399e-04  9.510645e+05
5.800000e-04  9.408370e+05
5.821032e-04  9.361787e+05
5.888437e-04  9.215099e+05
6.000000e-04  8.980866e+05
6.025596e-04  8.928553e+05
6.095369e-04  8.786976e+05
6.165950e-04  8.647076e+05
6.382635e-04  8.223453e+05
6.531306e-04  7.952700e+05
6.606934e-04  7.820594e+05
6.700000e-04  7.655734e+05
6.839116e-04  7.418000e+05
6.918310e-04  7.288028e+05
7.000000e-04  7.157850e+05
7.079458e-04  7.034849e+05
7.161434e-04  6.909783e+05
7.328245e-04  6.661112e+05
7.413102e-04  6.538810e+05
7.498942e-04  6.418655e+05
7.500000e-04  6.417196e+05
7.585776e-04  6.300443e+05
7.673615e-04  6.182999e+05
7.762471e-04  6.065679e+05
8.128305e-04  5.618371e+05
8.200000e-04  5.536277e+05
8.222426e-04  5.510897e+05
8.317638e-04  5.403816e+05
8.413951e-04  5.296950e+05
8.472800e-04  5.233240e+05
8.472800e-04  1.614024e+06
8.580000e-04  1.755031e+06
8.609938e-04  1.792383e+06
8.620000e-04  1.805201e+06
8.649600e-04  1.836556e+06
8.649600e-04  2.582023e+06
8.658000e-04  2.594031e+06
8.680000e-04  2.620289e+06
8.700000e-04  2.638823e+06
8.757200e-04  2.675208e+06
8.810489e-04  2.683989e+06
8.835000e-04  2.688199e+06
8.890000e-04  2.682470e+06
8.912509e-04  2.677889e+06
8.950000e-04  2.670483e+06
8.980000e-04  2.662152e+06
9.015711e-04  2.647886e+06
9.050000e-04  2.634322e+06
9.100000e-04  2.612545e+06
9.120108e-04  2.602263e+06
9.150000e-04  2.587090e+06
9.225714e-04  2.537372e+06
9.440609e-04  2.403526e+06
9.549926e-04  2.338485e+06
9.650000e-04  2.281127e+06
9.772372e-04  2.216163e+06
9.885530e-04  2.158354e+06
1.000000e-03  2.101929e+06
1.011579e-03  2.046997e+06
1.059254e-03  1.850777e+06
1.071519e-03  1.804691e+06
1.083927e-03  1.759657e+06
1.110000e-03  1.668339e+06
1.122018e-03  1.628065e+06
1.122700e-03  1.625821e+06
1.122700e-03  1.862511e+06
1.135011e-03  1.820390e+06
1.161449e-03  1.734628e+06
1.170000e-03  1.707693e+06
1.174898e-03  1.692355e+06
1.188502e-03  1.650219e+06
1.204800e-03  1.601779e+06
1.204800e-03  1.690959e+06
1.220000e-03  1.649038e+06
1.230269e-03  1.621173e+06
1.238000e-03  1.600508e+06
1.244515e-03  1.583180e+06
1.245000e-03  1.581882e+06
1.255000e-03  1.555040e+06
1.258925e-03  1.544619e+06
1.273503e-03  1.506811e+06
1.288250e-03  1.469514e+06
1.310000e-03  1.416934e+06
1.333521e-03  1.362988e+06
1.350000e-03  1.326697e+06
1.350400e-03  1.325822e+06
1.350400e-03  1.384667e+06
1.380384e-03  1.320199e+06
1.396368e-03  1.287349e+06
1.400000e-03  1.280058e+06
1.412538e-03  1.255360e+06
1.428894e-03  1.223861e+06
1.430000e-03  1.221772e+06
1.445440e-03  1.192962e+06
1.462177e-03  1.162874e+06
1.479108e-03  1.133587e+06
1.500000e-03  1.098559e+06
1.513561e-03  1.076614e+06
1.531087e-03  1.048988e+06
1.548817e-03  1.022083e+06
1.566751e-03  9.959349e+05
1.570000e-03  9.912863e+05
1.603245e-03  9.454426e+05
1.621810e-03  9.212071e+05
1.630000e-03  9.107148e+05
1.659587e-03  8.741598e+05
1.698244e-03  8.292584e+05
1.717908e-03  8.077135e+05
1.737801e-03  7.866402e+05
1.757924e-03  7.661203e+05
1.778279e-03  7.461378e+05
1.800000e-03  7.256017e+05
1.840772e-03  6.887700e+05
1.850000e-03  6.808206e+05
1.862087e-03  6.705074e+05
1.883649e-03  6.525572e+05
1.905461e-03  6.351150e+05
1.927525e-03  6.181172e+05
1.950000e-03  6.014829e+05
1.972423e-03  5.855208e+05
2.000000e-03  5.666275e+05
2.041738e-03  5.394942e+05
2.089296e-03  5.106250e+05
2.113489e-03  4.967944e+05
2.137962e-03  4.833576e+05
2.150000e-03  4.769444e+05
2.162719e-03  4.702969e+05
2.187762e-03  4.576018e+05
2.238721e-03  4.332232e+05
2.264644e-03  4.214080e+05
2.300000e-03  4.060318e+05
2.344229e-03  3.878150e+05
2.350000e-03  3.855117e+05
2.371374e-03  3.771448e+05
2.400000e-03  3.663513e+05
2.426610e-03  3.567024e+05
2.454709e-03  3.469123e+05
2.511886e-03  3.280641e+05
2.540973e-03  3.190179e+05
2.570396e-03  3.101528e+05
2.600160e-03  3.015162e+05
2.630268e-03  2.931240e+05
2.650000e-03  2.878081e+05
2.691535e-03  2.770592e+05
2.722701e-03  2.693450e+05
2.786121e-03  2.545863e+05
2.818383e-03  2.475270e+05
2.884032e-03  2.338520e+05
2.900000e-03  2.306885e+05
2.917427e-03  2.272867e+05
2.951209e-03  2.208977e+05
3.000000e-03  2.121013e+05
3.019952e-03  2.086472e+05
3.054921e-03  2.027737e+05
3.150000e-03  1.879709e+05
3.162278e-03  1.861739e+05
3.198895e-03  1.808949e+05
3.200000e-03  1.807390e+05
3.235937e-03  1.757679e+05
3.273407e-03  1.707936e+05
3.300000e-03  1.673760e+05
3.311311e-03  1.659506e+05
3.400000e-03  1.553126e+05
3.467369e-03  1.478726e+05
3.507519e-03  1.436570e+05
3.548134e-03  1.395671e+05
3.589219e-03  1.355721e+05
3.630781e-03  1.316969e+05
3.650000e-03  1.299587e+05
3.758374e-03  1.206898e+05
3.845918e-03  1.138814e+05
3.890451e-03  1.106175e+05
3.935501e-03  1.074498e+05
4.000000e-03  1.031040e+05
4.027170e-03  1.013490e+05
4.073803e-03  9.842196e+04
4.120975e-03  9.558344e+04
4.216965e-03  9.013796e+04
4.300000e-03  8.576674e+04
4.315191e-03  8.499971e+04
4.365158e-03  8.254288e+04
4.415704e-03  8.014393e+04
4.466836e-03  7.781612e+04
4.518559e-03  7.555914e+04
4.570882e-03  7.336208e+04
4.623810e-03  7.122543e+04
4.677351e-03  6.914875e+04
4.786301e-03  6.517310e+04
4.897788e-03  6.143465e+04
4.954502e-03  5.963543e+04
5.069907e-03  5.619611e+04
5.128614e-03  5.454896e+04
5.248075e-03  5.139210e+04
5.300000e-03  5.010045e+04
5.308844e-03  4.988408e+04
5.370318e-03  4.841605e+04
5.432503e-03  4.699250e+04
5.483800e-03  4.586219e+04
5.483800e-03  1.327908e+05
5.500000e-03  1.319415e+05
5.522000e-03  1.308008e+05
5.559043e-03  1.289084e+05
5.575000e-03  1.281059e+05
5.623413e-03  1.253836e+05
5.700000e-03  1.212403e+05
5.754399e-03  1.182722e+05
5.902500e-03  1.106728e+05
5.902500e-03  1.510141e+05
5.956621e-03  1.477515e+05
5.985000e-03  1.460815e+05
6.000000e-03  1.451730e+05
6.025596e-03  1.436117e+05
6.095369e-03  1.394737e+05
6.100000e-03  1.392046e+05
6.165950e-03  1.353142e+05
6.200000e-03  1.333614e+05
6.237348e-03  1.312639e+05
6.241800e-03  1.310170e+05
6.241800e-03  1.511480e+05
6.309573e-03  1.470951e+05
6.382635e-03  1.428965e+05
6.400000e-03  1.419226e+05
6.456542e-03  1.388399e+05
6.500000e-03  1.365106e+05
6.531306e-03  1.348509e+05
6.650000e-03  1.288078e+05
6.760830e-03  1.235593e+05
6.839116e-03  1.200342e+05
6.918310e-03  1.166123e+05
6.998420e-03  1.132124e+05
7.000000e-03  1.131468e+05
7.244360e-03  1.035917e+05
7.413102e-03  9.763798e+04
7.500000e-03  9.475840e+04
7.585776e-03  9.204091e+04
7.673615e-03  8.934792e+04
7.762471e-03  8.671139e+04
7.852356e-03  8.415498e+04
7.943282e-03  8.167589e+04
8.128305e-03  7.693327e+04
8.222426e-03  7.465079e+04
8.317638e-03  7.243721e+04
8.511380e-03  6.820858e+04
8.609938e-03  6.618044e+04
8.709636e-03  6.421403e+04
8.810489e-03  6.230213e+04
8.912509e-03  6.044862e+04
9.000000e-03  5.892012e+04
9.015711e-03  5.865100e+04
9.120108e-03  5.689881e+04
9.225714e-03  5.520016e+04
9.332543e-03  5.355230e+04
9.440609e-03  5.195397e+04
9.660509e-03  4.890283e+04
9.772372e-03  4.744686e+04
9.885531e-03  4.603546e+04
1.000000e-02  4.466723e+04
1.011579e-02  4.334083e+04
1.023293e-02  4.204135e+04
1.035142e-02  4.078154e+04
1.047129e-02  3.955940e+04
1.059254e-02  3.837396e+04
1.096478e-02  3.498939e+04
1.109175e-02  3.393037e+04
1.122018e-02  3.290436e+04
1.135011e-02  3.191012e+04
1.148154e-02  3.093977e+04
1.174898e-02  2.908659e+04
1.188502e-02  2.820309e+04
1.202264e-02  2.734655e+04
1.230000e-02  2.572702e+04
1.244515e-02  2.493214e+04
1.258925e-02  2.417662e+04
1.273503e-02  2.344462e+04
1.288250e-02  2.273027e+04
1.288400e-02  2.272316e+04
1.303167e-02  2.203388e+04
1.318257e-02  2.135840e+04
1.333521e-02  2.070412e+04
1.350000e-02  2.002866e+04
1.364583e-02  1.945595e+04
1.396368e-02  1.828402e+04
1.412538e-02  1.772293e+04
1.428894e-02  1.717773e+04
1.445440e-02  1.664692e+04
1.462177e-02  1.613254e+04
1.479108e-02  1.563448e+04
1.513561e-02  1.468409e+04
1.531087e-02  1.423131e+04
1.548817e-02  1.379249e+04
1.580000e-02  1.306491e+04
1.603245e-02  1.255584e+04
1.621810e-02  1.216893e+04
1.640590e-02  1.179427e+04
1.659587e-02  1.142884e+04
1.678804e-02  1.107501e+04
1.698244e-02  1.073210e+04
1.717908e-02  1.039754e+04
1.737801e-02  1.007365e+04
1.778279e-02  9.456177e+03
1.819701e-02  8.877222e+03
1.840772e-02  8.600459e+03
1.862087e-02  8.332489e+03
1.905461e-02  7.822008e+03
1.927525e-02  7.577760e+03
1.949845e-02  7.341086e+03
1.950000e-02  7.339478e+03
1.972423e-02  7.111761e+03
2.000000e-02  6.844782e+03
2.041738e-02  6.466471e+03
2.065380e-02  6.263793e+03
2.089296e-02  6.067612e+03
2.113489e-02  5.877726e+03
2.137962e-02  5.693939e+03
2.162719e-02  5.514930e+03
2.187762e-02  5.341653e+03
2.213095e-02  5.173956e+03
2.238721e-02  5.010937e+03
2.264644e-02  4.853180e+03
2.300000e-02  4.648784e+03
2.317395e-02  4.552477e+03
2.344229e-02  4.409234e+03
2.371374e-02  4.270583e+03
2.454709e-02  3.880876e+03
2.483133e-02  3.758636e+03
2.511886e-02  3.640342e+03
2.540973e-02  3.525010e+03
2.570396e-02  3.413394e+03
2.630268e-02  3.200711e+03
2.650000e-02  3.134635e+03
2.691535e-02  3.001511e+03
2.754229e-02  2.814151e+03
2.818383e-02  2.638759e+03
2.884032e-02  2.474558e+03
2.917427e-02  2.396425e+03
2.951209e-02  2.320814e+03
2.985383e-02  2.246759e+03
3.000000e-02  2.216076e+03
3.019952e-02  2.175107e+03
3.054921e-02  2.105785e+03
3.090295e-02  2.038724e+03
3.126079e-02  1.973815e+03
3.162278e-02  1.911002e+03
3.300000e-02  1.695441e+03
3.311311e-02  1.679218e+03
3.427678e-02  1.524104e+03
3.467369e-02  1.475347e+03
3.507519e-02  1.428182e+03
3.548134e-02  1.382555e+03
3.589219e-02  1.338258e+03
3.630781e-02  1.295411e+03
3.672823e-02  1.253942e+03
3.715352e-02  1.213825e+03
3.894300e-02  1.062883e+03
3.894300e-02  6.197685e+03
3.927000e-02  6.081932e+03
3.935501e-02  6.048067e+03
3.981072e-02  5.870933e+03
4.000000e-02  5.799387e+03
4.027170e-02  5.698760e+03
4.073803e-02  5.527146e+03
4.168694e-02  5.199342e+03
4.216965e-02  5.051340e+03
4.265795e-02  4.907574e+03
4.315191e-02  4.759567e+03
4.365158e-02  4.616036e+03
4.570882e-02  4.083964e+03
4.623810e-02  3.960867e+03
4.677351e-02  3.841347e+03
4.786301e-02  3.615413e+03
4.841724e-02  3.507493e+03
4.954502e-02  3.301267e+03
5.011872e-02  3.202743e+03
5.069907e-02  3.107167e+03
5.128614e-02  3.014455e+03
5.188000e-02  2.924500e+03
5.248075e-02  2.837209e+03
5.308844e-02  2.750614e+03
5.370318e-02  2.666670e+03
5.495409e-02  2.506229e+03
5.754399e-02  2.213827e+03
5.841730e-02  2.125818e+03
5.888437e-02  2.080715e+03
6.000000e-02  1.976827e+03
6.095369e-02  1.893569e+03
6.165950e-02  1.835002e+03
6.309573e-02  1.723262e+03
6.382635e-02  1.669911e+03
6.531306e-02  1.568130e+03
6.606934e-02  1.519586e+03
6.683439e-02  1.472546e+03
7.161434e-02  1.219410e+03
7.244360e-02  1.181680e+03
7.300000e-02  1.157251e+03
7.413102e-02  1.108938e+03
7.500000e-02  1.073669e+03
7.762471e-02  9.758788e+02
8.000000e-02  8.975572e+02
8.128305e-02  8.587866e+02
8.413951e-02  7.803046e+02
8.609938e-02  7.320162e+02
8.709636e-02  7.090070e+02
9.015711e-02  6.442238e+02
9.120108e-02  6.239534e+02
9.332543e-02  5.848298e+02
9.772372e-02  5.138013e+02
1.000000e-01  4.815966e+02
1.011580e-01  4.662600e+02
1.023293e-01  4.514142e+02
1.035142e-01  4.370413e+02
1.059254e-01  4.096542e+02
1.071519e-01  3.966132e+02
1.109175e-01  3.599232e+02
1.122019e-01  3.484648e+02
1.188502e-01  2.963802e+02
1.202264e-01  2.868732e+02
1.216186e-01  2.776727e+02
1.244515e-01  2.601489e+02
1.258925e-01  2.518075e+02
1.273503e-01  2.437332e+02
1.288250e-01  2.359181e+02
1.318257e-01  2.210357e+02
1.348963e-01  2.070933e+02
1.364583e-01  2.004522e+02
1.380384e-01  1.940244e+02
1.396368e-01  1.878025e+02
1.412538e-01  1.817802e+02
1.428894e-01  1.759517e+02
1.445440e-01  1.703102e+02
1.496236e-01  1.544493e+02
1.500000e-01  1.533550e+02
1.531088e-01  1.447072e+02
1.603245e-01  1.270303e+02
1.621810e-01  1.229605e+02
1.640590e-01  1.190212e+02
1.659587e-01  1.152083e+02
1.698244e-01  1.079454e+02
1.717908e-01  1.044881e+02
1.737801e-01  1.011415e+02
1.757924e-01  9.790223e+01
1.819701e-01  8.879447e+01
1.862087e-01  8.319984e+01
1.883649e-01  8.053623e+01
1.905461e-01  7.795851e+01
1.972423e-01  7.071043e+01
2.000000e-01  6.799044e+01
2.018366e-01  6.625719e+01
2.041738e-01  6.413706e+01
2.065380e-01  6.208488e+01
2.089296e-01  6.009842e+01
2.137962e-01  5.634853e+01
2.162719e-01  5.456266e+01
2.187762e-01  5.283388e+01
2.238721e-01  4.953905e+01
2.264644e-01  4.797107e+01
2.290868e-01  4.645272e+01
2.317395e-01  4.498249e+01
2.344229e-01  4.355891e+01
2.398833e-01  4.084570e+01
2.426610e-01  3.955321e+01
2.454709e-01  3.830165e+01
2.483133e-01  3.709005e+01
2.511886e-01  3.591735e+01
2.540973e-01  3.478172e+01
2.570396e-01  3.369614e+01
2.630268e-01  3.162562e+01
2.660725e-01  3.063865e+01
2.722701e-01  2.875621e+01
2.754229e-01  2.785884e+01
2.786121e-01  2.698952e+01
2.818383e-01  2.614753e+01
2.851018e-01  2.533188e+01
2.884032e-01  2.454299e+01
2.951209e-01  2.303822e+01
3.000000e-01  2.202357e+01
3.000060e-01  2.202236e+01
3.019952e-01  2.163275e+01
3.054921e-01  2.097043e+01
3.090295e-01  2.032840e+01
3.126079e-01  1.970603e+01
3.162278e-01  1.910288e+01
3.198895e-01  1.851822e+01
3.235937e-01  1.795148e+01
3.311311e-01  1.686977e+01
3.349654e-01  1.635364e+01
3.388442e-01  1.585413e+01
3.427678e-01  1.536993e+01
3.467369e-01  1.490053e+01
3.507519e-01  1.445374e+01
3.548134e-01  1.402037e+01
3.589219e-01  1.360000e+01
3.630781e-01  1.319224e+01
3.672823e-01  1.279682e+01
3.715352e-01  1.241328e+01
3.801894e-01  1.168034e+01
3.845918e-01  1.133027e+01
3.890451e-01  1.099144e+01
3.935501e-01  1.066276e+01
3.981072e-01  1.034972e+01
4.000000e-01  1.022344e+01
4.027170e-01  1.004595e+01
4.073803e-01  9.751156e+00
4.120975e-01  9.465112e+00
4.168694e-01  9.187457e+00
4.265795e-01  8.656365e+00
4.315191e-01  8.402515e+00
4.365158e-01  8.156117e+00
4.415705e-01  7.917441e+00
4.466836e-01  7.690394e+00
4.518559e-01  7.469862e+00
4.570882e-01  7.255768e+00
4.623810e-01  7.047872e+00
4.677351e-01  6.845937e+00
4.731513e-01  6.649838e+00
4.786301e-01  6.459362e+00
4.954502e-01  5.920053e+00
5.000000e-01  5.788304e+00
5.011872e-01  5.754605e+00
5.069907e-01  5.593801e+00
5.128614e-01  5.437615e+00
5.248075e-01  5.138298e+00
5.432503e-01  4.719938e+00
5.495409e-01  4.588204e+00
5.559043e-01  4.462984e+00
5.623413e-01  4.341506e+00
5.688529e-01  4.223420e+00
5.754399e-01  4.108604e+00
5.956621e-01  3.782557e+00
6.000000e-01  3.717425e+00
6.025596e-01  3.679737e+00
6.095369e-01  3.579714e+00
6.165950e-01  3.484656e+00
6.237348e-01  3.392153e+00
6.309573e-01  3.302379e+00
6.382635e-01  3.215025e+00
6.456542e-01  3.129985e+00
6.531306e-01  3.047195e+00
6.606935e-01  2.966600e+00
6.683439e-01  2.888138e+00
6.760830e-01  2.813887e+00
6.839117e-01  2.741567e+00
6.918310e-01  2.671129e+00
6.998420e-01  2.602694e+00
7.079458e-01  2.536049e+00
7.161434e-01  2.471112e+00
7.244360e-01  2.407842e+00
7.328245e-01  2.346193e+00
7.413102e-01  2.286123e+00
7.585776e-01  2.173415e+00
7.673615e-01  2.119178e+00
7.762471e-01  2.066436e+00
7.852356e-01  2.015034e+00
7.943282e-01  1.964914e+00
8.035261e-01  1.916040e+00
8.222427e-01  1.821911e+00
8.413951e-01  1.734604e+00
8.511380e-01  1.692553e+00
8.609938e-01  1.651652e+00
8.709636e-01  1.611749e+00
8.912509e-01  1.534872e+00
9.015711e-01  1.497821e+00
9.120108e-01  1.461678e+00
9.225714e-01  1.426407e+00
9.332543e-01  1.391990e+00
9.440609e-01  1.358524e+00
9.549926e-01  1.326988e+00
9.660509e-01  1.296209e+00
9.772372e-01  1.266158e+00
9.885531e-01  1.236804e+00
1.000000e+00  1.208137e+00
1.011579e+00  1.180148e+00
1.022000e+00  1.155778e+00
1.023293e+00  1.152807e+00
1.035142e+00  1.126910e+00
1.047129e+00  1.101605e+00
1.059254e+00  1.076871e+00
1.071519e+00  1.052706e+00
1.083927e+00  1.029094e+00
1.096478e+00  1.006013e+00
1.109175e+00  9.834491e-01
1.122018e+00  9.613932e-01
1.135011e+00  9.398298e-01
1.148154e+00  9.187581e-01
1.161449e+00  8.981668e-01
1.174898e+00  8.785544e-01
1.188502e+00  8.594296e-01
1.202264e+00  8.407204e-01
1.216186e+00  8.224297e-01
1.244515e+00  7.870348e-01
1.250000e+00  7.804503e-01
1.258925e+00  7.699214e-01
1.273503e+00  7.531845e-01
1.288250e+00  7.368113e-01
1.303167e+00  7.212548e-01
1.318257e+00  7.060754e-01
1.333521e+00  6.912162e-01
1.348963e+00  6.766688e-01
1.364583e+00  6.624377e-01
1.380384e+00  6.485061e-01
1.396368e+00  6.348749e-01
1.412538e+00  6.215303e-01
1.428894e+00  6.084672e-01
1.445440e+00  5.956789e-01
1.462177e+00  5.835118e-01
1.479108e+00  5.716320e-01
1.513561e+00  5.485927e-01
1.531087e+00  5.374315e-01
1.584893e+00  5.052917e-01
1.640590e+00  4.750739e-01
1.659587e+00  4.657210e-01
1.678804e+00  4.565545e-01
1.698244e+00  4.475683e-01
1.717908e+00  4.387605e-01
1.737801e+00  4.301337e-01
1.757924e+00  4.216767e-01
1.798871e+00  4.052587e-01
1.819701e+00  3.972909e-01
1.840772e+00  3.894799e-01
1.862087e+00  3.818224e-01
1.883649e+00  3.745607e-01
1.905461e+00  3.674391e-01
1.927525e+00  3.604530e-01
1.949845e+00  3.536006e-01
1.972423e+00  3.468852e-01
2.018366e+00  3.338350e-01
2.041738e+00  3.274949e-01
2.044000e+00  3.268916e-01
2.113489e+00  3.091886e-01
2.137962e+00  3.035218e-01
2.162719e+00  2.979587e-01
2.187762e+00  2.924984e-01
2.213095e+00  2.871398e-01
2.238721e+00  2.818833e-01
2.290868e+00  2.716569e-01
2.317395e+00  2.666838e-01
2.398833e+00  2.523041e-01
2.426610e+00  2.478470e-01
2.454709e+00  2.434686e-01
2.483133e+00  2.391682e-01
2.511886e+00  2.349450e-01
2.540973e+00  2.307993e-01
2.600160e+00  2.227261e-01
2.630268e+00  2.187962e-01
2.722701e+00  2.074174e-01
2.754229e+00  2.037575e-01
2.786121e+00  2.002835e-01
2.818383e+00  1.968687e-01
2.851018e+00  1.935126e-01
2.884032e+00  1.902145e-01
2.917427e+00  1.869750e-01
3.000000e+00  1.793486e-01
3.019952e+00  1.775836e-01
3.162278e+00  1.657915e-01
3.198895e+00  1.629679e-01
3.235937e+00  1.602828e-01
3.273407e+00  1.576420e-01
3.311311e+00  1.550450e-01
3.349654e+00  1.524915e-01
3.388442e+00  1.499818e-01
3.467369e+00  1.450858e-01
3.507519e+00  1.426980e-01
3.672823e+00  1.335336e-01
3.715352e+00  1.313360e-01
3.758374e+00  1.292468e-01
3.801894e+00  1.271908e-01
3.845918e+00  1.251679e-01
3.890451e+00  1.231777e-01
3.935501e+00  1.212204e-01
4.027170e+00  1.173989e-01
4.073803e+00  1.155335e-01
4.265795e+00  1.083638e-01
4.315191e+00  1.066420e-01
4.365158e+00  1.050020e-01
4.415704e+00  1.033871e-01
4.466836e+00  1.017973e-01
4.518559e+00  1.002324e-01
4.623810e+00  9.717640e-02
4.731513e+00  9.421356e-02
4.786301e+00  9.276622e-02
5.011872e+00  8.719578e-02
5.069907e+00  8.585625e-02
5.188000e+00  8.331678e-02
5.248075e+00  8.207534e-02
5.308844e+00  8.085257e-02
5.370318e+00  7.964830e-02
5.495409e+00  7.729487e-02
5.623413e+00  7.501099e-02
5.688529e+00  7.389448e-02
6.000000e+00  6.893753e-02
6.025596e+00  6.855634e-02
6.165950e+00  6.659157e-02
6.237348e+00  6.563041e-02
6.309573e+00  6.468323e-02
6.382635e+00  6.374995e-02
6.456542e+00  6.283073e-02
6.606934e+00  6.103190e-02
6.760830e+00  5.928456e-02
6.839116e+00  5.842975e-02
7.244360e+00  5.433704e-02
7.498942e+00  5.208833e-02
7.585776e+00  5.135964e-02
7.673615e+00  5.064122e-02
7.762471e+00  4.993304e-02
7.852356e+00  4.923521e-02
8.035261e+00  4.786870e-02
8.222427e+00  4.654011e-02
8.317638e+00  4.588971e-02
8.709636e+00  4.337775e-02
8.810489e+00  4.277156e-02
9.120108e+00  4.104998e-02
9.332543e+00  3.994094e-02
9.440609e+00  3.939776e-02
9.660509e+00  3.833370e-02
9.772372e+00  3.781280e-02
1.011579e+01  3.629225e-02
1.023293e+01  3.579909e-02
1.035142e+01  3.531265e-02
1.083927e+01  3.343208e-02
1.096478e+01  3.299018e-02
1.122018e+01  3.212392e-02
1.148154e+01  3.128037e-02
1.161449e+01  3.086699e-02
1.200000e+01  2.972428e-02
1.202264e+01  2.965963e-02
1.216186e+01  2.926795e-02
1.288250e+01  2.738585e-02
1.303167e+01  2.702422e-02
1.318257e+01  2.666736e-02
1.364583e+01  2.562482e-02
1.380384e+01  2.529535e-02
1.400000e+01  2.489736e-02
1.412538e+01  2.464913e-02
1.428894e+01  2.433226e-02
1.445440e+01  2.401947e-02
1.500000e+01  2.304008e-02
1.531087e+01  2.251539e-02
1.698244e+01  2.004214e-02
1.717908e+01  1.978469e-02
1.757924e+01  1.927965e-02
1.819701e+01  1.854617e-02
1.840772e+01  1.831289e-02
1.862087e+01  1.808313e-02
1.883649e+01  1.785625e-02
1.905461e+01  1.763222e-02
1.972423e+01  1.697701e-02
2.000000e+01  1.672065e-02
2.264644e+01  1.459183e-02
2.290868e+01  1.440888e-02
2.317395e+01  1.422823e-02
2.344229e+01  1.405286e-02
2.371374e+01  1.387998e-02
2.570396e+01  1.272815e-02
2.630268e+01  1.241709e-02
3.273407e+01  9.816065e-03
3.311311e+01  9.695377e-03
3.349654e+01  9.576440e-03
3.507519e+01  9.124715e-03
3.548134e+01  9.015200e-03
3.589219e+01  8.907000e-03
5.069907e+01  6.200342e-03
5.128614e+01  6.125926e-03
5.188000e+01  6.052404e-03
5.248075e+01  5.979876e-03
5.559043e+01  5.634978e-03
5.623413e+01  5.568444e-03
5.688529e+01  5.502696e-03
8.317638e+01  3.718370e-03
8.413951e+01  3.674468e-03
8.511380e+01  3.631137e-03
8.609938e+01  3.588326e-03
9.225714e+01  3.344580e-03
9.440609e+01  3.267087e-03
9.549926e+01  3.229016e-03
1.621810e+02  1.883266e-03
1.640590e+02  1.861321e-03
1.659587e+02  1.839651e-03
1.678804e+02  1.818233e-03
1.698244e+02  1.797067e-03
1.717908e+02  1.776311e-03
1.840772e+02  1.656717e-03
1.883649e+02  1.618676e-03
1.905461e+02  1.599984e-03
3.235937e+02  9.377407e-04
3.273407e+02  9.269122e-04
3.311311e+02  9.162142e-04
3.349654e+02  9.056396e-04
3.388442e+02  8.951877e-04
3.427678e+02  8.849027e-04
3.672823e+02  8.256293e-04
3.758374e+02  8.067690e-04
3.801894e+02  7.975011e-04
1.288250e+03  2.343331e-04
1.303167e+03  2.316412e-04
1.318257e+03  2.289810e-04
1.333521e+03  2.263515e-04
1.348963e+03  2.237521e-04
1.364583e+03  2.211898e-04
1.462177e+03  2.064208e-04
1.496236e+03  2.017204e-04
1.513561e+03  1.994106e-04
1.000000e+05  3.013992e-06
-1  -1
-2  -2
