1.130800e-01  0.000000e+00
1.130800e-01  1.426668e+03
1.142000e-01  1.393774e+03
1.146000e-01  1.378946e+03
1.153000e-01  1.361450e+03
1.165000e-01  1.323448e+03
1.180000e-01  1.286476e+03
1.220000e-01  1.180390e+03
1.273503e-01  1.064471e+03
1.428894e-01  7.942266e+02
1.603245e-01  5.944531e+02
2.511886e-01  1.893303e+02
3.019952e-01  1.192294e+02
3.548134e-01  8.012986e+01
4.073803e-01  5.738560e+01
4.677351e-01  4.144328e+01
5.308844e-01  3.096469e+01
6.025596e-01  2.329833e+01
6.839117e-01  1.767929e+01
7.852356e-01  1.318656e+01
9.120108e-01  9.679500e+00
1.011579e+00  7.858895e+00
1.216186e+00  5.480404e+00
1.364583e+00  4.405775e+00
1.531087e+00  3.565215e+00
1.737801e+00  2.846580e+00
1.995262e+00  2.244666e+00
2.264644e+00  1.817891e+00
2.600160e+00  1.455231e+00
3.000000e+00  1.164800e+00
3.467369e+00  9.366806e-01
4.027170e+00  7.532118e-01
4.731513e+00  6.001681e-01
5.623413e+00  4.742859e-01
6.683439e+00  3.777180e-01
8.035261e+00  2.984724e-01
9.660509e+00  2.375809e-01
1.174898e+01  1.876560e-01
1.428894e+01  1.491586e-01
1.757924e+01  1.176323e-01
2.290868e+01  8.750344e-02
2.985383e+01  6.549407e-02
4.216965e+01  4.525348e-02
6.309573e+01  2.965036e-02
9.885531e+01  1.864879e-02
1.883649e+02  9.663765e-03
3.758374e+02  4.809733e-03
1.496236e+03  1.201618e-03
1.000000e+05  1.795500e-05
-1  -1
2.111300e-02  0.000000e+00
2.111300e-02  4.931911e+03
2.126000e-02  4.855991e+03
2.200000e-02  4.582280e+03
2.238721e-02  4.457364e+03
2.300000e-02  4.240760e+03
2.400000e-02  3.956320e+03
2.630268e-02  3.348770e+03
2.917427e-02  2.782346e+03
3.230000e-02  2.297060e+03
4.120975e-02  1.419559e+03
4.677351e-02  1.092639e+03
5.308844e-02  8.375238e+02
6.382635e-02  5.615225e+02
7.500000e-02  3.917260e+02
8.709636e-02  2.784985e+02
1.011580e-01  1.966878e+02
1.202264e-01  1.307867e+02
1.496236e-01  7.735528e+01
3.054921e-01  1.369502e+01
3.715352e-01  8.599867e+00
4.365158e-01  5.903148e+00
5.069907e-01  4.195260e+00
5.888437e-01  3.004499e+00
6.804800e-01  2.192945e+00
7.762471e-01  1.657511e+00
8.810489e-01  1.275376e+00
1.000000e+00  9.889254e-01
1.202264e+00  6.893933e-01
1.348963e+00  5.537464e-01
1.531087e+00  4.384721e-01
1.737801e+00  3.500487e-01
1.972423e+00  2.814706e-01
2.264644e+00  2.235679e-01
2.600160e+00  1.789444e-01
3.000000e+00  1.432000e-01
3.467369e+00  1.151587e-01
4.027170e+00  9.260561e-02
4.731513e+00  7.378976e-02
5.623413e+00  5.831296e-02
6.683439e+00  4.644011e-02
8.128305e+00  3.616869e-02
9.772372e+00  2.880249e-02
1.188502e+01  2.275921e-02
1.428894e+01  1.833928e-02
1.737801e+01  1.465181e-02
2.264644e+01  1.089556e-02
2.951209e+01  8.153278e-03
4.168694e+01  5.632117e-03
6.165950e+01  3.733897e-03
9.772372e+01  2.320030e-03
1.883649e+02  1.188132e-03
3.758374e+02  5.913446e-04
1.496236e+03  1.477311e-04
1.000000e+05  2.207500e-06
-1  -1
2.040200e-02  0.000000e+00
2.040200e-02  1.013179e+04
2.065380e-02  9.893200e+03
2.137962e-02  9.124400e+03
2.213095e-02  8.372500e+03
2.317395e-02  7.485900e+03
2.818383e-02  4.560900e+03
3.162278e-02  3.377400e+03
3.845918e-02  2.005800e+03
4.841724e-02  1.069400e+03
6.025596e-02  5.814600e+02
7.500000e-02  3.132800e+02
1.023293e-01  1.289800e+02
1.640590e-01  3.332100e+01
2.065380e-01  1.732316e+01
2.483133e-01  1.033818e+01
2.917427e-01  6.626685e+00
3.388442e-01  4.415823e+00
3.890451e-01  3.058044e+00
4.415705e-01  2.199099e+00
5.011872e-01  1.593848e+00
5.623413e-01  1.198006e+00
6.309573e-01  9.070276e-01
6.998420e-01  7.111829e-01
7.852356e-01  5.468091e-01
8.810489e-01  4.235922e-01
9.660509e-01  3.468885e-01
1.047129e+00  2.935110e-01
1.148154e+00  2.443583e-01
1.273503e+00  2.004149e-01
1.428894e+00  1.620868e-01
1.678804e+00  1.214562e-01
1.927525e+00  9.555850e-02
2.187762e+00  7.725926e-02
2.511886e+00  6.173691e-02
2.884032e+00  4.970357e-02
3.349654e+00  3.960318e-02
3.890451e+00  3.179363e-02
4.570882e+00  2.529226e-02
5.432503e+00  1.995565e-02
6.456542e+00  1.586901e-02
7.852356e+00  1.234175e-02
9.440609e+00  9.814679e-03
1.161449e+01  7.641076e-03
1.412538e+01  6.071332e-03
1.737801e+01  4.786570e-03
2.238721e+01  3.605174e-03
2.917427e+01  2.697009e-03
4.168694e+01  1.840009e-03
6.165950e+01  1.219815e-03
9.772372e+01  7.579342e-04
1.883649e+02  3.881497e-04
3.758374e+02  1.931856e-04
1.496236e+03  4.826324e-05
1.000000e+05  7.211600e-07
-1  -1
1.674300e-02  0.000000e+00
1.674300e-02  2.426577e+04
1.700000e-02  2.340096e+04
1.770000e-02  2.100812e+04
1.820000e-02  1.943700e+04
1.930000e-02  1.656560e+04
2.426610e-02  8.697780e+03
2.786121e-02  5.828771e+03
3.198895e-02  3.892859e+03
4.000000e-02  1.998132e+03
5.011872e-02  1.006125e+03
6.237348e-02  5.118229e+02
7.762471e-02  2.582586e+02
1.059254e-01  9.681997e+01
1.584893e-01  2.705953e+01
1.995262e-01  1.316039e+01
2.371374e-01  7.716728e+00
2.754229e-01  4.894165e+00
3.162278e-01  3.238455e+00
3.589219e-01  2.234094e+00
4.027170e-01  1.605187e+00
4.518559e-01  1.161876e+00
5.011872e-01  8.749572e-01
5.559043e-01  6.632467e-01
6.165950e-01  5.061774e-01
6.839117e-01  3.890004e-01
7.585776e-01  3.011359e-01
8.609938e-01  2.218052e-01
9.225714e-01  1.888413e-01
9.772372e-01  1.660593e-01
1.047129e+00  1.434153e-01
1.135011e+00  1.218659e-01
1.230269e+00  1.043037e-01
1.348963e+00  8.792995e-02
1.698244e+00  5.828141e-02
1.927525e+00  4.677103e-02
2.187762e+00  3.780790e-02
2.511886e+00  3.020516e-02
2.884032e+00  2.431061e-02
3.349654e+00  1.936853e-02
3.890451e+00  1.554918e-02
4.570882e+00  1.236977e-02
5.432503e+00  9.759947e-03
6.456542e+00  7.761021e-03
7.852356e+00  6.035913e-03
9.440609e+00  4.800097e-03
1.161449e+01  3.737036e-03
1.412538e+01  2.969342e-03
1.737801e+01  2.341004e-03
2.238721e+01  1.763172e-03
2.917427e+01  1.319068e-03
4.120975e+01  9.109343e-04
6.095369e+01  6.037721e-04
9.549926e+01  3.795479e-04
1.819701e+02  1.966071e-04
3.630781e+02  9.782601e-05
1.445440e+03  2.443469e-05
1.000000e+05  3.527000e-07
-1  -1
5.334900e-03  0.000000e+00
5.334900e-03  1.280189e+04
5.495409e-03  1.228174e+04
5.623413e-03  1.194630e+04
5.754399e-03  1.157720e+04
5.960000e-03  1.109276e+04
6.531306e-03  9.759132e+03
6.918310e-03  9.038143e+03
7.413102e-03  8.169336e+03
8.035261e-03  7.212158e+03
8.709636e-03  6.398011e+03
9.332543e-03  5.731533e+03
1.150000e-02  4.058600e+03
1.273503e-02  3.399437e+03
1.479108e-02  2.607049e+03
1.717908e-02  1.978860e+03
1.927525e-02  1.593266e+03
2.300000e-02  1.131680e+03
2.754229e-02  7.898858e+02
3.300000e-02  5.452120e+02
3.890451e-02  3.857358e+02
4.570882e-02  2.728375e+02
5.370318e-02  1.915856e+02
6.382635e-02  1.301920e+02
7.673615e-02  8.549713e+01
9.120108e-02  5.721001e+01
1.122019e-01  3.504116e+01
1.445440e-01  1.908431e+01
2.630268e-01  4.456854e+00
3.235937e-01  2.710360e+00
3.890451e-01  1.754228e+00
4.570882e-01  1.207237e+00
5.248075e-01  8.822087e-01
6.095369e-01  6.331508e-01
6.998420e-01  4.695229e-01
8.035261e-01  3.507255e-01
9.120108e-01  2.700978e-01
1.023293e+00  2.145948e-01
1.216186e+00  1.530914e-01
1.364583e+00  1.230590e-01
1.531087e+00  9.956685e-02
1.737801e+00  7.949196e-02
1.995262e+00  6.268486e-02
2.290868e+00  4.982060e-02
2.630268e+00  3.990272e-02
3.019952e+00  3.219297e-02
3.507519e+00  2.571133e-02
4.073803e+00  2.068714e-02
4.786301e+00  1.649271e-02
5.688529e+00  1.304001e-02
6.760830e+00  1.039003e-02
8.128305e+00  8.213933e-03
9.772372e+00  6.540980e-03
1.188502e+01  5.168433e-03
1.445440e+01  4.109873e-03
1.737801e+01  3.327310e-03
2.238721e+01  2.506088e-03
2.917427e+01  1.874817e-03
4.120975e+01  1.294773e-03
6.095369e+01  8.581856e-04
9.660509e+01  5.331324e-04
1.840772e+02  2.762002e-04
3.672823e+02  1.374444e-04
1.462177e+03  3.433262e-05
1.000000e+05  5.013100e-07
-1  -1
5.001800e-03  0.000000e+00
5.001800e-03  2.052756e+04
5.248075e-03  1.959001e+04
5.500000e-03  1.860368e+04
6.165950e-03  1.613144e+04
6.500000e-03  1.502160e+04
7.244360e-03  1.279491e+04
8.035261e-03  1.089973e+04
8.720000e-03  9.539560e+03
1.023293e-02  7.211593e+03
1.096478e-02  6.351519e+03
1.273503e-02  4.761441e+03
1.380384e-02  4.055440e+03
1.603245e-02  2.974143e+03
1.757924e-02  2.442412e+03
2.041738e-02  1.756092e+03
2.317395e-02  1.315700e+03
2.570396e-02  1.033686e+03
2.985383e-02  7.231267e+02
3.500000e-02  4.896160e+02
4.073803e-02  3.344061e+02
4.800000e-02  2.195400e+02
5.623413e-02  1.450958e+02
6.683439e-02  9.164449e+01
8.035261e-02  5.571475e+01
1.011580e-01  2.965830e+01
2.041738e-01  4.245015e+00
2.540973e-01  2.331334e+00
3.019952e-01  1.462533e+00
3.507519e-01  9.828281e-01
4.027170e-01  6.855173e-01
4.570882e-01  4.959127e-01
5.128614e-01  3.718378e-01
5.754399e-01  2.807152e-01
6.531306e-01  2.076263e-01
7.328245e-01  1.590085e-01
8.317638e-01  1.195614e-01
9.120108e-01  9.776020e-02
9.885531e-01  8.248656e-02
1.083927e+00  6.844949e-02
1.202264e+00  5.590317e-02
1.348963e+00  4.499946e-02
1.548817e+00  3.499308e-02
1.778279e+00  2.740326e-02
2.018366e+00  2.205675e-02
2.317395e+00  1.754289e-02
2.660725e+00  1.406029e-02
3.054921e+00  1.135107e-02
3.548134e+00  9.070947e-03
4.120975e+00  7.302315e-03
4.841724e+00  5.824869e-03
5.754399e+00  4.608001e-03
6.839116e+00  3.673341e-03
8.222427e+00  2.905219e-03
9.885531e+00  2.314566e-03
1.202264e+01  1.829600e-03
1.445440e+01  1.474831e-03
1.737801e+01  1.194058e-03
2.238721e+01  8.993130e-04
2.917427e+01  6.727766e-04
4.120975e+01  4.646238e-04
6.095369e+01  3.079551e-04
9.549926e+01  1.935893e-04
1.840772e+02  9.911322e-05
3.672823e+02  4.932061e-05
1.462177e+03  1.231998e-05
1.000000e+05  1.799000e-07
-1  -1
4.159400e-03  0.000000e+00
4.159400e-03  7.471239e+04
4.265795e-03  7.173340e+04
4.415704e-03  6.802701e+04
4.623810e-03  6.306500e+04
5.300000e-03  4.979360e+04
5.888437e-03  4.093822e+04
6.800000e-03  3.109888e+04
7.328245e-03  2.680383e+04
8.609938e-03  1.926739e+04
9.332543e-03  1.620878e+04
1.096478e-02  1.137304e+04
1.202264e-02  9.219311e+03
1.380384e-02  6.683851e+03
1.580000e-02  4.829720e+03
1.757924e-02  3.715680e+03
2.041738e-02  2.548234e+03
2.371374e-02  1.729600e+03
2.691535e-02  1.236558e+03
3.019952e-02  9.064302e+02
3.467369e-02  6.201345e+02
4.000000e-02  4.156320e+02
4.623810e-02  2.749962e+02
5.370318e-02  1.782273e+02
6.309573e-02  1.109170e+02
7.500000e-02  6.620720e+01
9.120108e-02  3.664995e+01
1.188502e-01  1.630757e+01
1.819701e-01  4.407290e+00
2.264644e-01  2.265108e+00
2.660725e-01  1.395891e+00
3.090295e-01  8.968501e-01
3.548134e-01  6.007006e-01
4.027170e-01  4.191199e-01
4.518559e-01  3.042758e-01
5.011872e-01  2.295632e-01
5.559043e-01  1.743999e-01
6.237348e-01  1.294943e-01
6.918310e-01  9.973718e-02
7.673615e-01  7.735786e-02
8.709636e-01  5.705173e-02
9.332543e-01  4.864855e-02
9.885531e-01  4.286158e-02
1.071519e+00  3.624631e-02
1.161449e+00  3.086806e-02
1.258925e+00  2.645143e-02
1.396368e+00  2.186990e-02
1.717908e+00  1.511848e-02
1.949845e+00  1.214047e-02
2.213095e+00  9.819558e-03
2.540973e+00  7.849866e-03
2.917427e+00  6.321994e-03
3.388442e+00  5.039984e-03
3.935501e+00  4.048405e-03
4.623810e+00  3.222282e-03
5.495409e+00  2.543784e-03
6.531306e+00  2.023827e-03
7.852356e+00  1.597812e-03
9.440609e+00  1.270646e-03
1.161449e+01  9.892404e-04
1.412538e+01  7.860214e-04
1.737801e+01  6.196821e-04
2.238721e+01  4.667398e-04
2.917427e+01  3.491676e-04
4.120975e+01  2.411366e-04
6.025596e+01  1.617605e-04
9.549926e+01  1.004711e-04
1.819701e+02  5.204351e-05
3.630781e+02  2.589609e-05
1.445440e+03  6.468225e-06
1.000000e+05  9.336400e-08
-1  -1
3.616100e-03  0.000000e+00
3.616100e-03  1.944600e+05
3.801894e-03  1.684983e+05
4.230000e-03  1.277508e+05
4.570882e-03  1.036639e+05
5.188000e-03  7.294537e+04
5.821032e-03  5.262778e+04
6.531306e-03  3.771002e+04
7.328245e-03  2.677950e+04
8.128305e-03  1.950984e+04
9.225714e-03  1.320744e+04
1.059254e-02  8.529690e+03
1.174898e-02  6.120754e+03
1.400000e-02  3.448284e+03
1.584893e-02  2.279065e+03
1.800000e-02  1.481892e+03
2.089296e-02  8.878817e+02
2.454709e-02  5.057725e+02
2.900000e-02  2.801456e+02
3.427678e-02  1.537010e+02
4.120975e-02  7.867302e+01
5.011872e-02  3.831982e+01
6.456542e-02  1.497129e+01
1.216186e-01  1.409897e+00
1.500000e-01  6.486200e-01
1.778279e-01  3.482379e-01
2.317395e-01  1.334507e-01
2.540973e-01  9.620908e-02
2.754229e-01  7.275798e-02
3.019952e-01  5.336636e-02
3.388442e-01  3.607156e-02
3.801894e-01  2.456192e-02
4.265795e-01  1.684729e-02
4.677351e-01  1.254381e-02
5.069907e-01  9.755684e-03
5.559043e-01  7.388562e-03
6.531306e-01  4.598516e-03
7.161434e-01  3.529427e-03
7.762471e-01  2.817469e-03
8.511380e-01  2.187779e-03
9.015711e-01  1.879478e-03
9.440609e-01  1.673955e-03
9.885531e-01  1.499981e-03
1.035142e+00  1.353148e-03
1.096478e+00  1.197962e-03
1.161449e+00  1.067460e-03
1.250000e+00  9.284543e-04
1.364583e+00  7.925500e-04
1.531087e+00  6.483503e-04
1.819701e+00  4.779416e-04
2.044000e+00  3.917274e-04
2.344229e+00  3.123783e-04
2.691535e+00  2.505405e-04
3.090295e+00  2.023938e-04
3.589219e+00  1.618297e-04
4.168694e+00  1.303455e-04
4.897788e+00  1.040300e-04
5.821032e+00  8.233977e-05
6.918310e+00  6.567094e-05
8.317638e+00  5.196158e-05
1.011579e+01  4.083885e-05
1.230269e+01  3.230361e-05
1.531087e+01  2.503991e-05
1.862087e+01  2.004197e-05
2.454709e+01  1.474142e-05
3.273407e+01  1.078072e-05
4.731513e+01  7.285025e-06
7.413102e+01  4.560072e-06
1.318257e+02  2.525638e-06
2.630268e+02  1.253304e-06
5.248075e+02  6.250516e-07
2.089296e+03  1.564364e-07
1.000000e+05  3.264300e-09
-1  -1
3.443600e-03  0.000000e+00
3.443600e-03  2.966342e+05
3.589219e-03  2.705404e+05
3.600000e-03  2.690436e+05
3.645000e-03  2.596614e+05
4.027170e-03  1.992919e+05
4.400000e-03  1.561230e+05
5.011872e-03  1.080471e+05
5.623413e-03  7.746529e+04
6.309573e-03  5.509214e+04
7.000000e-03  4.021860e+04
8.511380e-03  2.186439e+04
9.332543e-03  1.629493e+04
1.083927e-02  1.002910e+04
1.244515e-02  6.343420e+03
1.400000e-02  4.266750e+03
1.603245e-02  2.682231e+03
1.840772e-02  1.657746e+03
2.113489e-02  1.016838e+03
2.426610e-02  6.192511e+02
2.800000e-02  3.678678e+02
3.273407e-02  2.068477e+02
3.845918e-02  1.133498e+02
4.623810e-02  5.654188e+01
5.688529e-02  2.564480e+01
1.188502e-01  1.499428e+00
1.428894e-01  7.413104e-01
1.659587e-01  4.211357e-01
1.905461e-01  2.516103e-01
2.065380e-01  1.871120e-01
2.371374e-01  1.135681e-01
2.786121e-01  6.390639e-02
3.090295e-01  4.457778e-02
3.427678e-01  3.132803e-02
3.758374e-01  2.304853e-02
4.168694e-01  1.644510e-02
4.570882e-01  1.227379e-02
4.954502e-01  9.567277e-03
5.370318e-01  7.517699e-03
5.888437e-01  5.752512e-03
6.531306e-01  4.289180e-03
7.161434e-01  3.327480e-03
8.609938e-01  2.033320e-03
9.120108e-01  1.754171e-03
9.549926e-01  1.567084e-03
1.000000e+00  1.408032e-03
1.059254e+00  1.241931e-03
1.122018e+00  1.102826e-03
1.202264e+00  9.635112e-04
1.303167e+00  8.297891e-04
1.840772e+00  4.513292e-04
2.065380e+00  3.708286e-04
2.371374e+00  2.953094e-04
2.722701e+00  2.369622e-04
3.126079e+00  1.915156e-04
3.630781e+00  1.532253e-04
4.265795e+00  1.214826e-04
5.011872e+00  9.705586e-05
5.956621e+00  7.689865e-05
7.161434e+00  6.048742e-05
8.609938e+00  4.792564e-05
1.071519e+01  3.667582e-05
1.348963e+01  2.791557e-05
1.717908e+01  2.113579e-05
2.238721e+01  1.571304e-05
2.951209e+01  1.160923e-05
4.168694e+01  8.019680e-06
6.165950e+01  5.316655e-06
9.772372e+01  3.303486e-06
1.883649e+02  1.691822e-06
3.758374e+02  8.420184e-07
1.496236e+03  2.103584e-07
1.000000e+05  3.143200e-09
-1  -1
1.362100e-03  0.000000e+00
1.362100e-03  2.853249e+04
1.445440e-03  2.678651e+04
1.621810e-03  2.394150e+04
1.698244e-03  2.284394e+04
2.018366e-03  1.873359e+04
2.371374e-03  1.540575e+04
2.540973e-03  1.407369e+04
3.126079e-03  1.058172e+04
3.467369e-03  9.101388e+03
4.073803e-03  7.146315e+03
4.731513e-03  5.652864e+03
5.379000e-03  4.598976e+03
6.382635e-03  3.460901e+03
7.673615e-03  2.522598e+03
9.120108e-03  1.858615e+03
1.096478e-02  1.329725e+03
1.303167e-02  9.635464e+02
1.548817e-02  6.929262e+02
1.840772e-02  4.947372e+02
2.213095e-02  3.426349e+02
2.630268e-02  2.409920e+02
3.162278e-02  1.642350e+02
3.758374e-02  1.137472e+02
4.466836e-02  7.822197e+01
5.308844e-02  5.340300e+01
6.382635e-02  3.526214e+01
7.673615e-02  2.311137e+01
9.225714e-02  1.502773e+01
1.148154e-01  8.941205e+00
1.500000e-01  4.701307e+00
2.570396e-01  1.269290e+00
3.198895e-01  7.505365e-01
3.845918e-01  4.855858e-01
4.518559e-01  3.340216e-01
5.188000e-01  2.439504e-01
6.025596e-01  1.749714e-01
6.918310e-01  1.296688e-01
7.943282e-01  9.679436e-02
9.015711e-01  7.447969e-02
1.011579e+00  5.912644e-02
1.216186e+00  4.123417e-02
1.364583e+00  3.314569e-02
1.531087e+00  2.681822e-02
1.737801e+00  2.140884e-02
1.972423e+00  1.721553e-02
2.264644e+00  1.367624e-02
2.600160e+00  1.094670e-02
3.000000e+00  8.759600e-03
3.467369e+00  7.044196e-03
4.027170e+00  5.664539e-03
4.731513e+00  4.513566e-03
5.623413e+00  3.566874e-03
6.683439e+00  2.840616e-03
8.035261e+00  2.244636e-03
9.660509e+00  1.786674e-03
1.188502e+01  1.392096e-03
1.445440e+01  1.106998e-03
1.737801e+01  8.962208e-04
2.238721e+01  6.750202e-04
2.917427e+01  5.049793e-04
4.120975e+01  3.487388e-04
6.095369e+01  2.311485e-04
9.660509e+01  1.435967e-04
1.862087e+02  7.352942e-05
3.715352e+02  3.659303e-05
1.479108e+03  9.141447e-06
1.000000e+05  1.350300e-07
-1  -1
1.210100e-03  0.000000e+00
1.210100e-03  2.476679e+04
1.313000e-03  2.463941e+04
1.480000e-03  2.391680e+04
1.566751e-03  2.339124e+04
1.698244e-03  2.247542e+04
1.850000e-03  2.137460e+04
1.972423e-03  2.045259e+04
2.162719e-03  1.901723e+04
2.300000e-03  1.800198e+04
2.570396e-03  1.612693e+04
2.800000e-03  1.473668e+04
3.019952e-03  1.350670e+04
3.400000e-03  1.166818e+04
3.715352e-03  1.039274e+04
4.120975e-03  8.997734e+03
4.570882e-03  7.744103e+03
5.069907e-03  6.608286e+03
5.623413e-03  5.607118e+03
6.309573e-03  4.632051e+03
7.000000e-03  3.876280e+03
8.035261e-03  3.029892e+03
9.015711e-03  2.447306e+03
1.011579e-02  1.964030e+03
1.150000e-02  1.525308e+03
1.318257e-02  1.155186e+03
1.513561e-02  8.644377e+02
1.737801e-02  6.413636e+02
1.995262e-02  4.719281e+02
2.264644e-02  3.537321e+02
2.600160e-02  2.563612e+02
3.000000e-02  1.822522e+02
3.467369e-02  1.279991e+02
4.000000e-02  8.967740e+01
4.677351e-02  6.027147e+01
5.495409e-02  3.971421e+01
6.531306e-02  2.520162e+01
7.852356e-02  1.539562e+01
9.772372e-02  8.504567e+00
1.303167e-01  3.858043e+00
2.000000e-01  1.184254e+00
2.630268e-01  5.623113e-01
3.126079e-01  3.540103e-01
3.630781e-01  2.386279e-01
4.168694e-01  1.669479e-01
4.731513e-01  1.211525e-01
5.370318e-01  8.856612e-02
6.025596e-01  6.707165e-02
6.683439e-01  5.255456e-02
7.498942e-01  4.037872e-02
8.413951e-01  3.124617e-02
9.549926e-01  2.374028e-02
1.035142e+00  2.007754e-02
1.135011e+00  1.670423e-02
1.258925e+00  1.368750e-02
1.412538e+00  1.105716e-02
1.659587e+00  8.277097e-03
1.883649e+00  6.636779e-03
2.137962e+00  5.358811e-03
2.454709e+00  4.275974e-03
2.818383e+00  3.437469e-03
3.235937e+00  2.783016e-03
3.758374e+00  2.230401e-03
4.415704e+00  1.771350e-03
5.188000e+00  1.417372e-03
6.165950e+00  1.124770e-03
7.413102e+00  8.859988e-04
8.912509e+00  7.029534e-04
1.122018e+01  5.313038e-04
1.396368e+01  4.105639e-04
1.717908e+01  3.235786e-04
2.238721e+01  2.405646e-04
2.951209e+01  1.777355e-04
4.168694e+01  1.227766e-04
6.237348e+01  8.042603e-05
9.885531e+01  4.998247e-05
1.905461e+02  2.560012e-05
3.801894e+02  1.274220e-05
1.513561e+03  3.183706e-06
1.000000e+05  4.812200e-08
-1  -1
9.905701e-04  0.000000e+00
9.905701e-04  1.579138e+05
1.047129e-03  1.524975e+05
1.100000e-03  1.456756e+05
1.244515e-03  1.281533e+05
1.450000e-03  1.071904e+05
1.570000e-03  9.722720e+04
1.698244e-03  8.767336e+04
1.850000e-03  7.802960e+04
2.187762e-03  6.119594e+04
2.398833e-03  5.324306e+04
2.754229e-03  4.273062e+04
3.054921e-03  3.604269e+04
3.548134e-03  2.787748e+04
3.935501e-03  2.319174e+04
4.518559e-03  1.799707e+04
5.128614e-03  1.414735e+04
5.754399e-03  1.129644e+04
6.606934e-03  8.551720e+03
7.585776e-03  6.417421e+03
8.609938e-03  4.894576e+03
9.772372e-03  3.706428e+03
1.096478e-02  2.861001e+03
1.244515e-02  2.137600e+03
1.412538e-02  1.585891e+03
1.603245e-02  1.168563e+03
1.819701e-02  8.552096e+02
2.065380e-02  6.217236e+02
2.371374e-02  4.358207e+02
2.722701e-02  3.030947e+02
3.090295e-02  2.158145e+02
3.589219e-02  1.433621e+02
4.120975e-02  9.759933e+01
4.786301e-02  6.386074e+01
5.623413e-02  4.012804e+01
6.606934e-02  2.502662e+01
7.943282e-02  1.447481e+01
9.772372e-02  7.754085e+00
1.927525e-01  9.778556e-01
2.371374e-01  5.229451e-01
2.786121e-01  3.235336e-01
3.235937e-01  2.085973e-01
3.672823e-01  1.448273e-01
4.168694e-01  1.012861e-01
4.623810e-01  7.608023e-02
5.188000e-01  5.578553e-02
5.754399e-01  4.247853e-02
6.382635e-01  3.256217e-02
7.079458e-01  2.515505e-02
7.852356e-01  1.956503e-02
8.810489e-01  1.490998e-02
9.549926e-01  1.235869e-02
1.011579e+00  1.088161e-02
1.083927e+00  9.418981e-03
1.161449e+00  8.208794e-03
1.258925e+00  7.041358e-03
1.396368e+00  5.828076e-03
1.757924e+00  3.873264e-03
2.000000e+00  3.101408e-03
2.290868e+00  2.474898e-03
2.630268e+00  1.982215e-03
3.019952e+00  1.599205e-03
3.507519e+00  1.277221e-03
4.073803e+00  1.027633e-03
4.786301e+00  8.192625e-04
5.688529e+00  6.477664e-04
6.760830e+00  5.161254e-04
8.128305e+00  4.080216e-04
9.772372e+00  3.249253e-04
1.188502e+01  2.567427e-04
1.445440e+01  2.041525e-04
1.757924e+01  1.631575e-04
2.264644e+01  1.229159e-04
2.917427e+01  9.313145e-05
4.120975e+01  6.431730e-05
6.095369e+01  4.263035e-05
9.549926e+01  2.679814e-05
1.840772e+02  1.371972e-05
3.672823e+02  6.827409e-06
1.462177e+03  1.705445e-06
1.000000e+05  2.490300e-08
-1  -1
7.437500e-04  0.000000e+00
7.437500e-04  2.014328e+05
8.222426e-04  2.152202e+05
8.280000e-04  2.159631e+05
8.430000e-04  2.162792e+05
9.015711e-04  2.160250e+05
9.440609e-04  2.146295e+05
9.930000e-04  2.115168e+05
1.047129e-03  2.065993e+05
1.109175e-03  1.996307e+05
1.161449e-03  1.932536e+05
1.230269e-03  1.842402e+05
1.303167e-03  1.744371e+05
1.380384e-03  1.641708e+05
1.470000e-03  1.526912e+05
1.610000e-03  1.358616e+05
1.717908e-03  1.241831e+05
1.840772e-03  1.118955e+05
2.018366e-03  9.655541e+04
2.162719e-03  8.595966e+04
2.344229e-03  7.443911e+04
2.600160e-03  6.132815e+04
2.800000e-03  5.305240e+04
3.090295e-03  4.335686e+04
3.349654e-03  3.656367e+04
3.672823e-03  2.985450e+04
4.027170e-03  2.422961e+04
4.415704e-03  1.951291e+04
4.841724e-03  1.562347e+04
5.379000e-03  1.201778e+04
5.888437e-03  9.532672e+03
6.606934e-03  7.040480e+03
7.378200e-03  5.220364e+03
8.128305e-03  3.990777e+03
9.120108e-03  2.877908e+03
1.023293e-02  2.058724e+03
1.161449e-02  1.411602e+03
1.318257e-02  9.592413e+02
1.496236e-02  6.462906e+02
1.678804e-02  4.481817e+02
1.883649e-02  3.087749e+02
2.120000e-02  2.093040e+02
2.426610e-02  1.331899e+02
2.786121e-02  8.323202e+01
3.198895e-02  5.163332e+01
3.715352e-02  3.055236e+01
4.365158e-02  1.723146e+01
5.248075e-02  8.881789e+00
6.456542e-02  4.179546e+00
9.332543e-02  1.080888e+00
1.348963e-01  2.788414e-01
1.659587e-01  1.310291e-01
1.927525e-01  7.647547e-02
2.317395e-01  3.980267e-02
2.660725e-01  2.455929e-02
3.019952e-01  1.588749e-02
3.427678e-01  1.035563e-02
3.845918e-01  7.064028e-03
4.265795e-01  5.042151e-03
4.731513e-01  3.626508e-03
5.188000e-01  2.728592e-03
5.688529e-01  2.067400e-03
6.237348e-01  1.576905e-03
6.918310e-01  1.171612e-03
7.585776e-01  9.053102e-04
8.222427e-01  7.272404e-04
9.015711e-01  5.686117e-04
9.440609e-01  5.054251e-04
9.885531e-01  4.520377e-04
1.035142e+00  4.072407e-04
1.096478e+00  3.601809e-04
1.161449e+00  3.208237e-04
1.244515e+00  2.813729e-04
1.348963e+00  2.433091e-04
1.531087e+00  1.952892e-04
1.840772e+00  1.410965e-04
2.065380e+00  1.159092e-04
2.371374e+00  9.230251e-05
2.722701e+00  7.407032e-05
3.126079e+00  5.986845e-05
3.630781e+00  4.789863e-05
4.265795e+00  3.797585e-05
5.011872e+00  3.034018e-05
5.956621e+00  2.403897e-05
7.161434e+00  1.890844e-05
8.609938e+00  1.498142e-05
1.071519e+01  1.146541e-05
1.348963e+01  8.726554e-06
1.717908e+01  6.607122e-06
2.238721e+01  4.912113e-06
2.917427e+01  3.674719e-06
4.120975e+01  2.537803e-06
6.025596e+01  1.702427e-06
9.549926e+01  1.057381e-06
1.819701e+02  5.477196e-07
3.630781e+02  2.725337e-07
1.445440e+03  6.807376e-08
1.000000e+05  9.826000e-10
-1  -1
7.032100e-04  0.000000e+00
7.032100e-04  3.518304e+05
7.585776e-04  3.669310e+05
7.900000e-04  3.709530e+05
8.511380e-04  3.664443e+05
9.015711e-04  3.608089e+05
9.500000e-04  3.527418e+05
1.000000e-03  3.425406e+05
1.059254e-03  3.291363e+05
1.130000e-03  3.119976e+05
1.202264e-03  2.939186e+05
1.280000e-03  2.747190e+05
1.364583e-03  2.546961e+05
1.428894e-03  2.400496e+05
1.570000e-03  2.108790e+05
1.659587e-03  1.943254e+05
1.778279e-03  1.741919e+05
1.950000e-03  1.492860e+05
2.089296e-03  1.323206e+05
2.238721e-03  1.165137e+05
2.483133e-03  9.547012e+04
2.691535e-03  8.118941e+04
2.985383e-03  6.533018e+04
3.235937e-03  5.483194e+04
3.589219e-03  4.339727e+04
3.900000e-03  3.576816e+04
4.315191e-03  2.803706e+04
4.731513e-03  2.231481e+04
5.308844e-03  1.662610e+04
5.888437e-03  1.264858e+04
6.500000e-03  9.682680e+03
7.328245e-03  6.938318e+03
8.317638e-03  4.829866e+03
9.440609e-03  3.328327e+03
1.059254e-02  2.352390e+03
1.190000e-02  1.643310e+03
1.333521e-02  1.148350e+03
1.500000e-02  7.871220e+02
1.698244e-02  5.242084e+02
1.927525e-02  3.434771e+02
2.162719e-02  2.322935e+02
2.454709e-02  1.499953e+02
2.818383e-02  9.234972e+01
3.235937e-02  5.642112e+01
3.758374e-02  3.282167e+01
4.365158e-02  1.895199e+01
5.188000e-02  9.978232e+00
6.309573e-02  4.783851e+00
8.810489e-02  1.348670e+00
1.288250e-01  3.182795e-01
1.531088e-01  1.661292e-01
1.819701e-01  8.749484e-02
2.018366e-01  5.981129e-02
2.511886e-01  2.740152e-02
2.722701e-01  2.044698e-02
3.019952e-01  1.426116e-02
3.349654e-01  1.001607e-02
3.672823e-01  7.361416e-03
4.027170e-01  5.446848e-03
4.415705e-01  4.060178e-03
4.841724e-01  3.052578e-03
5.308844e-01  2.313310e-03
5.754399e-01  1.827207e-03
6.309573e-01  1.405909e-03
6.918310e-01  1.090102e-03
7.585776e-01  8.519280e-04
8.317638e-01  6.705054e-04
9.549926e-01  4.728154e-04
1.000000e+00  4.228765e-04
1.047129e+00  3.807153e-04
1.096478e+00  3.449968e-04
1.161449e+00  3.073778e-04
1.230269e+00  2.757251e-04
1.333521e+00  2.383715e-04
1.496236e+00  1.954288e-04
1.840772e+00  1.355500e-04
2.065380e+00  1.113622e-04
2.371374e+00  8.868692e-05
2.722701e+00  7.115735e-05
3.126079e+00  5.750425e-05
3.630781e+00  4.600679e-05
4.216965e+00  3.707611e-05
4.954502e+00  2.960604e-05
5.888437e+00  2.344541e-05
7.079458e+00  1.843234e-05
8.609938e+00  1.439010e-05
1.071519e+01  1.101223e-05
1.348963e+01  8.381950e-06
1.717908e+01  6.346206e-06
2.238721e+01  4.718110e-06
2.917427e+01  3.529619e-06
4.120975e+01  2.437627e-06
6.095369e+01  1.615622e-06
9.660509e+01  1.003707e-06
1.840772e+02  5.199848e-07
3.672823e+02  2.587540e-07
1.462177e+03  6.463643e-08
1.000000e+05  9.438000e-10
-1  -1
3.776300e-04  0.000000e+00
3.776300e-04  6.208201e+04
3.779000e-04  6.278880e+04
3.785000e-04  6.381840e+04
3.794000e-04  6.493200e+04
3.808000e-04  6.625020e+04
3.822000e-04  6.730500e+04
3.845918e-04  6.862768e+04
3.898000e-04  7.071180e+04
3.912000e-04  7.146360e+04
3.928000e-04  7.268580e+04
3.943000e-04  7.430460e+04
3.958000e-04  7.650240e+04
3.973000e-04  7.937280e+04
3.985000e-04  8.221560e+04
4.000000e-04  8.651400e+04
4.015000e-04  9.171660e+04
4.030000e-04  9.790500e+04
4.045000e-04  1.051524e+05
4.065000e-04  1.166208e+05
4.085000e-04  1.303230e+05
4.100000e-04  1.421682e+05
4.168694e-04  2.141657e+05
4.200000e-04  2.561190e+05
4.220000e-04  2.853942e+05
4.240000e-04  3.163704e+05
4.265795e-04  3.583321e+05
4.290000e-04  3.995856e+05
4.315191e-04  4.440505e+05
4.343000e-04  4.948962e+05
4.371600e-04  5.487531e+05
4.400000e-04  6.036480e+05
4.430000e-04  6.629640e+05
4.460000e-04  7.229400e+05
4.485000e-04  7.731120e+05
4.518559e-04  8.400039e+05
4.550000e-04  9.016020e+05
4.580000e-04  9.586620e+05
4.615000e-04  1.022658e+06
4.650000e-04  1.083570e+06
4.690000e-04  1.149420e+06
4.731513e-04  1.213165e+06
4.780000e-04  1.282176e+06
4.835000e-04  1.353912e+06
4.890000e-04  1.418274e+06
4.954502e-04  1.484724e+06
5.020000e-04  1.541844e+06
5.080000e-04  1.585086e+06
5.150000e-04  1.626018e+06
5.230000e-04  1.661718e+06
5.320000e-04  1.691292e+06
5.432503e-04  1.715364e+06
5.540000e-04  1.727532e+06
5.650000e-04  1.729404e+06
5.800000e-04  1.719822e+06
5.956621e-04  1.698824e+06
6.150000e-04  1.662132e+06
6.382635e-04  1.607450e+06
6.606934e-04  1.548710e+06
6.850000e-04  1.481052e+06
7.172700e-04  1.389686e+06
7.585776e-04  1.274245e+06
8.000000e-04  1.163598e+06
8.423100e-04  1.058602e+06
8.850000e-04  9.616800e+05
9.332543e-04  8.614877e+05
1.000000e-03  7.413420e+05
1.070000e-03  6.358140e+05
1.135011e-03  5.523141e+05
1.230269e-03  4.521081e+05
1.330000e-03  3.701484e+05
1.428894e-03  3.056345e+05
1.584893e-03  2.297870e+05
1.717908e-03  1.826927e+05
1.905461e-03  1.349189e+05
2.070000e-03  1.051848e+05
2.300000e-03  7.604640e+04
2.511886e-03  5.757518e+04
2.786121e-03  4.122496e+04
3.090295e-03  2.927474e+04
3.400000e-03  2.121486e+04
3.801894e-03  1.444369e+04
4.300000e-03  9.364560e+03
4.800000e-03  6.306600e+03
5.308844e-03  4.362462e+03
5.888437e-03  2.967872e+03
6.531306e-03  2.006502e+03
7.328245e-03  1.289353e+03
8.222426e-03  8.224096e+02
9.225714e-03  5.209400e+02
1.047129e-02  3.127551e+02
1.188502e-02  1.862861e+02
1.348963e-02  1.101758e+02
1.531087e-02  6.471710e+01
1.757924e-02  3.593439e+01
2.018366e-02  1.980323e+01
2.344229e-02  1.029946e+01
2.754229e-02  5.053669e+00
3.311311e-02  2.221566e+00
4.120975e-02  8.299120e-01
5.754399e-02  1.827113e-01
8.035261e-02  4.010072e-02
1.202264e-01  6.532542e-03
1.396368e-01  3.356130e-03
1.548817e-01  2.128142e-03
1.757924e-01  1.228951e-03
1.995262e-01  7.150493e-04
2.264644e-01  4.192910e-04
2.540973e-01  2.598785e-04
2.851018e-01  1.622477e-04
3.273407e-01  9.293501e-05
3.589219e-01  6.450620e-05
3.935501e-01  4.509261e-05
4.265795e-01  3.318819e-05
4.570882e-01  2.566902e-05
4.954502e-01  1.915907e-05
5.308844e-01  1.501136e-05
5.688529e-01  1.185408e-05
6.095369e-01  9.420503e-06
6.606935e-01  7.259020e-06
7.161434e-01  5.634672e-06
7.852356e-01  4.248529e-06
8.511380e-01  3.340645e-06
9.549926e-01  2.392240e-06
9.885531e-01  2.175132e-06
1.023293e+00  1.991107e-06
1.059254e+00  1.833883e-06
1.096478e+00  1.698109e-06
1.148154e+00  1.543697e-06
1.202264e+00  1.413055e-06
1.288250e+00  1.248694e-06
1.380384e+00  1.111221e-06
1.500000e+00  9.711365e-07
1.905461e+00  6.374554e-07
2.113489e+00  5.347785e-07
2.426610e+00  4.264248e-07
2.786121e+00  3.425876e-07
3.198895e+00  2.772032e-07
3.715352e+00  2.220365e-07
4.365158e+00  1.762375e-07
5.128614e+00  1.409477e-07
6.095369e+00  1.117963e-07
7.328245e+00  8.801889e-08
8.810489e+00  6.980232e-08
1.109175e+01  5.273187e-08
1.380384e+01  4.073215e-08
1.717908e+01  3.167596e-08
2.238721e+01  2.355030e-08
2.917427e+01  1.761812e-08
4.120975e+01  1.216686e-08
6.095369e+01  8.064332e-09
9.660509e+01  5.009841e-09
1.840772e+02  2.595453e-09
3.672823e+02  1.291531e-09
1.462177e+03  3.226230e-10
1.000000e+05  4.710900e-12
-1  -1
3.670400e-04  0.000000e+00
3.670400e-04  9.072881e+04
3.730000e-04  9.278080e+04
3.777000e-04  9.477280e+04
3.800000e-04  9.623840e+04
3.815000e-04  9.768720e+04
3.830000e-04  9.971440e+04
3.845918e-04  1.026766e+05
3.858000e-04  1.055840e+05
3.869000e-04  1.087864e+05
3.880000e-04  1.125680e+05
3.895000e-04  1.187336e+05
3.908000e-04  1.250960e+05
3.923000e-04  1.337184e+05
3.940000e-04  1.452864e+05
3.958000e-04  1.598008e+05
3.980000e-04  1.809776e+05
4.000000e-04  2.037456e+05
4.065000e-04  3.016504e+05
4.090000e-04  3.484296e+05
4.115000e-04  3.994568e+05
4.140000e-04  4.540208e+05
4.165000e-04  5.115472e+05
4.190000e-04  5.715112e+05
4.216965e-04  6.385674e+05
4.240000e-04  6.975864e+05
4.270000e-04  7.765976e+05
4.300000e-04  8.576240e+05
4.328000e-04  9.346640e+05
4.360000e-04  1.023616e+06
4.390000e-04  1.106968e+06
4.420000e-04  1.189456e+06
4.450000e-04  1.270200e+06
4.485000e-04  1.361296e+06
4.518559e-04  1.444805e+06
4.550000e-04  1.519336e+06
4.590900e-04  1.610705e+06
4.630000e-04  1.692408e+06
4.680000e-04  1.789088e+06
4.731513e-04  1.880015e+06
4.786301e-04  1.967053e+06
4.841724e-04  2.044792e+06
4.897788e-04  2.112817e+06
4.954502e-04  2.170978e+06
5.011872e-04  2.219589e+06
5.080000e-04  2.265768e+06
5.150000e-04  2.302232e+06
5.260000e-04  2.342080e+06
5.370318e-04  2.364767e+06
5.495409e-04  2.372163e+06
5.623413e-04  2.363300e+06
5.754399e-04  2.341898e+06
5.900000e-04  2.306824e+06
6.100000e-04  2.246744e+06
6.309573e-04  2.172977e+06
6.531306e-04  2.088594e+06
6.760830e-04  1.997169e+06
7.079458e-04  1.869574e+06
7.500000e-04  1.704960e+06
7.900000e-04  1.557024e+06
8.413951e-04  1.383005e+06
8.850000e-04  1.250416e+06
9.332543e-04  1.117188e+06
1.000000e-03  9.579920e+05
1.071519e-03  8.164358e+05
1.135011e-03  7.101877e+05
1.230269e-03  5.796162e+05
1.333521e-03  4.697151e+05
1.450000e-03  3.744256e+05
1.584893e-03  2.920761e+05
1.730000e-03  2.269920e+05
1.905461e-03  1.705814e+05
2.089296e-03  1.289547e+05
2.300000e-03  9.563520e+04
2.540973e-03  6.961541e+04
2.800000e-03  5.072360e+04
3.090295e-03  3.651952e+04
3.427678e-03  2.566430e+04
3.758374e-03  1.864148e+04
4.168694e-03  1.292676e+04
4.677351e-03  8.535650e+03
5.308844e-03  5.355577e+03
6.025596e-03  3.327866e+03
6.839116e-03  2.048303e+03
7.673615e-03  1.307044e+03
8.609938e-03  8.278979e+02
9.660509e-03  5.207241e+02
1.096478e-02  3.102271e+02
1.244515e-02  1.833961e+02
1.412538e-02  1.075964e+02
1.621810e-02  5.965679e+01
1.862087e-02  3.281445e+01
2.113489e-02  1.883987e+01
2.454709e-02  9.699760e+00
2.884032e-02  4.707009e+00
3.467369e-02  2.042854e+00
4.315191e-02  7.515143e-01
5.821032e-02  1.894462e-01
8.128305e-02  4.057568e-02
1.188502e-01  7.128776e-03
1.364583e-01  3.812821e-03
1.531088e-01  2.279648e-03
1.862087e-01  9.635089e-04
2.065380e-01  6.148807e-04
2.290868e-01  3.955247e-04
2.511886e-01  2.690328e-04
2.754229e-01  1.842657e-04
3.019952e-01  1.271255e-04
3.311800e-01  8.831867e-05
3.589219e-01  6.460796e-05
3.890451e-01  4.757414e-05
4.168694e-01  3.683813e-05
4.415705e-01  2.993834e-05
4.786301e-01  2.258781e-05
5.495409e-01  1.408055e-05
5.956621e-01  1.075536e-05
6.382635e-01  8.588949e-06
6.839117e-01  6.904876e-06
7.244360e-01  5.790673e-06
7.682800e-01  4.868779e-06
8.128305e-01  4.148802e-06
8.611500e-01  3.548753e-06
9.015711e-01  3.154194e-06
9.440609e-01  2.818441e-06
9.885531e-01  2.533808e-06
1.047129e+00  2.236664e-06
1.122018e+00  1.941280e-06
1.202264e+00  1.696903e-06
1.318257e+00  1.429920e-06
1.798871e+00  8.239198e-07
2.041738e+00  6.631939e-07
2.344229e+00  5.277799e-07
2.691535e+00  4.232475e-07
3.090295e+00  3.418804e-07
3.589219e+00  2.733658e-07
4.168694e+00  2.201830e-07
4.897788e+00  1.757263e-07
5.821032e+00  1.390815e-07
6.918310e+00  1.109252e-07
8.317638e+00  8.777269e-08
1.011579e+01  6.898286e-08
1.244515e+01  5.382796e-08
1.603245e+01  4.010380e-08
2.137962e+01  2.900625e-08
2.851018e+01  2.114229e-08
4.000000e+01  1.469900e-08
5.821032e+01  9.903217e-09
9.225714e+01  6.147702e-09
1.757924e+02  3.183166e-09
3.507519e+02  1.583452e-09
1.396368e+03  3.954410e-10
1.000000e+05  5.513900e-12
-1  -1
3.051700e-04  0.000000e+00
3.051700e-04  5.188311e+04
4.216965e-04  4.206710e+04
4.466836e-04  4.033927e+04
5.400000e-04  3.416100e+04
5.821032e-04  3.181111e+04
6.382635e-04  2.890107e+04
7.300000e-04  2.493860e+04
8.035261e-04  2.228066e+04
9.332543e-04  1.849690e+04
1.047129e-03  1.591582e+04
1.216186e-03  1.298945e+04
1.412538e-03  1.051035e+04
1.650000e-03  8.379360e+03
1.949845e-03  6.525214e+03
2.344229e-03  4.914929e+03
2.818383e-03  3.677534e+03
3.467369e-03  2.632672e+03
4.216965e-03  1.904301e+03
5.069907e-03  1.393787e+03
6.165950e-03  9.922855e+02
7.413102e-03  7.151092e+02
8.912509e-03  5.116624e+02
1.083927e-02  3.556969e+02
1.303167e-02  2.507531e+02
1.566751e-02  1.754841e+02
1.883649e-02  1.219048e+02
2.264644e-02  8.405671e+01
2.722701e-02  5.752099e+01
3.235937e-02  4.002138e+01
3.890451e-02  2.697250e+01
4.677351e-02  1.803453e+01
5.623413e-02  1.196415e+01
6.760830e-02  7.875846e+00
8.222426e-02  5.009482e+00
1.000000e-01  3.162020e+00
1.288250e-01  1.726304e+00
1.603245e-01  1.017903e+00
2.570396e-01  3.229961e-01
3.198895e-01  1.909658e-01
3.845918e-01  1.235476e-01
4.518559e-01  8.498272e-02
5.188000e-01  6.206467e-02
6.025596e-01  4.451328e-02
6.918310e-01  3.298680e-02
7.943282e-01  2.462293e-02
9.015711e-01  1.894567e-02
1.011579e+00  1.504038e-02
1.216186e+00  1.048903e-02
1.364583e+00  8.431536e-03
1.531087e+00  6.822162e-03
1.737801e+00  5.446569e-03
1.972423e+00  4.379442e-03
2.264644e+00  3.478382e-03
2.600160e+00  2.784198e-03
3.000000e+00  2.228200e-03
3.467369e+00  1.791885e-03
4.027170e+00  1.440941e-03
4.731513e+00  1.148119e-03
5.623413e+00  9.073192e-04
6.683439e+00  7.225904e-04
8.035261e+00  5.709893e-04
9.660509e+00  4.544952e-04
1.174898e+01  3.589958e-04
1.428894e+01  2.853565e-04
1.737801e+01  2.279831e-04
2.238721e+01  1.717066e-04
2.951209e+01  1.268612e-04
4.168694e+01  8.763539e-05
6.165950e+01  5.809823e-05
9.772372e+01  3.609930e-05
1.862087e+02  1.870465e-05
3.715352e+02  9.308427e-06
1.479108e+03  2.325319e-06
1.000000e+05  3.434800e-08
-1  -1
2.458900e-04  0.000000e+00
2.458900e-04  1.559532e+05
2.540973e-04  1.446679e+05
2.580000e-04  1.389218e+05
2.625000e-04  1.317084e+05
2.700000e-04  1.195286e+05
2.800000e-04  1.051932e+05
3.030000e-04  8.169040e+04
3.235937e-04  6.743866e+04
3.404800e-04  5.846049e+04
3.550000e-04  5.231800e+04
3.672823e-04  4.807544e+04
3.801894e-04  4.437627e+04
3.935501e-04  4.118789e+04
4.120975e-04  3.756130e+04
4.315191e-04  3.448492e+04
4.518559e-04  3.185120e+04
4.731513e-04  2.960344e+04
4.954502e-04  2.769432e+04
5.230000e-04  2.580360e+04
5.559043e-04  2.400585e+04
6.025596e-04  2.199895e+04
6.606934e-04  2.007328e+04
9.772372e-04  1.399912e+04
1.122018e-03  1.224000e+04
1.273503e-03  1.075072e+04
1.462177e-03  9.259629e+03
1.659587e-03  8.013688e+03
1.900000e-03  6.814400e+03
2.162719e-03  5.792057e+03
2.454709e-03  4.905509e+03
2.800000e-03  4.098220e+03
3.162278e-03  3.447118e+03
3.589219e-03  2.859202e+03
4.073803e-03  2.354422e+03
4.623810e-03  1.924537e+03
5.248075e-03  1.561507e+03
5.956621e-03  1.257707e+03
6.760830e-03  1.005705e+03
7.673615e-03  7.983054e+02
8.709636e-03  6.292493e+02
9.885531e-03  4.925697e+02
1.122018e-02  3.829007e+02
1.273503e-02  2.956083e+02
1.445440e-02  2.266714e+02
1.659587e-02  1.683685e+02
1.905461e-02  1.240850e+02
2.187762e-02  9.074337e+01
2.511886e-02  6.586337e+01
2.884032e-02  4.746018e+01
3.311311e-02  3.395913e+01
3.845918e-02  2.345325e+01
4.466836e-02  1.607809e+01
5.248075e-02  1.062523e+01
6.237348e-02  6.762550e+00
7.498942e-02  4.142839e+00
9.332543e-02  2.295220e+00
1.188502e-01  1.187211e+00
2.041738e-01  2.679258e-01
2.540973e-01  1.477315e-01
3.054921e-01  9.012094e-02
3.589219e-01  5.889814e-02
4.120975e-01  4.119124e-02
4.731513e-01  2.903019e-02
5.370318e-01  2.122086e-02
6.025596e-01  1.606791e-02
6.760830e-01  1.225099e-02
7.585776e-01  9.409607e-03
8.609938e-01  7.090951e-03
9.332543e-01  5.958015e-03
1.011579e+00  5.041994e-03
1.135011e+00  4.008405e-03
1.258925e+00  3.281275e-03
1.412538e+00  2.648792e-03
1.640590e+00  2.022678e-03
1.883649e+00  1.589186e-03
2.137962e+00  1.283060e-03
2.454709e+00  1.023738e-03
2.818383e+00  8.229972e-04
3.235937e+00  6.663224e-04
3.758374e+00  5.340191e-04
4.415704e+00  4.241079e-04
5.188000e+00  3.393539e-04
6.165950e+00  2.692980e-04
7.413102e+00  2.121256e-04
8.912509e+00  1.682989e-04
1.122018e+01  1.272081e-04
1.396368e+01  9.829833e-05
1.737801e+01  7.647140e-05
2.238721e+01  5.759708e-05
2.917427e+01  4.308805e-05
4.120975e+01  2.975737e-05
6.095369e+01  1.972308e-05
9.660509e+01  1.225241e-05
1.862087e+02  6.274053e-06
3.715352e+02  3.122348e-06
1.479108e+03  7.800137e-07
1.000000e+05  1.152100e-08
-1  -1
1.940700e-04  0.000000e+00
1.940700e-04  3.771890e+05
2.041738e-04  3.516425e+05
2.120000e-04  3.349912e+05
2.187762e-04  3.189851e+05
2.270000e-04  2.996792e+05
2.380000e-04  2.792640e+05
2.660725e-04  2.407534e+05
2.800000e-04  2.262652e+05
3.019952e-04  2.084017e+05
4.415704e-04  1.410760e+05
5.069907e-04  1.216367e+05
5.800000e-04  1.044880e+05
6.531306e-04  9.077642e+04
7.500000e-04  7.644840e+04
8.511380e-04  6.484030e+04
9.772372e-04  5.376626e+04
1.135011e-03  4.351793e+04
1.318257e-03  3.492504e+04
1.513561e-03  2.831083e+04
1.737801e-03  2.280610e+04
2.018366e-03  1.791661e+04
2.344229e-03  1.397421e+04
2.722701e-03  1.081934e+04
3.126079e-03  8.485535e+03
3.548134e-03  6.751330e+03
4.027170e-03  5.339742e+03
4.570882e-03  4.197531e+03
5.248075e-03  3.205176e+03
6.025596e-03  2.428024e+03
6.918310e-03  1.825555e+03
7.943282e-03  1.361501e+03
9.120108e-03  1.007868e+03
1.047129e-02  7.400651e+02
1.202264e-02  5.392046e+02
1.380384e-02  3.898048e+02
1.584893e-02  2.796019e+02
1.819701e-02  1.989934e+02
2.089296e-02  1.405249e+02
2.398833e-02  9.846666e+01
2.754229e-02  6.848043e+01
3.162278e-02  4.727778e+01
3.630781e-02  3.240830e+01
4.216965e-02  2.136182e+01
4.897788e-02  1.397404e+01
5.754399e-02  8.779918e+00
6.760830e-02  5.475607e+00
8.128305e-02  3.167434e+00
1.000000e-01  1.697199e+00
1.949845e-01  2.219965e-01
2.398833e-01  1.188121e-01
2.818383e-01  7.357358e-02
3.235937e-01  4.911442e-02
3.672823e-01  3.413203e-02
4.168694e-01  2.389139e-02
4.677351e-01  1.739710e-02
5.188000e-01  1.316294e-02
5.754399e-01  1.002622e-02
6.456542e-01  7.465442e-03
7.161434e-01  5.765260e-03
7.943282e-01  4.483576e-03
8.709636e-01  3.592907e-03
9.332543e-01  3.063489e-03
9.885531e-01  2.698972e-03
1.071519e+00  2.282384e-03
1.161449e+00  1.943659e-03
1.258925e+00  1.665517e-03
1.396368e+00  1.377111e-03
1.737801e+00  9.329102e-04
1.972423e+00  7.496130e-04
2.238721e+00  6.067427e-04
2.570396e+00  4.853509e-04
2.951209e+00  3.911060e-04
3.427678e+00  3.119836e-04
4.000000e+00  2.490400e-04
4.677351e+00  1.996829e-04
5.559043e+00  1.577151e-04
6.606934e+00  1.255423e-04
8.035261e+00  9.773226e-05
9.660509e+00  7.779304e-05
1.174898e+01  6.144608e-05
1.428894e+01  4.884198e-05
1.737801e+01  3.902116e-05
2.238721e+01  2.938953e-05
2.917427e+01  2.198653e-05
4.120975e+01  1.518399e-05
6.165950e+01  9.944160e-06
9.772372e+01  6.178868e-06
1.883649e+02  3.164317e-06
3.758374e+02  1.574856e-06
1.496236e+03  3.934584e-07
1.000000e+05  5.879100e-09
-1  -1
1.060800e-04  0.000000e+00
1.060800e-04  9.637804e+05
1.062000e-04  1.000972e+06
1.066000e-04  1.103604e+06
1.071000e-04  1.238396e+06
1.075000e-04  1.349664e+06
1.080000e-04  1.491876e+06
1.084000e-04  1.606212e+06
1.088000e-04  1.720072e+06
1.092000e-04  1.832820e+06
1.096478e-04  1.956440e+06
1.101000e-04  2.076720e+06
1.105000e-04  2.178324e+06
1.109175e-04  2.278483e+06
1.115000e-04  2.407384e+06
1.120000e-04  2.506352e+06
1.126000e-04  2.610188e+06
1.131000e-04  2.683704e+06
1.137000e-04  2.756236e+06
1.143000e-04  2.811756e+06
1.150000e-04  2.856256e+06
1.157000e-04  2.881268e+06
1.165000e-04  2.888128e+06
1.173000e-04  2.875976e+06
1.180000e-04  2.852792e+06
1.191000e-04  2.798184e+06
1.203000e-04  2.721236e+06
1.218000e-04  2.611040e+06
1.240000e-04  2.440112e+06
1.288250e-04  2.086689e+06
1.350000e-04  1.710796e+06
1.400000e-04  1.456056e+06
1.445440e-04  1.254897e+06
1.500000e-04  1.048148e+06
1.720000e-04  5.281880e+05
1.862087e-04  3.575642e+05
1.972423e-04  2.710924e+05
2.041738e-04  2.307853e+05
2.113489e-04  1.977137e+05
2.170000e-04  1.766684e+05
2.220000e-04  1.610732e+05
2.280000e-04  1.454876e+05
2.330000e-04  1.346880e+05
2.392000e-04  1.235849e+05
2.450000e-04  1.151056e+05
2.511886e-04  1.077273e+05
2.570396e-04  1.020609e+05
2.635000e-04  9.701920e+04
2.691535e-04  9.347396e+04
2.754229e-04  9.032418e+04
2.830000e-04  8.741880e+04
2.900900e-04  8.542324e+04
2.985383e-04  8.376815e+04
3.054921e-04  8.287239e+04
3.162278e-04  8.210948e+04
3.280000e-04  8.187680e+04
3.467369e-04  8.223324e+04
4.168694e-04  8.507235e+04
4.466836e-04  8.560398e+04
4.786301e-04  8.547507e+04
5.128614e-04  8.468426e+04
5.432503e-04  8.349172e+04
5.800000e-04  8.156400e+04
6.200000e-04  7.908200e+04
6.606934e-04  7.627549e+04
7.079458e-04  7.280404e+04
7.586200e-04  6.903219e+04
8.128305e-04  6.502681e+04
8.810489e-04  6.017675e+04
9.500000e-04  5.557640e+04
1.035142e-03  5.035742e+04
1.122018e-03  4.558115e+04
1.230269e-03  4.035075e+04
1.333521e-03  3.601832e+04
1.462177e-03  3.141755e+04
1.621810e-03  2.670093e+04
1.800000e-03  2.246468e+04
1.972423e-03  1.916604e+04
2.162719e-03  1.622832e+04
2.371374e-03  1.365308e+04
2.600160e-03  1.141321e+04
2.884032e-03  9.258076e+03
3.198895e-03  7.450591e+03
3.548134e-03  5.948208e+03
3.935501e-03  4.712026e+03
4.365158e-03  3.703845e+03
4.841724e-03  2.889307e+03
5.370318e-03  2.237137e+03
5.956621e-03  1.719703e+03
6.606934e-03  1.312559e+03
7.328245e-03  9.948854e+02
8.128305e-03  7.490340e+02
9.120108e-03  5.422585e+02
1.023293e-02  3.894721e+02
1.148154e-02  2.775788e+02
1.288250e-02  1.963641e+02
1.445440e-02  1.379165e+02
1.621810e-02  9.619700e+01
1.840772e-02  6.422710e+01
2.089296e-02  4.255150e+01
2.371374e-02  2.797899e+01
2.722701e-02  1.756965e+01
3.126079e-02  1.094910e+01
3.630781e-02  6.507860e+00
4.265795e-02  3.686725e+00
5.069907e-02  1.989651e+00
6.165950e-02  9.805837e-01
7.943282e-02  3.890573e-01
1.348963e-01  5.577925e-02
1.640590e-01  2.739026e-02
1.949845e-01  1.472783e-02
2.290868e-01  8.312490e-03
2.630268e-01  5.127125e-03
3.000000e-01  3.260383e-03
3.388442e-01  2.160091e-03
3.801894e-01  1.474213e-03
4.315191e-01  9.762855e-04
4.731513e-01  7.285690e-04
5.069907e-01  5.881995e-04
5.559043e-01  4.460967e-04
6.531306e-01  2.782433e-04
7.161434e-01  2.137515e-04
7.762471e-01  1.707105e-04
8.609938e-01  1.284537e-04
9.120108e-01  1.104542e-04
9.549926e-01  9.847544e-05
1.000000e+00  8.835600e-05
1.059254e+00  7.785584e-05
1.122018e+00  6.910275e-05
1.202264e+00  6.037061e-05
1.303167e+00  5.201204e-05
1.531087e+00  3.920369e-05
1.819701e+00  2.889655e-05
2.044000e+00  2.368000e-05
2.344229e+00  1.888013e-05
2.691535e+00  1.514079e-05
3.090295e+00  1.223007e-05
3.589219e+00  9.779041e-06
4.168694e+00  7.876493e-06
4.897788e+00  6.286158e-06
5.821032e+00  4.975465e-06
6.918310e+00  3.968274e-06
8.317638e+00  3.139901e-06
1.011579e+01  2.467694e-06
1.244515e+01  1.925573e-06
1.603245e+01  1.434665e-06
2.137962e+01  1.037689e-06
2.851018e+01  7.563149e-07
4.027170e+01  5.220509e-07
5.888437e+01  3.500423e-07
9.332543e+01  2.173386e-07
1.778279e+02  1.125493e-07
3.548134e+02  5.599308e-08
1.412538e+03  1.398428e-08
1.000000e+05  1.972500e-10
-1  -1
9.840000e-05  0.000000e+00
9.840000e-05  1.598503e+06
9.849000e-05  1.650084e+06
9.890000e-05  1.837998e+06
9.930000e-05  2.023518e+06
9.960000e-05  2.163882e+06
1.000000e-04  2.350212e+06
1.003700e-04  2.521541e+06
1.007000e-04  2.672706e+06
1.011579e-04  2.877715e+06
1.016500e-04  3.090384e+06
1.020000e-04  3.235686e+06
1.025000e-04  3.433422e+06
1.030000e-04  3.617364e+06
1.035142e-04  3.790298e+06
1.040000e-04  3.937164e+06
1.045000e-04  4.070448e+06
1.050700e-04  4.199542e+06
1.055000e-04  4.280694e+06
1.060000e-04  4.357710e+06
1.065000e-04  4.416624e+06
1.072000e-04  4.470402e+06
1.080000e-04  4.494930e+06
1.087000e-04  4.488036e+06
1.095000e-04  4.453464e+06
1.105000e-04  4.378572e+06
1.115000e-04  4.278024e+06
1.128000e-04  4.123158e+06
1.143000e-04  3.927438e+06
1.170000e-04  3.569730e+06
1.230269e-04  2.869704e+06
1.288250e-04  2.337715e+06
1.333521e-04  1.992908e+06
1.381800e-04  1.679084e+06
1.445440e-04  1.339945e+06
1.603245e-04  7.893587e+05
1.690000e-04  6.067860e+05
1.778279e-04  4.739849e+05
1.850000e-04  3.938352e+05
1.905461e-04  3.447251e+05
1.950000e-04  3.118608e+05
2.000000e-04  2.808006e+05
2.060000e-04  2.503200e+05
2.113489e-04  2.283032e+05
2.162719e-04  2.115878e+05
2.213095e-04  1.974267e+05
2.264644e-04  1.855214e+05
2.317395e-04  1.755987e+05
2.371374e-04  1.674109e+05
2.430000e-04  1.603710e+05
2.483133e-04  1.553553e+05
2.540973e-04  1.510960e+05
2.600160e-04  1.477903e+05
2.660725e-04  1.452935e+05
2.743100e-04  1.430212e+05
2.830000e-04  1.416846e+05
2.917427e-04  1.411402e+05
3.054921e-04  1.413679e+05
3.273407e-04  1.430954e+05
3.672823e-04  1.465442e+05
3.935501e-04  1.478275e+05
4.216965e-04  1.480940e+05
4.500000e-04  1.472166e+05
4.786301e-04  1.453724e+05
5.069907e-04  1.428423e+05
5.400000e-04  1.391904e+05
5.800000e-04  1.340628e+05
6.237348e-04  1.280377e+05
6.700000e-04  1.214034e+05
7.244360e-04  1.136366e+05
7.800000e-04  1.059798e+05
8.413951e-04  9.795330e+04
9.120108e-04  8.945682e+04
1.000000e-03  7.992840e+04
1.083927e-03  7.191875e+04
1.190000e-03  6.314520e+04
1.303167e-03  5.519621e+04
1.412538e-03  4.869911e+04
1.548817e-03  4.192689e+04
1.730000e-03  3.470550e+04
1.927525e-03  2.858507e+04
2.150000e-03  2.328720e+04
2.400000e-03  1.877364e+04
2.660725e-03  1.521472e+04
2.951209e-03  1.222327e+04
3.273407e-03  9.736640e+03
3.641000e-03  7.650552e+03
4.027170e-03  6.044126e+03
4.466836e-03  4.706497e+03
4.954502e-03  3.637148e+03
5.495409e-03  2.789512e+03
6.095369e-03  2.123847e+03
6.760830e-03  1.605626e+03
7.498942e-03  1.205299e+03
8.413951e-03  8.694216e+02
9.332543e-03  6.434873e+02
1.035142e-02  4.731595e+02
1.161449e-02  3.337099e+02
1.303167e-02  2.335627e+02
1.462177e-02  1.622611e+02
1.640590e-02  1.119191e+02
1.840772e-02  7.666155e+01
2.089296e-02  5.017173e+01
2.371374e-02  3.257468e+01
2.691535e-02  2.099470e+01
3.090295e-02  1.290120e+01
3.548134e-02  7.868900e+00
4.073803e-02  4.766329e+00
4.731513e-02  2.746909e+00
5.623413e-02  1.443192e+00
6.998420e-02  6.332163e-01
1.216186e-01  7.790821e-02
1.479108e-01  3.732931e-02
1.737801e-01  2.049936e-02
2.018366e-01  1.183689e-02
2.290868e-01  7.487056e-03
2.570396e-01  4.969474e-03
2.884032e-01  3.322306e-03
3.198895e-01  2.328544e-03
3.548134e-01  1.643959e-03
3.890451e-01  1.214432e-03
4.265795e-01  9.028451e-04
4.623810e-01  7.007736e-04
5.011872e-01  5.474743e-04
5.432503e-01  4.311799e-04
5.956621e-01  3.306443e-04
6.606935e-01  2.467503e-04
7.244360e-01  1.916140e-04
7.852356e-01  1.545716e-04
8.609938e-01  1.214064e-04
9.120108e-01  1.050571e-04
9.660509e-01  9.156495e-05
1.011579e+00  8.253927e-05
1.071519e+00  7.299682e-05
1.148154e+00  6.347355e-05
1.230269e+00  5.557929e-05
1.333521e+00  4.793210e-05
1.640590e+00  3.321300e-05
1.883649e+00  2.607543e-05
2.113489e+00  2.145377e-05
2.426610e+00  1.710652e-05
2.786121e+00  1.374359e-05
3.198895e+00  1.112084e-05
3.715352e+00  8.907777e-06
4.365158e+00  7.070500e-06
5.128614e+00  5.654673e-06
6.095369e+00  4.484985e-06
7.328245e+00  3.531185e-06
8.810489e+00  2.800347e-06
1.109175e+01  2.115553e-06
1.380384e+01  1.634128e-06
1.717908e+01  1.270812e-06
2.238721e+01  9.447863e-07
2.917427e+01  7.067976e-07
4.120975e+01  4.881192e-07
6.095369e+01  3.235272e-07
9.549926e+01  2.033814e-07
1.819701e+02  1.053485e-07
3.630781e+02  5.241917e-08
1.445440e+03  1.309278e-08
1.000000e+05  1.889900e-10
-1  -1
7.640000e-06  0.000000e+00
7.640000e-06  7.348782e+04
7.673615e-06  7.427974e+04
7.762471e-06  7.553516e+04
7.950000e-06  7.869798e+04
8.128305e-06  8.218065e+04
8.350000e-06  8.712516e+04
8.609938e-06  9.378219e+04
8.912509e-06  1.025942e+05
9.225714e-06  1.129071e+05
9.700000e-06  1.307006e+05
1.202264e-05  2.508486e+05
1.310000e-05  3.233923e+05
1.428894e-05  4.150872e+05
1.548817e-05  5.196333e+05
1.678804e-05  6.461036e+05
1.800000e-05  7.750896e+05
1.905461e-05  8.943495e+05
2.018366e-05  1.027849e+06
2.113489e-05  1.143049e+06
2.230000e-05  1.284317e+06
2.344229e-05  1.420367e+06
2.454709e-05  1.547255e+06
2.570396e-05  1.673013e+06
2.660725e-05  1.764654e+06
2.770000e-05  1.866583e+06
2.900000e-05  1.974669e+06
3.019952e-05  2.062225e+06
3.162278e-05  2.151756e+06
3.311311e-05  2.229643e+06
3.467369e-05  2.295711e+06
3.672823e-05  2.362999e+06
3.890451e-05  2.413040e+06
4.073803e-05  2.439081e+06
4.300000e-05  2.452612e+06
4.518559e-05  2.446694e+06
4.722300e-05  2.423594e+06
4.900000e-05  2.390092e+06
5.101000e-05  2.338827e+06
5.308844e-05  2.272417e+06
5.500000e-05  2.200860e+06
5.730000e-05  2.104723e+06
5.956621e-05  2.003201e+06
6.165950e-05  1.905997e+06
6.400000e-05  1.795612e+06
6.683439e-05  1.662815e+06
6.918310e-05  1.555863e+06
7.161434e-05  1.448677e+06
7.413102e-05  1.341752e+06
7.673615e-05  1.236218e+06
7.943282e-05  1.132919e+06
8.222426e-05  1.031918e+06
8.511380e-05  9.336453e+05
8.810489e-05  8.391645e+05
9.120108e-05  7.490974e+05
9.440609e-05  6.636588e+05
9.772372e-05  5.835526e+05
1.011579e-04  5.094493e+05
1.040000e-04  4.543406e+05
1.071519e-04  3.992462e+05
1.109175e-04  3.412455e+05
1.148154e-04  2.892974e+05
1.180000e-04  2.521440e+05
1.216186e-04  2.150660e+05
1.250000e-04  1.849037e+05
1.280000e-04  1.613469e+05
1.315000e-04  1.371926e+05
1.350000e-04  1.162406e+05
1.380384e-04  1.003945e+05
1.415000e-04  8.468830e+04
1.445440e-04  7.268515e+04
1.479108e-04  6.115033e+04
1.510000e-04  5.201127e+04
1.540000e-04  4.431249e+04
1.570000e-04  3.763441e+04
1.600000e-04  3.185366e+04
1.627000e-04  2.733412e+04
1.660000e-04  2.259395e+04
1.690000e-04  1.894843e+04
1.720000e-04  1.585620e+04
1.760000e-04  1.247726e+04
1.835000e-04  8.019516e+03
1.865000e-04  6.795858e+03
1.885000e-04  6.127252e+03
1.905461e-04  5.552720e+03
1.922000e-04  5.162581e+03
1.936900e-04  4.863707e+03
1.950000e-04  4.639466e+03
1.965000e-04  4.424186e+03
1.980000e-04  4.250375e+03
1.995262e-04  4.113185e+03
2.010000e-04  4.016058e+03
2.025000e-04  3.950366e+03
2.040000e-04  3.915764e+03
2.055000e-04  3.909978e+03
2.070000e-04  3.930901e+03
2.085000e-04  3.976535e+03
2.100000e-04  4.044986e+03
2.118000e-04  4.154778e+03
2.140000e-04  4.326044e+03
2.162719e-04  4.541033e+03
2.188000e-04  4.820229e+03
2.214300e-04  5.149394e+03
2.290868e-04  6.278214e+03
2.317395e-04  6.698867e+03
2.344229e-04  7.133011e+03
2.371374e-04  7.579892e+03
2.426610e-04  8.508388e+03
2.483133e-04  9.476573e+03
2.540973e-04  1.047544e+04
2.600160e-04  1.149495e+04
2.660725e-04  1.252428e+04
2.722701e-04  1.355210e+04
2.786121e-04  1.456686e+04
2.851018e-04  1.555705e+04
2.917427e-04  1.651157e+04
2.985383e-04  1.741990e+04
3.054921e-04  1.825625e+04
3.126079e-04  1.902287e+04
3.198895e-04  1.971783e+04
3.273407e-04  2.033659e+04
3.376700e-04  2.104558e+04
3.467369e-04  2.153404e+04
3.589219e-04  2.201167e+04
3.715352e-04  2.231655e+04
3.845918e-04  2.246171e+04
4.073803e-04  2.245589e+04
4.216965e-04  2.236468e+04
4.365158e-04  2.215923e+04
4.518559e-04  2.185016e+04
4.731513e-04  2.129727e+04
4.954502e-04  2.061062e+04
5.188000e-04  1.983945e+04
5.432503e-04  1.898845e+04
5.754399e-04  1.783659e+04
6.095369e-04  1.662485e+04
6.456542e-04  1.538855e+04
6.839116e-04  1.414741e+04
7.244360e-04  1.292406e+04
7.673615e-04  1.173663e+04
8.222426e-04  1.037939e+04
8.810489e-04  9.112254e+03
9.440609e-04  7.945421e+03
1.011579e-03  6.883365e+03
1.096478e-03  5.777854e+03
1.188502e-03  4.811668e+03
1.288250e-03  3.977112e+03
1.396368e-03  3.264096e+03
1.531087e-03  2.583661e+03
1.659587e-03  2.092118e+03
1.819701e-03  1.631690e+03
2.018366e-03  1.223660e+03
2.213095e-03  9.422897e+02
2.398833e-03  7.447618e+02
2.570396e-03  6.048774e+02
2.786121e-03  4.713546e+02
3.054921e-03  3.519155e+02
3.349654e-03  2.611548e+02
3.715352e-03  1.853075e+02
4.120975e-03  1.305038e+02
4.570882e-03  9.130783e+01
5.069907e-03  6.343486e+01
5.623413e-03  4.375163e+01
6.237348e-03  2.995934e+01
6.918310e-03  2.037156e+01
7.673615e-03  1.375950e+01
8.609938e-03  8.830588e+00
9.660509e-03  5.624535e+00
1.083927e-02  3.556929e+00
1.216186e-02  2.233943e+00
1.380384e-02  1.328972e+00
1.566751e-02  7.844737e-01
1.778279e-02  4.595495e-01
2.041738e-02  2.543906e-01
2.344229e-02  1.397772e-01
2.722701e-02  7.252634e-02
3.235937e-02  3.374826e-02
3.935501e-02  1.406573e-02
5.069907e-02  4.492012e-03
8.709636e-02  3.886444e-04
1.096478e-01  1.380707e-04
1.303167e-01  6.385578e-05
1.479108e-01  3.650422e-05
1.659587e-01  2.212497e-05
1.883649e-01  1.285065e-05
2.187762e-01  6.818404e-06
2.454709e-01  4.215478e-06
2.754229e-01  2.625086e-06
3.054921e-01  1.725854e-06
3.388442e-01  1.142871e-06
3.758374e-01  7.626848e-07
4.168694e-01  5.130970e-07
4.570882e-01  3.634120e-07
4.954502e-01  2.705365e-07
5.370318e-01  2.030154e-07
5.821032e-01  1.535080e-07
6.309573e-01  1.169588e-07
6.839117e-01  8.980340e-08
7.413102e-01  6.949735e-08
8.035261e-01  5.417035e-08
8.413951e-01  4.683129e-08
8.810489e-01  4.071842e-08
9.225714e-01  3.564458e-08
9.549926e-01  3.242359e-08
9.885531e-01  2.963788e-08
1.023293e+00  2.723609e-08
1.059254e+00  2.515207e-08
1.109175e+00  2.277119e-08
1.161449e+00  2.075207e-08
1.230269e+00  1.861756e-08
1.318257e+00  1.646203e-08
1.513561e+00  1.304490e-08
1.883649e+00  8.873081e-09
2.089296e+00  7.439423e-09
2.398833e+00  5.928202e-09
2.754229e+00  4.759845e-09
3.162278e+00  3.849221e-09
3.672823e+00  3.081415e-09
4.315191e+00  2.444473e-09
5.069907e+00  1.953984e-09
6.025596e+00  1.548955e-09
7.244360e+00  1.218961e-09
8.709636e+00  9.662590e-10
1.083927e+01  7.397790e-10
1.364583e+01  5.633380e-10
1.717908e+01  4.322710e-10
2.238721e+01  3.213790e-10
2.917427e+01  2.404230e-10
4.120975e+01  1.660320e-10
6.095369e+01  1.100560e-10
9.549926e+01  6.918030e-11
1.819701e+02  3.583510e-11
3.630781e+02  1.783070e-11
1.445440e+03  4.453770e-12
1.000000e+05  6.428700e-14
-1  -1
6.800000e-06  0.000000e+00
6.800000e-06  1.221284e+05
7.100000e-06  1.304163e+05
7.328245e-06  1.380318e+05
7.600000e-06  1.487147e+05
7.852356e-06  1.601116e+05
8.200000e-06  1.778964e+05
8.709636e-06  2.079163e+05
1.100000e-05  3.903393e+05
1.216186e-05  5.079072e+05
1.333521e-05  6.422055e+05
1.462177e-05  8.066337e+05
1.603245e-05  1.006169e+06
1.737801e-05  1.212785e+06
1.862087e-05  1.414238e+06
1.980000e-05  1.611078e+06
2.089296e-05  1.794950e+06
2.190000e-05  1.961811e+06
2.300000e-05  2.137594e+06
2.400000e-05  2.289514e+06
2.511886e-05  2.448410e+06
2.630268e-05  2.600890e+06
2.754229e-05  2.741579e+06
2.884032e-05  2.868976e+06
3.019952e-05  2.982051e+06
3.162278e-05  3.079017e+06
3.326000e-05  3.166369e+06
3.507519e-05  3.239227e+06
3.715352e-05  3.295981e+06
3.935501e-05  3.327474e+06
4.168694e-05  3.333635e+06
4.365158e-05  3.316876e+06
4.570882e-05  3.277084e+06
4.786301e-05  3.213444e+06
4.954502e-05  3.149127e+06
5.150000e-05  3.058979e+06
5.370318e-05  2.941123e+06
5.580000e-05  2.817767e+06
5.800000e-05  2.680178e+06
6.025596e-05  2.533247e+06
6.300000e-05  2.353526e+06
6.580000e-05  2.173834e+06
6.839116e-05  2.012026e+06
7.150000e-05  1.827033e+06
7.413102e-05  1.679547e+06
7.673615e-05  1.540811e+06
7.943282e-05  1.405216e+06
8.222426e-05  1.274228e+06
8.511380e-05  1.147951e+06
8.810489e-05  1.026656e+06
9.150000e-05  9.013154e+05
9.440609e-05  8.041255e+05
9.772372e-05  7.035318e+05
1.011579e-04  6.108170e+05
1.047129e-04  5.264168e+05
1.082000e-04  4.536136e+05
1.110000e-04  4.016901e+05
1.148154e-04  3.396048e+05
1.180000e-04  2.944876e+05
1.210600e-04  2.561185e+05
1.244515e-04  2.188069e+05
1.280000e-04  1.850382e+05
1.307000e-04  1.624804e+05
1.340000e-04  1.381466e+05
1.365000e-04  1.218894e+05
1.396368e-04  1.038986e+05
1.428894e-04  8.774365e+04
1.450000e-04  7.846145e+04
1.480000e-04  6.673080e+04
1.510000e-04  5.656654e+04
1.540000e-04  4.779921e+04
1.570000e-04  4.025507e+04
1.600000e-04  3.377997e+04
1.627000e-04  2.876476e+04
1.660000e-04  2.356554e+04
1.698244e-04  1.865603e+04
1.786400e-04  1.094575e+04
1.810000e-04  9.568207e+03
1.835000e-04  8.367198e+03
1.850800e-04  7.732156e+03
1.865000e-04  7.236475e+03
1.880000e-04  6.784726e+03
1.895000e-04  6.401799e+03
1.908000e-04  6.121970e+03
1.922000e-04  5.871226e+03
1.936900e-04  5.658363e+03
1.950000e-04  5.514254e+03
1.961000e-04  5.422494e+03
1.973000e-04  5.351076e+03
1.985000e-04  5.307933e+03
2.000000e-04  5.291236e+03
2.015000e-04  5.312996e+03
2.028000e-04  5.360676e+03
2.065380e-04  5.571576e+03
2.098200e-04  5.791215e+03
2.137962e-04  6.100432e+03
2.182000e-04  6.498548e+03
2.213095e-04  6.815453e+03
2.264644e-04  7.407622e+03
2.317395e-04  8.102171e+03
2.371374e-04  8.908448e+03
2.454709e-04  1.034825e+04
2.722701e-04  1.655996e+04
2.818383e-04  1.927268e+04
2.884032e-04  2.122830e+04
2.951209e-04  2.326976e+04
3.000000e-04  2.475469e+04
3.090295e-04  2.597020e+04
3.162278e-04  2.681457e+04
3.235937e-04  2.756639e+04
3.311311e-04  2.822221e+04
3.388442e-04  2.878013e+04
3.507519e-04  2.943295e+04
3.630781e-04  2.986939e+04
3.768700e-04  3.011013e+04
3.890451e-04  3.014119e+04
4.120975e-04  2.992674e+04
4.265795e-04  2.964488e+04
4.415704e-04  2.922638e+04
4.623810e-04  2.848148e+04
4.841724e-04  2.755728e+04
5.128614e-04  2.622364e+04
5.370318e-04  2.505386e+04
5.688529e-04  2.348554e+04
6.025596e-04  2.184626e+04
6.382635e-04  2.018687e+04
6.760830e-04  1.852886e+04
7.161434e-04  1.689971e+04
7.585776e-04  1.532255e+04
8.128305e-04  1.352514e+04
8.709636e-04  1.185283e+04
9.332543e-04  1.031747e+04
1.000000e-03  8.923988e+03
1.083927e-03  7.477121e+03
1.174898e-03  6.215806e+03
1.273503e-03  5.128842e+03
1.380384e-03  4.202512e+03
1.500000e-03  3.400224e+03
1.640590e-03  2.687439e+03
1.778279e-03  2.160264e+03
1.927525e-03  1.725175e+03
2.065380e-03  1.414666e+03
2.238721e-03  1.115145e+03
2.454709e-03  8.435395e+02
2.691535e-03  6.338352e+02
2.985383e-03  4.559606e+02
3.311311e-03  3.254620e+02
3.715352e-03  2.219711e+02
4.120975e-03  1.561031e+02
4.570882e-03  1.089027e+02
5.069907e-03  7.539326e+01
5.623413e-03  5.181468e+01
6.237348e-03  3.535623e+01
6.918310e-03  2.395545e+01
7.673615e-03  1.612085e+01
8.609938e-03  1.030228e+01
9.660509e-03  6.533083e+00
1.083927e-02  4.112871e+00
1.216186e-02  2.571139e+00
1.364583e-02  1.596356e+00
1.548817e-02  9.377901e-01
1.737801e-02  5.742658e-01
1.972423e-02  3.324435e-01
2.264644e-02  1.817324e-01
2.630268e-02  9.370838e-02
3.090295e-02  4.555338e-02
3.715352e-02  1.981060e-02
4.623810e-02  7.306996e-03
9.015711e-02  3.406830e-04
1.109175e-01  1.323700e-04
1.303167e-01  6.375363e-05
1.479108e-01  3.615689e-05
1.659587e-01  2.177078e-05
1.862087e-01  1.320523e-05
2.137962e-01  7.310125e-06
2.371374e-01  4.723126e-06
2.600160e-01  3.223767e-06
2.851018e-01  2.215439e-06
3.126079e-01  1.533656e-06
3.427678e-01  1.069917e-06
3.715352e-01  7.859793e-07
4.073803e-01  5.566704e-07
4.365158e-01  4.318416e-07
4.677351e-01  3.371988e-07
5.000000e-01  2.674500e-07
5.370318e-01  2.111316e-07
5.821032e-01  1.630560e-07
6.606935e-01  1.092911e-07
7.161434e-01  8.524406e-08
7.673615e-01  6.930523e-08
8.413951e-01  5.299961e-08
8.912509e-01  4.513205e-08
9.332543e-01  3.992965e-08
9.772372e-01  3.555115e-08
1.023293e+00  3.188065e-08
1.071519e+00  2.879322e-08
1.122018e+00  2.616484e-08
1.188502e+00  2.338025e-08
1.288250e+00  2.015714e-08
1.412538e+00  1.714854e-08
1.513561e+00  1.523381e-08
1.840772e+00  1.078325e-08
2.065380e+00  8.858193e-09
2.371374e+00  7.054305e-09
2.722701e+00  5.660547e-09
3.126079e+00  4.574902e-09
3.630781e+00  3.660168e-09
4.216965e+00  2.949652e-09
4.954502e+00  2.355359e-09
5.888437e+00  1.865255e-09
7.079458e+00  1.466435e-09
8.511380e+00  1.161371e-09
1.047129e+01  9.008270e-10
1.318257e+01  6.850020e-10
1.698244e+01  5.114940e-10
2.213095e+01  3.801660e-10
2.917427e+01  2.808030e-10
4.120975e+01  1.939250e-10
6.095369e+01  1.285390e-10
9.549926e+01  8.080030e-11
1.840772e+02  4.136810e-11
3.672823e+02  2.058590e-11
1.462177e+03  5.142200e-12
1.000000e+05  7.508500e-14
-1  -1
5.001000e-05  0.000000e+00
5.001000e-05  3.210400e+05
5.128614e-05  2.913262e+05
5.400000e-05  2.366360e+05
5.580000e-05  2.085180e+05
5.754399e-05  1.862571e+05
5.900000e-05  1.707842e+05
6.070000e-05  1.556260e+05
6.237348e-05  1.431871e+05
6.400000e-05  1.329884e+05
6.606934e-05  1.221582e+05
6.839116e-05  1.122275e+05
7.079458e-05  1.038188e+05
7.328245e-05  9.661380e+04
7.673615e-05  8.845815e+04
8.035261e-05  8.158339e+04
8.500000e-05  7.451120e+04
9.015711e-05  6.832674e+04
9.549926e-05  6.327849e+04
1.011579e-04  5.905795e+04
1.071519e-04  5.550747e+04
1.150000e-04  5.181620e+04
1.500000e-04  4.076240e+04
1.862087e-04  3.324063e+04
2.089296e-04  2.963969e+04
2.400000e-04  2.558540e+04
2.818383e-04  2.141654e+04
3.200000e-04  1.847418e+04
3.845918e-04  1.478535e+04
4.466836e-04  1.223897e+04
5.308844e-04  9.769727e+03
6.309573e-04  7.734796e+03
7.500000e-04  6.076840e+03
9.015711e-04  4.661604e+03
1.083927e-03  3.547683e+03
1.318257e-03  2.633991e+03
1.603245e-03  1.941964e+03
2.065380e-03  1.299044e+03
2.630268e-03  8.782704e+02
3.349654e-03  5.892166e+02
4.168694e-03  4.075841e+02
5.128614e-03  2.853108e+02
6.237348e-03  2.022009e+02
7.585776e-03  1.422272e+02
8.810489e-03  1.080498e+02
1.059254e-02  7.646397e+01
1.303167e-02  5.139580e+01
1.603245e-02  3.428058e+01
2.018366e-02  2.171408e+01
2.454709e-02  1.461959e+01
2.917427e-02  1.023879e+01
3.427678e-02  7.283585e+00
4.073803e-02  5.019332e+00
4.897788e-02  3.347879e+00
5.888437e-02  2.215583e+00
7.079458e-02  1.455500e+00
8.413951e-02  9.751035e-01
1.035142e-01  5.979258e-01
1.333521e-01  3.260897e-01
1.659587e-01  1.919827e-01
2.570396e-01  6.625805e-02
3.198895e-01  3.917641e-02
3.845918e-01  2.534516e-02
4.518559e-01  1.743354e-02
5.188000e-01  1.273200e-02
6.025596e-01  9.131492e-03
6.918310e-01  6.766992e-03
7.943282e-01  5.051285e-03
9.015711e-01  3.886925e-03
1.011579e+00  3.085573e-03
1.216186e+00  2.151823e-03
1.364583e+00  1.729738e-03
1.531087e+00  1.399561e-03
1.737801e+00  1.117365e-03
1.972423e+00  8.984602e-04
2.264644e+00  7.136210e-04
2.600160e+00  5.712042e-04
3.000000e+00  4.571300e-04
3.467369e+00  3.676061e-04
4.027170e+00  2.956063e-04
4.731513e+00  2.355457e-04
5.623413e+00  1.861388e-04
6.683439e+00  1.482448e-04
8.128305e+00  1.154558e-04
9.772372e+00  9.194259e-05
1.188502e+01  7.265015e-05
1.445440e+01  5.776958e-05
1.757924e+01  4.616703e-05
2.264644e+01  3.478163e-05
2.951209e+01  2.602650e-05
4.216965e+01  1.776069e-05
6.237348e+01  1.177715e-05
9.885531e+01  7.319075e-06
1.905461e+02  3.748740e-06
3.801894e+02  1.865910e-06
1.513561e+03  4.661941e-07
1.000000e+05  7.046700e-09
-1  -1
3.261000e-05  0.000000e+00
3.261000e-05  6.839919e+06
3.330000e-05  6.546800e+06
3.427678e-05  6.123399e+06
3.600000e-05  5.418200e+06
3.845918e-05  4.558163e+06
4.073803e-05  3.892994e+06
4.315191e-05  3.302378e+06
4.570882e-05  2.783610e+06
4.900000e-05  2.248260e+06
6.095369e-05  1.132004e+06
6.839116e-05  7.939492e+05
8.035261e-05  4.883698e+05
1.080000e-04  2.017380e+05
1.244515e-04  1.328578e+05
1.400000e-04  9.455140e+04
1.548817e-04  7.108704e+04
1.698244e-04  5.517664e+04
1.862087e-04  4.312735e+04
2.018366e-04  3.500527e+04
2.162719e-04  2.945507e+04
2.317395e-04  2.495224e+04
2.483133e-04  2.129032e+04
2.660725e-04  1.829156e+04
2.851018e-04  1.582760e+04
3.054921e-04  1.379844e+04
3.235937e-04  1.238276e+04
3.467369e-04  1.095277e+04
3.715352e-04  9.753921e+03
4.000000e-04  8.679440e+03
4.315191e-04  7.754384e+03
4.731513e-04  6.823479e+03
5.188000e-04  6.049266e+03
5.754399e-04  5.320800e+03
6.606934e-04  4.519842e+03
1.023293e-03  2.741091e+03
1.230269e-03  2.205179e+03
1.462177e-03  1.785087e+03
1.717908e-03  1.454416e+03
2.018366e-03  1.175966e+03
2.344229e-03  9.585190e+02
2.722701e-03  7.755134e+02
3.126079e-03  6.333064e+02
3.589219e-03  5.135145e+02
4.027170e-03  4.285885e+02
4.623810e-03  3.419452e+02
5.308844e-03  2.707090e+02
6.025596e-03  2.169095e+02
6.918310e-03  1.690320e+02
7.943282e-03  1.306760e+02
9.120108e-03  1.001892e+02
1.135011e-02  6.508420e+01
1.318257e-02  4.809891e+01
1.500000e-02  3.678820e+01
1.686000e-02  2.866561e+01
1.905461e-02  2.187129e+01
2.187762e-02  1.599129e+01
2.511886e-02  1.160642e+01
2.884032e-02  8.363276e+00
3.349654e-02  5.818255e+00
3.890451e-02  4.016600e+00
4.518559e-02  2.752413e+00
5.308844e-02  1.818293e+00
6.237348e-02  1.192549e+00
7.498942e-02  7.303534e-01
9.332543e-02  4.045724e-01
1.202264e-01  2.024861e-01
1.995262e-01  5.023809e-02
2.511886e-01  2.683756e-02
3.019952e-01  1.636713e-02
3.548134e-01  1.069084e-02
4.073803e-01  7.472500e-03
4.677351e-01  5.263173e-03
5.308844e-01  3.844944e-03
6.025596e-01  2.830482e-03
6.760830e-01  2.157993e-03
7.585776e-01  1.657427e-03
8.609938e-01  1.249078e-03
9.332543e-01  1.049572e-03
1.011579e+00  8.882368e-04
1.135011e+00  7.061636e-04
1.258925e+00  5.780659e-04
1.412538e+00  4.666383e-04
1.640590e+00  3.563144e-04
1.862087e+00  2.855402e-04
2.113489e+00  2.304219e-04
2.426610e+00  1.837393e-04
2.786121e+00  1.476101e-04
3.198895e+00  1.194353e-04
3.715352e+00  9.566715e-05
4.365158e+00  7.593539e-05
5.128614e+00  6.072972e-05
6.095369e+00  4.816700e-05
7.328245e+00  3.792375e-05
8.810489e+00  3.007526e-05
1.109175e+01  2.271994e-05
1.380384e+01  1.754985e-05
1.717908e+01  1.364819e-05
2.238721e+01  1.014643e-05
2.917427e+01  7.590790e-06
4.120975e+01  5.242260e-06
6.095369e+01  3.474609e-06
9.660509e+01  2.158518e-06
1.840772e+02  1.118294e-06
3.672823e+02  5.564736e-07
1.462177e+03  1.390089e-07
1.000000e+05  2.029700e-09
-1  -1
2.382000e-05  0.000000e+00
2.382000e-05  1.556168e+07
2.786121e-05  9.422260e+06
3.349654e-05  5.253058e+06
3.845918e-05  3.361083e+06
4.570882e-05  1.918050e+06
5.011872e-05  1.431341e+06
5.432503e-05  1.115486e+06
5.821032e-05  9.065107e+05
6.237348e-05  7.416227e+05
6.683439e-05  6.111599e+05
7.150000e-05  5.097520e+05
7.585776e-05  4.376915e+05
8.035261e-05  3.796495e+05
8.511380e-05  3.312808e+05
9.015711e-05  2.907477e+05
9.660509e-05  2.503723e+05
1.035142e-04  2.171754e+05
1.109175e-04  1.897118e+05
1.190000e-04  1.664984e+05
1.273503e-04  1.478151e+05
1.364583e-04  1.318304e+05
1.479108e-04  1.162271e+05
1.621810e-04  1.014186e+05
1.819701e-04  8.622858e+04
2.041738e-04  7.386311e+04
2.371374e-04  6.093690e+04
4.027170e-04  3.141504e+04
5.011872e-04  2.372535e+04
6.025596e-04  1.858654e+04
7.161434e-04  1.467141e+04
8.413951e-04  1.168286e+04
9.885530e-04  9.233958e+03
1.161449e-03  7.245914e+03
1.364583e-03  5.644535e+03
1.603245e-03  4.365266e+03
1.883649e-03  3.351688e+03
2.238721e-03  2.506617e+03
2.630268e-03  1.897072e+03
3.054921e-03  1.454244e+03
3.548134e-03  1.106752e+03
4.120975e-03  8.359021e+02
4.731513e-03  6.405862e+02
5.432503e-03  4.874497e+02
6.237348e-03  3.681385e+02
7.161434e-03  2.759804e+02
8.222426e-03  2.053391e+02
9.440609e-03  1.516199e+02
1.096478e-02  1.083139e+02
1.258925e-02  7.883081e+01
1.445440e-02  5.693357e+01
1.640590e-02  4.194646e+01
1.862087e-02  3.066551e+01
2.137962e-02  2.162149e+01
2.454709e-02  1.513177e+01
2.818383e-02  1.051205e+01
3.235937e-02  7.249567e+00
3.758374e-02  4.808834e+00
4.365158e-02  3.164617e+00
5.069907e-02  2.067158e+00
5.956621e-02  1.296972e+00
7.079458e-02  7.805468e-01
8.609938e-02  4.354390e-01
1.059254e-01  2.329477e-01
1.905461e-01  3.892741e-02
2.344229e-01  2.082048e-02
2.754229e-01  1.288110e-02
3.198895e-01  8.307210e-03
3.672823e-01  5.583783e-03
4.168694e-01  3.908755e-03
4.677351e-01  2.846498e-03
5.188000e-01  2.153992e-03
5.754399e-01  1.641003e-03
6.456542e-01  1.222053e-03
7.161434e-01  9.438257e-04
7.943282e-01  7.340958e-04
8.709636e-01  5.884515e-04
9.332543e-01  5.018535e-04
9.885531e-01  4.421987e-04
1.071519e+00  3.739819e-04
1.161449e+00  3.184973e-04
1.258925e+00  2.729210e-04
1.396368e+00  2.256394e-04
1.717908e+00  1.559644e-04
1.949845e+00  1.252445e-04
2.213095e+00  1.013113e-04
2.540973e+00  8.099142e-05
2.917427e+00  6.522563e-05
3.388442e+00  5.199807e-05
3.935501e+00  4.176769e-05
4.623810e+00  3.324540e-05
5.495409e+00  2.624454e-05
6.531306e+00  2.088007e-05
7.943282e+00  1.624706e-05
9.549926e+00  1.292617e-05
1.174898e+01  1.006752e-05
1.428894e+01  8.002385e-06
1.737801e+01  6.393335e-06
2.264644e+01  4.754468e-06
2.951209e+01  3.557763e-06
4.168694e+01  2.457627e-06
6.165950e+01  1.629302e-06
9.772372e+01  1.012360e-06
1.883649e+02  5.184489e-07
3.758374e+02  2.580391e-07
1.496236e+03  6.446494e-08
1.000000e+05  9.632500e-10
-1  -1
4.710000e-06  0.000000e+00
4.710000e-06  3.190102e+06
4.786301e-06  3.267928e+06
5.000000e-06  3.431200e+06
5.200000e-06  3.560056e+06
5.432503e-06  3.685212e+06
5.700000e-06  3.801140e+06
6.000000e-06  3.900920e+06
6.382635e-06  3.992273e+06
6.760830e-06  4.049919e+06
7.200000e-06  4.082320e+06
7.700000e-06  4.086440e+06
8.200000e-06  4.061200e+06
8.709636e-06  4.010663e+06
9.225714e-06  3.937169e+06
9.772372e-06  3.839611e+06
1.035142e-05  3.719047e+06
1.096478e-05  3.574847e+06
1.161449e-05  3.408590e+06
1.230269e-05  3.224354e+06
1.290000e-05  3.060440e+06
1.350000e-05  2.894188e+06
1.420000e-05  2.702264e+06
1.500000e-05  2.489744e+06
1.584893e-05  2.276303e+06
1.678804e-05  2.056834e+06
1.778279e-05  1.844963e+06
1.905461e-05  1.606326e+06
2.041738e-05  1.388041e+06
2.213095e-05  1.161271e+06
2.430000e-05  9.370153e+05
2.722701e-05  7.154872e+05
3.019952e-05  5.558599e+05
3.349654e-05  4.288386e+05
3.650000e-05  3.435256e+05
3.935501e-05  2.811232e+05
4.265795e-05  2.251080e+05
4.570882e-05  1.849312e+05
4.954502e-05  1.458917e+05
5.370318e-05  1.142678e+05
5.888437e-05  8.577725e+04
6.531306e-05  6.161875e+04
7.161434e-05  4.560659e+04
7.762471e-05  3.483872e+04
8.413951e-05  2.642904e+04
9.120108e-05  1.988099e+04
9.800000e-05  1.530532e+04
1.050000e-04  1.183628e+04
1.150000e-04  8.372480e+03
1.364583e-04  4.331109e+03
1.462177e-04  3.337206e+03
1.513561e-04  2.941350e+03
1.566751e-04  2.605545e+03
1.621810e-04  2.319068e+03
1.678804e-04  2.074527e+03
1.737801e-04  1.865706e+03
1.798871e-04  1.687383e+03
1.862087e-04  1.535175e+03
1.927525e-04  1.405413e+03
2.000000e-04  1.288092e+03
2.065380e-04  1.216321e+03
2.137962e-04  1.151745e+03
2.215400e-04  1.096533e+03
2.290868e-04  1.053356e+03
2.371374e-04  1.016376e+03
2.454709e-04  9.858846e+02
2.570396e-04  9.536325e+02
2.691535e-04  9.292146e+02
2.818383e-04  9.110025e+02
3.019952e-04  8.919578e+02
3.235937e-04  8.769286e+02
4.027170e-04  8.454613e+02
4.415704e-04  8.215576e+02
4.786301e-04  7.959691e+02
5.128614e-04  7.700464e+02
5.559043e-04  7.351890e+02
6.025596e-04  6.965525e+02
6.531306e-04  6.547530e+02
7.079458e-04  6.110854e+02
7.673615e-04  5.665450e+02
8.317638e-04  5.216389e+02
9.015711e-04  4.770599e+02
9.772372e-04  4.335104e+02
1.071519e-03  3.857589e+02
1.174898e-03  3.407168e+02
1.288250e-03  2.987588e+02
1.412538e-03  2.601360e+02
1.548817e-03  2.249887e+02
1.698244e-03  1.933322e+02
1.883649e-03  1.617619e+02
2.089296e-03  1.342792e+02
2.348700e-03  1.080064e+02
2.540973e-03  9.273353e+01
2.786121e-03  7.703071e+01
3.090295e-03  6.202633e+01
3.427678e-03  4.956384e+01
3.801894e-03  3.935455e+01
4.216965e-03  3.102149e+01
4.677351e-03  2.426572e+01
5.188000e-03  1.884212e+01
5.754399e-03  1.452646e+01
6.382635e-03  1.111968e+01
7.079458e-03  8.452136e+00
7.852356e-03  6.380863e+00
8.709636e-03  4.785611e+00
9.772372e-03  3.450060e+00
1.096478e-02  2.467823e+00
1.230269e-02  1.751901e+00
1.380384e-02  1.234604e+00
1.548817e-02  8.639258e-01
1.737801e-02  6.004334e-01
1.972423e-02  3.993625e-01
2.238721e-02  2.635941e-01
2.540973e-02  1.727142e-01
2.917427e-02  1.080759e-01
3.349654e-02  6.712876e-02
3.890451e-02  3.977639e-02
4.570882e-02  2.246969e-02
5.432503e-02  1.209496e-02
6.760830e-02  5.471449e-03
9.225714e-02  1.754870e-03
1.348963e-01  4.357168e-04
1.621810e-01  2.230740e-04
1.927525e-01  1.199047e-04
2.264644e-01  6.763823e-05
2.600160e-01  4.169206e-05
2.951209e-01  2.694035e-05
3.311311e-01  1.823360e-05
3.715352e-01  1.242761e-05
4.216965e-01  8.220017e-06
4.623810e-01  6.125451e-06
5.011872e-01  4.764939e-06
5.495409e-01  3.610356e-06
6.309573e-01  2.406953e-06
6.998420e-01  1.786814e-06
7.673615e-01  1.381268e-06
8.511380e-01  1.039983e-06
9.015711e-01  8.935874e-07
9.440609e-01  7.959218e-07
9.885531e-01  7.132095e-07
1.035142e+00  6.433810e-07
1.096478e+00  5.695755e-07
1.161449e+00  5.075091e-07
1.250000e+00  4.414000e-07
1.364583e+00  3.767765e-07
1.531087e+00  3.082120e-07
1.819701e+00  2.271850e-07
2.044000e+00  1.861700e-07
2.344229e+00  1.484285e-07
2.691535e+00  1.190321e-07
3.090295e+00  9.615076e-08
3.589219e+00  7.688124e-08
4.168694e+00  6.192411e-08
4.897788e+00  4.942157e-08
5.821032e+00  3.911657e-08
6.918310e+00  3.119737e-08
8.317638e+00  2.468528e-08
1.011579e+01  1.940131e-08
1.244515e+01  1.513833e-08
1.603245e+01  1.127878e-08
2.137962e+01  8.157764e-09
2.851018e+01  5.946071e-09
4.027170e+01  4.104271e-09
5.956621e+01  2.719090e-09
9.332543e+01  1.708677e-09
1.778279e+02  8.848370e-10
3.548134e+02  4.402050e-10
1.412538e+03  1.099370e-10
1.000000e+05  1.550700e-12
-1  -1
4.130000e-06  0.000000e+00
4.130000e-06  6.432361e+06
4.265795e-06  6.579569e+06
4.466836e-06  6.744320e+06
4.677351e-06  6.871106e+06
4.954502e-06  6.981183e+06
5.308844e-06  7.049779e+06
5.623413e-06  7.061389e+06
6.025596e-06  7.026860e+06
6.500000e-06  6.937800e+06
7.000000e-06  6.801480e+06
7.500000e-06  6.634800e+06
8.035261e-06  6.433091e+06
8.609938e-06  6.196644e+06
9.225714e-06  5.925733e+06
9.850000e-06  5.639952e+06
1.047129e-05  5.347279e+06
1.109175e-05  5.050820e+06
1.174898e-05  4.739072e+06
1.244515e-05  4.413622e+06
1.318257e-05  4.080583e+06
1.396368e-05  3.743522e+06
1.479108e-05  3.407953e+06
1.570000e-05  3.068952e+06
1.659587e-05  2.765674e+06
1.770000e-05  2.432496e+06
1.905461e-05  2.082480e+06
2.041738e-05  1.787976e+06
2.230000e-05  1.459602e+06
2.454709e-05  1.161466e+06
2.754229e-05  8.755601e+05
3.054921e-05  6.740300e+05
3.349654e-05  5.309629e+05
3.672823e-05  4.150815e+05
3.935501e-05  3.430555e+05
4.265795e-05  2.727491e+05
4.570882e-05  2.225341e+05
4.954502e-05  1.742841e+05
5.432503e-05  1.305807e+05
5.888437e-05  1.007422e+05
6.456542e-05  7.443743e+04
7.079458e-05  5.465662e+04
7.800000e-05  3.918522e+04
8.511380e-05  2.880374e+04
9.225714e-05  2.151134e+04
1.000000e-04  1.595424e+04
1.244515e-04  6.974745e+03
1.318257e-04  5.634606e+03
1.382400e-04  4.750303e+03
1.445440e-04  4.072094e+03
1.500000e-04  3.603204e+03
1.548817e-04  3.273977e+03
1.603245e-04  2.969463e+03
1.659587e-04  2.709341e+03
1.717908e-04  2.486806e+03
1.778279e-04  2.296265e+03
1.846300e-04  2.120108e+03
1.905461e-04  1.993542e+03
1.972423e-04  1.874422e+03
2.000000e-04  1.831698e+03
2.065380e-04  1.758278e+03
2.137962e-04  1.692837e+03
2.215400e-04  1.637659e+03
2.290868e-04  1.595281e+03
2.398833e-04  1.549557e+03
2.540973e-04  1.507581e+03
2.722701e-04  1.467569e+03
2.951209e-04  1.432782e+03
3.758374e-04  1.353985e+03
4.027170e-04  1.325317e+03
4.415704e-04  1.270254e+03
4.786301e-04  1.215915e+03
5.128614e-04  1.164428e+03
5.559043e-04  1.099077e+03
6.025596e-04  1.029977e+03
6.531306e-04  9.582014e+02
7.079458e-04  8.853571e+02
7.673615e-04  8.127423e+02
8.317638e-04  7.415586e+02
9.120108e-04  6.628595e+02
1.000000e-03  5.879686e+02
1.096478e-03  5.176344e+02
1.202264e-03  4.524539e+02
1.318257e-03  3.927622e+02
1.445440e-03  3.387169e+02
1.584893e-03  2.900532e+02
1.737801e-03  2.465971e+02
1.927525e-03  2.038629e+02
2.162719e-03  1.638000e+02
2.398833e-03  1.335815e+02
2.660725e-03  1.081295e+02
2.917427e-03  8.899376e+01
3.235937e-03  7.095525e+01
3.589219e-03  5.614295e+01
3.981072e-03  4.409271e+01
4.415704e-03  3.437102e+01
4.897788e-03  2.659383e+01
5.432503e-03  2.042342e+01
6.025596e-03  1.557060e+01
6.683439e-03  1.178598e+01
7.413102e-03  8.859023e+00
8.222426e-03  6.613593e+00
9.120108e-03  4.904450e+00
1.011579e-02  3.613230e+00
1.135011e-02  2.553736e+00
1.273503e-02  1.791050e+00
1.428894e-02  1.246774e+00
1.603245e-02  8.615937e-01
1.798871e-02  5.912339e-01
2.041738e-02  3.876745e-01
2.317395e-02  2.521819e-01
2.630268e-02  1.628202e-01
3.019952e-02  1.002308e-01
3.467369e-02  6.123047e-02
4.027170e-02  3.562318e-02
4.731513e-02  1.971673e-02
5.688529e-02  9.945563e-03
6.839116e-02  4.978012e-03
1.230269e-01  5.388790e-04
1.500000e-01  2.560400e-04
1.757924e-01  1.420451e-04
2.018366e-01  8.561006e-05
2.290868e-01  5.416779e-05
2.570396e-01  3.596741e-05
2.884032e-01  2.405793e-05
3.198895e-01  1.687244e-05
3.548134e-01  1.192109e-05
3.890451e-01  8.812912e-06
4.265795e-01  6.556717e-06
4.623810e-01  5.092732e-06
5.011872e-01  3.981600e-06
5.432503e-01  3.138088e-06
5.956621e-01  2.408998e-06
6.531306e-01  1.859626e-06
7.161434e-01  1.446000e-06
7.762471e-01  1.168192e-06
8.511380e-01  9.205463e-07
9.015711e-01  7.976130e-07
9.549926e-01  6.956201e-07
1.000000e+00  6.269400e-07
1.059254e+00  5.543652e-07
1.135011e+00  4.818259e-07
1.230269e+00  4.125407e-07
1.348963e+00  3.482267e-07
1.778279e+00  2.133783e-07
2.018366e+00  1.716398e-07
2.317395e+00  1.365026e-07
2.660725e+00  1.093975e-07
3.054921e+00  8.831360e-08
3.548134e+00  7.057348e-08
4.120975e+00  5.681302e-08
4.841724e+00  4.531818e-08
5.754399e+00  3.585034e-08
6.839116e+00  2.857840e-08
8.222427e+00  2.260346e-08
9.885531e+00  1.800732e-08
1.202264e+01  1.423411e-08
1.462177e+01  1.132326e-08
1.737801e+01  9.289296e-09
2.238721e+01  6.996724e-09
2.917427e+01  5.234231e-09
4.120975e+01  3.614798e-09
6.095369e+01  2.395887e-09
9.660509e+01  1.488398e-09
1.862087e+02  7.621500e-10
3.715352e+02  3.792980e-10
1.479108e+03  9.475290e-11
1.000000e+05  1.399600e-12
-1  -1
5.670000e-06  0.000000e+00
5.670000e-06  9.320740e+06
5.821032e-06  8.562687e+06
6.683439e-06  5.377688e+06
8.035261e-06  2.909714e+06
9.549926e-06  1.647005e+06
1.135011e-05  9.389667e+05
1.303167e-05  6.029796e+05
1.462177e-05  4.193231e+05
1.621810e-05  3.043867e+05
1.778279e-05  2.304105e+05
1.927525e-05  1.816780e+05
2.089296e-05  1.443024e+05
2.238721e-05  1.192501e+05
2.400000e-05  9.912860e+04
2.540973e-05  8.570071e+04
2.691535e-05  7.442413e+04
2.851018e-05  6.501003e+04
3.019952e-05  5.713676e+04
3.198895e-05  5.053503e+04
3.400000e-05  4.467220e+04
3.630781e-05  3.940615e+04
3.900000e-05  3.464200e+04
4.216965e-05  3.032769e+04
4.570882e-05  2.664912e+04
5.011872e-05  2.318367e+04
5.623413e-05  1.965391e+04
6.237348e-05  1.705451e+04
7.328245e-05  1.381066e+04
8.511380e-05  1.142995e+04
1.000000e-04  9.375260e+03
1.161449e-04  7.868788e+03
1.603245e-04  5.509962e+03
1.778279e-04  4.880275e+03
2.000000e-04  4.218640e+03
2.344229e-04  3.436496e+03
3.090295e-04  2.381064e+03
3.801894e-04  1.813374e+03
4.168694e-04  1.599720e+03
6.165950e-04  9.254913e+02
7.244360e-04  7.331137e+02
9.549926e-04  4.870647e+02
1.161449e-03  3.615253e+02
1.445440e-03  2.569844e+02
1.862087e-03  1.717853e+02
2.426610e-03  1.118512e+02
2.851018e-03  8.580338e+01
5.188000e-03  3.064873e+01
6.237348e-03  2.220110e+01
7.585776e-03  1.562325e+01
9.225714e-03  1.091533e+01
1.122018e-02  7.570801e+00
1.364583e-02  5.212248e+00
1.659587e-02  3.561326e+00
2.018366e-02  2.414581e+00
2.454709e-02  1.624298e+00
2.884032e-02  1.164572e+00
3.467369e-02  7.883166e-01
4.168694e-02  5.295071e-01
5.011872e-02  3.529321e-01
6.025596e-02  2.333341e-01
7.328245e-02  1.491339e-01
8.609938e-02  1.025006e-01
1.071519e-01  6.110306e-02
1.380384e-01  3.328957e-02
2.570396e-01  7.352953e-03
3.198895e-01  4.348188e-03
3.845918e-01  2.813359e-03
4.518559e-01  1.936128e-03
5.188000e-01  1.414933e-03
6.000000e-01  1.024900e-03
6.839117e-01  7.720987e-04
7.852356e-01  5.769455e-04
8.912509e-01  4.448376e-04
1.011579e+00  3.454951e-04
1.230269e+00  2.357931e-04
1.396368e+00  1.855950e-04
1.566751e+00  1.503232e-04
1.778279e+00  1.201741e-04
2.044000e+00  9.471800e-05
2.344229e+00  7.552074e-05
2.691535e+00  6.056232e-05
3.090295e+00  4.891832e-05
3.589219e+00  3.911439e-05
4.168694e+00  3.150442e-05
4.897788e+00  2.514338e-05
5.821032e+00  1.990121e-05
6.918310e+00  1.587231e-05
8.317638e+00  1.255900e-05
1.011579e+01  9.870726e-06
1.230269e+01  7.807743e-06
1.531087e+01  6.052164e-06
1.862087e+01  4.844140e-06
2.426610e+01  3.608595e-06
3.162278e+01  2.704563e-06
4.518559e+01  1.848364e-06
6.918310e+01  1.183974e-06
1.161449e+02  6.947508e-07
2.317395e+02  3.442590e-07
4.623810e+02  1.715813e-07
1.840772e+03  4.291781e-08
1.000000e+05  7.889600e-10
-1  -1
-2  0.0
-2  -2
