8.096000e-02  0.000000e+00
8.096000e-02  2.181981e+03
8.320000e-02  2.034580e+03
8.430000e-02  1.974514e+03
8.650000e-02  1.843544e+03
9.015711e-02  1.666577e+03
1.000000e-01  1.273728e+03
1.122019e-01  9.485671e+02
1.479108e-01  4.584594e+02
2.344229e-01  1.351135e+02
2.851018e-01  8.092625e+01
3.311311e-01  5.506018e+01
3.845918e-01  3.773944e+01
4.365158e-01  2.760193e+01
4.954502e-01  2.034358e+01
5.623413e-01  1.511268e+01
6.309573e-01  1.161716e+01
6.998420e-01  9.232636e+00
7.943282e-01  7.026799e+00
9.120108e-01  5.260715e+00
1.000000e+00  4.359594e+00
1.161449e+00  3.246002e+00
1.303167e+00  2.603130e+00
1.479108e+00  2.057391e+00
1.678804e+00  1.638706e+00
1.883649e+00  1.342183e+00
2.137962e+00  1.086416e+00
2.483133e+00  8.527058e-01
2.851018e+00  6.866254e-01
3.235937e+00  5.666533e-01
3.758374e+00  4.550048e-01
4.415704e+00  3.620943e-01
5.188000e+00  2.903474e-01
6.165950e+00  2.309359e-01
7.328245e+00  1.850040e-01
9.015711e+00  1.429739e-01
1.100000e+01  1.124500e-01
1.333521e+01  8.969919e-02
1.698244e+01  6.800700e-02
2.264644e+01  4.935010e-02
3.054921e+01  3.563564e-02
4.466836e+01  2.379094e-02
6.918310e+01  1.506807e-02
1.174898e+02  8.749394e-03
2.344229e+02  4.338863e-03
4.677351e+02  2.163130e-03
1.862087e+03  5.412068e-04
1.000000e+05  1.006000e-05
-1  -1
1.433600e-02  0.000000e+00
1.433600e-02  7.934815e+03
1.500000e-02  7.358860e+03
1.531087e-02  7.088152e+03
1.603245e-02  6.574418e+03
1.737801e-02  5.680690e+03
1.883649e-02  4.933875e+03
2.000000e-02  4.418660e+03
2.290868e-02  3.415303e+03
2.884032e-02  2.161370e+03
3.273407e-02  1.661763e+03
3.715352e-02  1.272720e+03
4.466836e-02  8.519118e+02
5.188000e-02  6.089542e+02
5.821032e-02  4.680451e+02
6.839116e-02  3.213866e+02
8.128305e-02  2.129278e+02
9.660509e-02  1.399226e+02
1.161449e-01  8.873221e+01
1.445440e-01  5.125479e+01
2.660725e-01  1.090571e+01
3.235937e-01  6.680750e+00
3.801894e-01  4.492742e+00
4.415705e-01  3.130198e+00
5.069907e-01  2.258407e+00
5.754399e-01  1.686668e+00
6.531306e-01  1.268541e+00
7.413102e-01  9.611914e-01
8.413951e-01  7.336973e-01
9.440609e-01  5.784002e-01
1.059254e+00  4.595733e-01
1.216186e+00  3.510182e-01
1.380384e+00  2.761877e-01
1.566751e+00  2.189867e-01
1.757924e+00  1.786015e-01
1.972423e+00  1.467163e-01
2.290868e+00  1.146895e-01
2.660725e+00  9.033885e-02
3.054921e+00  7.300074e-02
3.548134e+00  5.844688e-02
4.120975e+00  4.714027e-02
4.841724e+00  3.767853e-02
5.754399e+00  2.987777e-02
6.839116e+00  2.386648e-02
8.317638e+00  1.865849e-02
1.023293e+01  1.448636e-02
1.258925e+01  1.133292e-02
1.584893e+01  8.690612e-03
2.041738e+01  6.538870e-03
2.786121e+01  4.650659e-03
3.890451e+01  3.253093e-03
5.821032e+01  2.130196e-03
9.015711e+01  1.355461e-03
1.798871e+02  6.702253e-04
3.589219e+02  3.336180e-04
1.428894e+03  8.335534e-05
1.000000e+05  1.188700e-06
-1  -1
1.377600e-02  0.000000e+00
1.377600e-02  1.596679e+04
1.412538e-02  1.497300e+04
1.531087e-02  1.224100e+04
1.819701e-02  7.833000e+03
2.041738e-02  5.760700e+03
2.630268e-02  2.883900e+03
3.349654e-02  1.459200e+03
4.168694e-02  7.771600e+02
5.188000e-02  4.095900e+02
6.500000e-02  2.098100e+02
8.511380e-02  9.355200e+01
1.445440e-01  1.901276e+01
1.819701e-01  9.572677e+00
2.213095e-01  5.381527e+00
2.600160e-01  3.372778e+00
3.019952e-01  2.201624e+00
3.467369e-01  1.496026e+00
3.935501e-01  1.057273e+00
4.466836e-01  7.528494e-01
5.011872e-01  5.568727e-01
5.623413e-01  4.149765e-01
6.237348e-01  3.206407e-01
6.839117e-01  2.566224e-01
7.585776e-01  2.011159e-01
8.511380e-01  1.545469e-01
9.549926e-01  1.194372e-01
1.011579e+00  1.056311e-01
1.109175e+00  8.759152e-02
1.216186e+00  7.318666e-02
1.333521e+00  6.158137e-02
1.548817e+00  4.699018e-02
1.757924e+00  3.754502e-02
1.972423e+00  3.082947e-02
2.290868e+00  2.410188e-02
2.660725e+00  1.898741e-02
3.054921e+00  1.534539e-02
3.548134e+00  1.228604e-02
4.120975e+00  9.909283e-03
4.841724e+00  7.920313e-03
5.754399e+00  6.280399e-03
6.839116e+00  5.016721e-03
8.317638e+00  3.922079e-03
1.023293e+01  3.045165e-03
1.258925e+01  2.382228e-03
1.584893e+01  1.826815e-03
2.065380e+01  1.356996e-03
2.851018e+01  9.535272e-04
4.027170e+01  6.592557e-04
6.025596e+01  4.319720e-04
9.332543e+01  2.750222e-04
1.862087e+02  1.360361e-04
3.715352e+02  6.773141e-05
1.479108e+03  1.692684e-05
1.000000e+05  2.498700e-07
-1  -1
1.192200e-02  0.000000e+00
1.192200e-02  3.660235e+04
1.250000e-02  3.208516e+04
1.333521e-02  2.690470e+04
1.584893e-02  1.665785e+04
1.800000e-02  1.158032e+04
2.300000e-02  5.669320e+03
2.917427e-02  2.779490e+03
3.630781e-02  1.422100e+03
4.466836e-02  7.453929e+02
5.432503e-02  4.014693e+02
6.760830e-02  1.994066e+02
8.810489e-02  8.475582e+01
1.462177e-01  1.636512e+01
1.800000e-01  8.380550e+00
2.162719e-01  4.677265e+00
2.511886e-01  2.928094e+00
2.884032e-01  1.914680e+00
3.273407e-01  1.306920e+00
3.672823e-01  9.301520e-01
4.073803e-01  6.893077e-01
4.518559e-01  5.142673e-01
5.011872e-01  3.863678e-01
5.559043e-01  2.924534e-01
6.165950e-01  2.231756e-01
6.839117e-01  1.716412e-01
8.035261e-01  1.153894e-01
8.709636e-01  9.529897e-02
9.332543e-01  8.144203e-02
9.885531e-01  7.185840e-02
1.071519e+00  6.083022e-02
1.174898e+00  5.068047e-02
1.288250e+00  4.253697e-02
1.445440e+00  3.446816e-02
1.717908e+00  2.533199e-02
1.927525e+00  2.076736e-02
2.213095e+00  1.651405e-02
2.570396e+00  1.298487e-02
2.951209e+00  1.047493e-02
3.388442e+00  8.513890e-03
3.935501e+00  6.851771e-03
4.623810e+00  5.464727e-03
5.432503e+00  4.390935e-03
6.531306e+00  3.447420e-03
7.762471e+00  2.768404e-03
9.549926e+00  2.144008e-03
1.200000e+01  1.631700e-03
1.531087e+01  1.230703e-03
1.972423e+01  9.250917e-04
2.630268e+01  6.740007e-04
3.630781e+01  4.766077e-04
5.432503e+01  3.116805e-04
8.511380e+01  1.957600e-04
1.698244e+02  9.673408e-05
3.388442e+02  4.813288e-05
1.348963e+03  1.202099e-05
1.000000e+05  1.618400e-07
-1  -1
3.401400e-03  0.000000e+00
3.401400e-03  2.234461e+04
3.590000e-03  2.109620e+04
3.758374e-03  1.982363e+04
4.027170e-03  1.809559e+04
4.230000e-03  1.692668e+04
4.518559e-03  1.535913e+04
5.688529e-03  1.086718e+04
6.095369e-03  9.728358e+03
7.500000e-03  6.893620e+03
8.317638e-03  5.757574e+03
9.772372e-03  4.323479e+03
1.174898e-02  3.076436e+03
1.333521e-02  2.418297e+03
1.531087e-02  1.850053e+03
1.819701e-02  1.312214e+03
2.162719e-02  9.225029e+02
2.570396e-02  6.429407e+02
3.054921e-02  4.443593e+02
3.589219e-02  3.123896e+02
4.216965e-02  2.180507e+02
5.000000e-02  1.479905e+02
5.956621e-02  9.852493e+01
7.079458e-02  6.546506e+01
8.413951e-02  4.318954e+01
1.023293e-01  2.672303e+01
1.288250e-01  1.506800e+01
1.603245e-01  8.687698e+00
2.511886e-01  2.786049e+00
3.126079e-01  1.611210e+00
3.715352e-01  1.052658e+00
4.315191e-01  7.330577e-01
4.954502e-01  5.286238e-01
5.688529e-01  3.840699e-01
6.382635e-01  2.962332e-01
7.244360e-01  2.242282e-01
8.317638e-01  1.668528e-01
9.332543e-01  1.313430e-01
1.035142e+00  1.066514e-01
1.188502e+00  8.136165e-02
1.348963e+00  6.393325e-02
1.531087e+00  5.062446e-02
1.717908e+00  4.123215e-02
1.927525e+00  3.382088e-02
2.213095e+00  2.690178e-02
2.570396e+00  2.115200e-02
2.951209e+00  1.706100e-02
3.388442e+00  1.386726e-02
3.935501e+00  1.116049e-02
4.623810e+00  8.901000e-03
5.432503e+00  7.151988e-03
6.531306e+00  5.615273e-03
7.762471e+00  4.509286e-03
9.549926e+00  3.492099e-03
1.202264e+01  2.651935e-03
1.531087e+01  2.004626e-03
1.972423e+01  1.506785e-03
2.630268e+01  1.097875e-03
3.589219e+01  7.858590e-04
5.370318e+01  5.138123e-04
8.413951e+01  3.226499e-04
1.678804e+02  1.594144e-04
3.349654e+02  7.931322e-05
1.333521e+03  1.980733e-05
1.000000e+05  2.636100e-07
-1  -1
3.144300e-03  0.000000e+00
3.144300e-03  3.644345e+04
3.273407e-03  3.502177e+04
3.630781e-03  3.095499e+04
3.845918e-03  2.873738e+04
4.216965e-03  2.522961e+04
4.623810e-03  2.202803e+04
4.954502e-03  1.980847e+04
5.308844e-03  1.771687e+04
5.650000e-03  1.592424e+04
6.683439e-03  1.180081e+04
7.161434e-03  1.036512e+04
8.317638e-03  7.731736e+03
9.015711e-03  6.566062e+03
1.040000e-02  4.861740e+03
1.135011e-02  4.023278e+03
1.303167e-02  2.955415e+03
1.450000e-02  2.312220e+03
1.650000e-02  1.705784e+03
1.905461e-02  1.203615e+03
2.162719e-02  8.787985e+02
2.454709e-02  6.373887e+02
2.818383e-02  4.457230e+02
3.273407e-02  3.001039e+02
3.801894e-02  2.005073e+02
4.415704e-02  1.330014e+02
5.248075e-02  8.216737e+01
6.237348e-02  5.038742e+01
7.673615e-02  2.778210e+01
1.000000e-01  1.286868e+01
1.798871e-01  2.313681e+00
2.213095e-01  1.270910e+00
2.630268e-01  7.766567e-01
3.054921e-01  5.102156e-01
3.507519e-01  3.485062e-01
4.000000e-01  2.442376e-01
4.518559e-01  1.768410e-01
5.069907e-01  1.312352e-01
5.688529e-01  9.808106e-02
6.309573e-01  7.596799e-02
6.998420e-01  5.923302e-02
7.762471e-01  4.650129e-02
8.709636e-01  3.576719e-02
9.440609e-01  2.996512e-02
1.022000e+00  2.536359e-02
1.122018e+00  2.102082e-02
1.244515e+00  1.720807e-02
1.396368e+00  1.389260e-02
1.659587e+00  1.018320e-02
1.862087e+00  8.332596e-03
2.089296e+00  6.869081e-03
2.426610e+00  5.385756e-03
2.818383e+00  4.255558e-03
3.198895e+00  3.510041e-03
3.715352e+00  2.816878e-03
4.365158e+00  2.240389e-03
5.128614e+00  1.795481e-03
6.095369e+00  1.427406e-03
7.244360e+00  1.142920e-03
8.912509e+00  8.829240e-04
1.083927e+01  6.968088e-04
1.303167e+01  5.610069e-04
1.640590e+01  4.305849e-04
2.162719e+01  3.161195e-04
2.951209e+01  2.252007e-04
4.265795e+01  1.520721e-04
6.531306e+01  9.738310e-05
1.035142e+02  6.063717e-05
2.000000e+02  3.102100e-05
3.981072e+02  1.548876e-05
1.584893e+03  3.872222e-06
1.000000e+05  6.125500e-08
-1  -1
2.734000e-03  0.000000e+00
2.734000e-03  1.132707e+05
2.741000e-03  1.129033e+05
2.741500e-03  1.142857e+05
2.851018e-03  1.076936e+05
2.917427e-03  1.036709e+05
2.985383e-03  1.003097e+05
3.311311e-03  8.505945e+04
3.548134e-03  7.561590e+04
4.120975e-03  5.817080e+04
4.518559e-03  4.916375e+04
4.841724e-03  4.304550e+04
5.821032e-03  2.984946e+04
6.309573e-03  2.523772e+04
7.413102e-03  1.785928e+04
8.128305e-03  1.454734e+04
9.332543e-03  1.061418e+04
1.059254e-02  7.872210e+03
1.174898e-02  6.131943e+03
1.350000e-02  4.347240e+03
1.513561e-02  3.251614e+03
1.698244e-02  2.413512e+03
1.950000e-02  1.673668e+03
2.238721e-02  1.151370e+03
2.570396e-02  7.856700e+02
2.985383e-02  5.149800e+02
3.467369e-02  3.346923e+02
4.027170e-02  2.158079e+02
4.677351e-02  1.381361e+02
5.500000e-02  8.458520e+01
6.531306e-02  4.989079e+01
8.035261e-02  2.617288e+01
1.035142e-01  1.178525e+01
1.698244e-01  2.456263e+00
2.089296e-01  1.282714e+00
2.454709e-01  7.789479e-01
2.818383e-01  5.113729e-01
3.198895e-01  3.500211e-01
3.630781e-01  2.413722e-01
4.073803e-01  1.734385e-01
4.518559e-01  1.296765e-01
5.011872e-01  9.760943e-02
5.559043e-01  7.400644e-02
6.165950e-01  5.652424e-02
6.839117e-01  4.349971e-02
7.585776e-01  3.373314e-02
8.609938e-01  2.489886e-02
9.225714e-01  2.122493e-02
9.772372e-01  1.868764e-02
1.047129e+00  1.616532e-02
1.135011e+00  1.374337e-02
1.244515e+00  1.150227e-02
1.380384e+00  9.497574e-03
1.698244e+00  6.557523e-03
1.905461e+00  5.371831e-03
2.162719e+00  4.350321e-03
2.511886e+00  3.416490e-03
2.884032e+00  2.752668e-03
3.311311e+00  2.234518e-03
3.845918e+00  1.796303e-03
4.518559e+00  1.431101e-03
5.308844e+00  1.148718e-03
6.309573e+00  9.145343e-04
7.498942e+00  7.333612e-04
9.225714e+00  5.672290e-04
1.135011e+01  4.420894e-04
1.445440e+01  3.334617e-04
1.862087e+01  2.502306e-04
2.454709e+01  1.843629e-04
3.311311e+01  1.333834e-04
4.897788e+01  8.812121e-05
7.762471e+01  5.459235e-05
1.548817e+02  2.694367e-05
3.090295e+02  1.339733e-05
6.165950e+02  6.686070e-06
2.454709e+03  1.674689e-06
1.000000e+05  4.105400e-08
-1  -1
2.300700e-03  0.000000e+00
2.300700e-03  2.074092e+05
2.389000e-03  2.250596e+05
2.393000e-03  2.255486e+05
2.398833e-03  2.271254e+05
2.450000e-03  2.372917e+05
2.490000e-03  2.432159e+05
2.550000e-03  2.475868e+05
2.570396e-03  2.486329e+05
2.581700e-03  2.486236e+05
2.600160e-03  2.477923e+05
2.634000e-03  2.447098e+05
2.650000e-03  2.424492e+05
2.920000e-03  1.887152e+05
3.198895e-03  1.480836e+05
3.548134e-03  1.116799e+05
3.900000e-03  8.573160e+04
4.315191e-03  6.417315e+04
4.900000e-03  4.424360e+04
5.888437e-03  2.537305e+04
6.456542e-03  1.907267e+04
7.500000e-03  1.189416e+04
8.413951e-03  8.208553e+03
9.500000e-03  5.520080e+03
1.109175e-02  3.291834e+03
1.258925e-02  2.140078e+03
1.412538e-02  1.439126e+03
1.640590e-02  8.522649e+02
1.905461e-02  5.005169e+02
2.213095e-02  2.916398e+02
2.600160e-02  1.617115e+02
3.054921e-02  8.898997e+01
3.630781e-02  4.656842e+01
4.415704e-02  2.217652e+01
5.559043e-02  9.187732e+00
1.071519e-01  7.338458e-01
1.318257e-01  3.325288e-01
1.603245e-01  1.586320e-01
1.862087e-01  9.067484e-02
2.187762e-01  5.005900e-02
2.454709e-01  3.297972e-02
2.722701e-01  2.281507e-02
3.235937e-01  1.249731e-02
3.630781e-01  8.429766e-03
4.027170e-01  5.955888e-03
4.466836e-01  4.238351e-03
4.954502e-01  3.038990e-03
5.432503e-01  2.275577e-03
5.956621e-01  1.716192e-03
6.456542e-01  1.351879e-03
7.079458e-01  1.037136e-03
8.035261e-01  7.280555e-04
8.609938e-01  5.985057e-04
9.120108e-01  5.115437e-04
9.549926e-01  4.537314e-04
1.000000e+00  4.049754e-04
1.047129e+00  3.641038e-04
1.096478e+00  3.296889e-04
1.148154e+00  3.003307e-04
1.216186e+00  2.691144e-04
1.318257e+00  2.325764e-04
1.531087e+00  1.796262e-04
1.819701e+00  1.324359e-04
2.018366e+00  1.109910e-04
2.344229e+00  8.684193e-05
2.691535e+00  6.973451e-05
3.090295e+00  5.639615e-05
3.589219e+00  4.517952e-05
4.216965e+00  3.587260e-05
4.954502e+00  2.870341e-05
5.888437e+00  2.278467e-05
7.000000e+00  1.821200e-05
8.511380e+00  1.425509e-05
1.047129e+01  1.107720e-05
1.273503e+01  8.790294e-06
1.603245e+01  6.742648e-06
2.089296e+01  5.010404e-06
2.851018e+01  3.565858e-06
4.027170e+01  2.465359e-06
6.025596e+01  1.615427e-06
9.332543e+01  1.028473e-06
1.840772e+02  5.147069e-07
3.672823e+02  2.562420e-07
1.462177e+03  6.403227e-08
1.000000e+05  9.344500e-10
-1  -1
2.212200e-03  0.000000e+00
2.212200e-03  4.683337e+05
2.280000e-03  4.501765e+05
2.287300e-03  4.492146e+05
2.380000e-03  4.296917e+05
2.430000e-03  4.185048e+05
2.483133e-03  4.040062e+05
2.500000e-03  3.981126e+05
2.818383e-03  2.908080e+05
3.126079e-03  2.197229e+05
3.467369e-03  1.648309e+05
3.801894e-03  1.268416e+05
4.120975e-03  1.003700e+05
4.677351e-03  6.906980e+04
5.128614e-03  5.216773e+04
5.888437e-03  3.406612e+04
6.531306e-03  2.453557e+04
7.328245e-03  1.696208e+04
8.317638e-03  1.120323e+04
9.332543e-03  7.637087e+03
1.071519e-02  4.781330e+03
1.216186e-02  3.088442e+03
1.380384e-02  1.980968e+03
1.566751e-02  1.262111e+03
1.800000e-02  7.644300e+02
2.065380e-02  4.617259e+02
2.398833e-02  2.647002e+02
2.786121e-02  1.505973e+02
3.198895e-02  8.894977e+01
3.801894e-02  4.571381e+01
4.623810e-02  2.131800e+01
5.623413e-02  9.868303e+00
1.035142e-01  8.803031e-01
1.273503e-01  3.897885e-01
1.513561e-01  1.991515e-01
1.737801e-01  1.170900e-01
1.972423e-01  7.246380e-02
2.213095e-01  4.720425e-02
2.483133e-01  3.098799e-02
2.754229e-01  2.136807e-02
3.054921e-01  1.484082e-02
3.349654e-01  1.080172e-02
3.672823e-01  7.913974e-03
4.027170e-01  5.839297e-03
4.415705e-01  4.341387e-03
4.841724e-01  3.252793e-03
5.248075e-01  2.543859e-03
5.754399e-01  1.935468e-03
6.382635e-01  1.435198e-03
6.918310e-01  1.144745e-03
7.498942e-01  9.191992e-04
8.413951e-01  6.788651e-04
8.912509e-01  5.867812e-04
9.440609e-01  5.105456e-04
9.885531e-01  4.592959e-04
1.047129e+00  4.054057e-04
1.122018e+00  3.518336e-04
1.202264e+00  3.075291e-04
1.318257e+00  2.591179e-04
1.757924e+00  1.554012e-04
1.972423e+00  1.275422e-04
2.290868e+00  9.968578e-05
2.660725e+00  7.852854e-05
3.054921e+00  6.346638e-05
3.548134e+00  5.081301e-05
4.120975e+00  4.098313e-05
4.841724e+00  3.275753e-05
5.754399e+00  2.597503e-05
6.839116e+00  2.074920e-05
8.317638e+00  1.622150e-05
1.023293e+01  1.259427e-05
1.258925e+01  9.852822e-06
1.584893e+01  7.555526e-06
2.041738e+01  5.684839e-06
2.786121e+01  4.043200e-06
3.890451e+01  2.828277e-06
5.821032e+01  1.851965e-06
9.015711e+01  1.178462e-06
1.798871e+02  5.826911e-07
3.589219e+02  2.900463e-07
1.428894e+03  7.246744e-08
1.000000e+05  1.033500e-09
-1  -1
7.474000e-04  0.000000e+00
7.474000e-04  5.194054e+04
8.350000e-04  4.820340e+04
9.700000e-04  4.224520e+04
1.047129e-03  3.934383e+04
1.110000e-03  3.695520e+04
1.333521e-03  2.999987e+04
1.445440e-03  2.716886e+04
1.717908e-03  2.168313e+04
1.900000e-03  1.887584e+04
2.213095e-03  1.515635e+04
2.483133e-03  1.275700e+04
2.900000e-03  1.003422e+04
3.388442e-03  7.813065e+03
3.935501e-03  6.096449e+03
4.570882e-03  4.724548e+03
5.370318e-03  3.563572e+03
6.309573e-03  2.668927e+03
7.500000e-03  1.942808e+03
8.912509e-03  1.405015e+03
1.080000e-02  9.716400e+02
1.303167e-02  6.720149e+02
1.566751e-02  4.644977e+02
1.862087e-02  3.262144e+02
2.238721e-02  2.220061e+02
2.660725e-02  1.536066e+02
3.162278e-02  1.054979e+02
3.758374e-02  7.193432e+01
4.466836e-02  4.868546e+01
5.308844e-02  3.270622e+01
6.309573e-02  2.181025e+01
7.673615e-02  1.366500e+01
9.015711e-02  9.235333e+00
1.122019e-01  5.381792e+00
1.462177e-01  2.774785e+00
2.540973e-01  6.854295e-01
3.162278e-01  3.966743e-01
3.758374e-01  2.593371e-01
4.365158e-01  1.807268e-01
5.011872e-01  1.304139e-01
5.754399e-01  9.481865e-02
6.531306e-01  7.133222e-02
7.413102e-01  5.406403e-02
8.511380e-01  4.028305e-02
9.440609e-01  3.251206e-02
1.059254e+00  2.582548e-02
1.216186e+00  1.972460e-02
1.380384e+00  1.552066e-02
1.566751e+00  1.230705e-02
1.757924e+00  1.003750e-02
1.972423e+00  8.245401e-03
2.290868e+00  6.445344e-03
2.660725e+00  5.076902e-03
3.054921e+00  4.102578e-03
3.548134e+00  3.284672e-03
4.120975e+00  2.649250e-03
4.841724e+00  2.117497e-03
5.754399e+00  1.679053e-03
6.839116e+00  1.341249e-03
8.317638e+00  1.048587e-03
1.023293e+01  8.141232e-04
1.258925e+01  6.368943e-04
1.584893e+01  4.883949e-04
2.041738e+01  3.674738e-04
2.786121e+01  2.613629e-04
3.890451e+01  1.828191e-04
5.821032e+01  1.197140e-04
9.015711e+01  7.617517e-05
1.798871e+02  3.766592e-05
3.589219e+02  1.874870e-05
1.428894e+03  4.684446e-06
1.000000e+05  6.680500e-08
-1  -1
6.362800e-04  0.000000e+00
6.362800e-04  4.347209e+04
7.350000e-04  4.312675e+04
8.413951e-04  4.211045e+04
8.810489e-04  4.152401e+04
9.500000e-04  4.030500e+04
1.030000e-03  3.876780e+04
1.110000e-03  3.714060e+04
1.190000e-03  3.545360e+04
1.273503e-03  3.362680e+04
1.400000e-03  3.096540e+04
1.513561e-03  2.876457e+04
1.640590e-03  2.645027e+04
1.819701e-03  2.353881e+04
1.972423e-03  2.137620e+04
2.162719e-03  1.900594e+04
2.400000e-03  1.652744e+04
2.630268e-03  1.451646e+04
2.951209e-03  1.223457e+04
3.273407e-03  1.041221e+04
3.672823e-03  8.639023e+03
4.120975e-03  7.109985e+03
4.623810e-03  5.809052e+03
5.188000e-03  4.711850e+03
5.821032e-03  3.795253e+03
6.606934e-03  2.968512e+03
7.500000e-03  2.303040e+03
8.511380e-03  1.774141e+03
9.772372e-03  1.323068e+03
1.122018e-02  9.781524e+02
1.273503e-02  7.360219e+02
1.445440e-02  5.499606e+02
1.640590e-02  4.081211e+02
1.862087e-02  3.007800e+02
2.137962e-02  2.139865e+02
2.454709e-02  1.510852e+02
2.818383e-02  1.059087e+02
3.273407e-02  7.152229e+01
3.801894e-02  4.793848e+01
4.466836e-02  3.091321e+01
5.248075e-02  1.978674e+01
6.309573e-02  1.178852e+01
7.673615e-02  6.746088e+00
9.772372e-02  3.356989e+00
1.819701e-01  5.501296e-01
2.000000e-01  4.186620e-01
2.018366e-01  4.086022e-01
2.454709e-01  2.335793e-01
2.884032e-01  1.483909e-01
3.349654e-01  9.805318e-02
3.845918e-01  6.737428e-02
4.365158e-01  4.810780e-02
4.954502e-01  3.461304e-02
5.559043e-01  2.584518e-02
6.165950e-01  1.999859e-02
6.839117e-01  1.557770e-02
7.585776e-01  1.221484e-02
8.609938e-01  9.140677e-03
9.332543e-01  7.648123e-03
1.000000e+00  6.603211e-03
1.096478e+00  5.475345e-03
1.202264e+00  4.573773e-03
1.333521e+00  3.762942e-03
1.531087e+00  2.927309e-03
1.737801e+00  2.337318e-03
1.949845e+00  1.917978e-03
2.238721e+00  1.526577e-03
2.600160e+00  1.201102e-03
3.000000e+00  9.622500e-04
3.467369e+00  7.752187e-04
4.027170e+00  6.245799e-04
4.731513e+00  4.986831e-04
5.559043e+00  4.011015e-04
6.683439e+00  3.152354e-04
8.035261e+00  2.497673e-04
9.885531e+00  1.936641e-04
1.230269e+01  1.492863e-04
1.548817e+01  1.144127e-04
2.000000e+01  8.580200e-05
2.691535e+01  6.191695e-05
3.715352e+01  4.380771e-05
5.559043e+01  2.866127e-05
8.609938e+01  1.822327e-05
1.717908e+02  9.005982e-06
3.427678e+02  4.481489e-06
1.364583e+03  1.119301e-06
1.000000e+05  1.524400e-08
-1  -1
5.373900e-04  0.000000e+00
5.373900e-04  2.166114e+05
6.309573e-04  2.031875e+05
6.760830e-04  1.933437e+05
7.585776e-04  1.755005e+05
8.511380e-04  1.575375e+05
9.332543e-04  1.435195e+05
1.011579e-03  1.315285e+05
1.096478e-03  1.196576e+05
1.244515e-03  1.022105e+05
1.364583e-03  9.051668e+04
1.531087e-03  7.705662e+04
1.698244e-03  6.625713e+04
1.905461e-03  5.555887e+04
2.113489e-03  4.714055e+04
2.400000e-03  3.820172e+04
2.691535e-03  3.137888e+04
3.054921e-03  2.505199e+04
3.427678e-03  2.026411e+04
3.845918e-03  1.628891e+04
4.365158e-03  1.271434e+04
5.000000e-03  9.663520e+03
5.688529e-03  7.385910e+03
6.382635e-03  5.772678e+03
7.161434e-03  4.485105e+03
8.128305e-03  3.374534e+03
9.225714e-03  2.520641e+03
1.047129e-02  1.869788e+03
1.202264e-02  1.338983e+03
1.380384e-02  9.508823e+02
1.566751e-02  6.897097e+02
1.798871e-02  4.819586e+02
2.041738e-02  3.446705e+02
2.344229e-02  2.372216e+02
2.691535e-02  1.620254e+02
3.090295e-02  1.098568e+02
3.589219e-02  7.154388e+01
4.168694e-02  4.623035e+01
4.841724e-02  2.965499e+01
5.688529e-02  1.824804e+01
6.760830e-02  1.076416e+01
8.222426e-02  5.870345e+00
1.047129e-01  2.752019e+00
1.798871e-01  4.998033e-01
2.137962e-01  2.917937e-01
2.600160e-01  1.599477e-01
2.985383e-01  1.053830e-01
3.388442e-01  7.242738e-02
3.801894e-01  5.185576e-02
4.265795e-01  3.739664e-02
4.731513e-01  2.805296e-02
5.248075e-01  2.118765e-02
5.821032e-01  1.611850e-02
6.382635e-01  1.272431e-02
7.079458e-01  9.825594e-03
7.852356e-01  7.645790e-03
8.709636e-01  5.971232e-03
9.332543e-01  5.096925e-03
9.885531e-01  4.493350e-03
1.071519e+00  3.801432e-03
1.161449e+00  3.237847e-03
1.273503e+00  2.715127e-03
1.412538e+00  2.245537e-03
1.717908e+00  1.583959e-03
1.927525e+00  1.298430e-03
2.213095e+00  1.032434e-03
2.570396e+00  8.117766e-04
2.951209e+00  6.548665e-04
3.388442e+00  5.322727e-04
3.935501e+00  4.283667e-04
4.623810e+00  3.416566e-04
5.432503e+00  2.745210e-04
6.456542e+00  2.187675e-04
7.673615e+00  1.755942e-04
9.440609e+00  1.359336e-04
1.174898e+01  1.045939e-04
1.500000e+01  7.877100e-05
1.927525e+01  5.933968e-05
2.540973e+01  4.375537e-05
3.467369e+01  3.129500e-05
5.188000e+01  2.044711e-05
8.128305e+01  1.283232e-05
1.621810e+02  6.337074e-06
3.235937e+02  3.152172e-06
1.288250e+03  7.869985e-07
1.000000e+05  1.011800e-08
-1  -1
3.534800e-04  0.000000e+00
3.534800e-04  1.586032e+05
3.550000e-04  1.514832e+05
3.565000e-04  1.456000e+05
3.585000e-04  1.390716e+05
3.610000e-04  1.325668e+05
3.630781e-04  1.281345e+05
3.655000e-04  1.239048e+05
3.680000e-04  1.204428e+05
3.710000e-04  1.173632e+05
3.733000e-04  1.157364e+05
3.758374e-04  1.146216e+05
3.785000e-04  1.141292e+05
3.815000e-04  1.142540e+05
3.850000e-04  1.150636e+05
3.900000e-04  1.170848e+05
3.950000e-04  1.198120e+05
4.027170e-04  1.250402e+05
4.265795e-04  1.445013e+05
4.390000e-04  1.542384e+05
4.550000e-04  1.658540e+05
4.786301e-04  1.822090e+05
4.954502e-04  1.932585e+05
5.080000e-04  2.006500e+05
5.248075e-04  2.093108e+05
5.432503e-04  2.171803e+05
5.650000e-04  2.246000e+05
5.888437e-04  2.308613e+05
6.100000e-04  2.349496e+05
6.309573e-04  2.376090e+05
6.531306e-04  2.390266e+05
6.839116e-04  2.391967e+05
7.150000e-04  2.376212e+05
7.500000e-04  2.341036e+05
7.943282e-04  2.280271e+05
8.350000e-04  2.214208e+05
8.810489e-04  2.129974e+05
9.332543e-04  2.026723e+05
9.885530e-04  1.915521e+05
1.050000e-03  1.794628e+05
1.110000e-03  1.680024e+05
1.174898e-03  1.561522e+05
1.270000e-03  1.401732e+05
1.364583e-03  1.260005e+05
1.462177e-03  1.129185e+05
1.584893e-03  9.866144e+04
1.698244e-03  8.738146e+04
1.850000e-03  7.458480e+04
2.018366e-03  6.302867e+04
2.187762e-03  5.354609e+04
2.400000e-03  4.408160e+04
2.630268e-03  3.607031e+04
2.884032e-03  2.927736e+04
3.162278e-03  2.358634e+04
3.467369e-03  1.887679e+04
3.845918e-03  1.457713e+04
4.216965e-03  1.150520e+04
4.650000e-03  8.892760e+03
5.188000e-03  6.611730e+03
5.821032e-03  4.799878e+03
6.531306e-03  3.454933e+03
7.328245e-03  2.466636e+03
8.300000e-03  1.698096e+03
9.332543e-03  1.185017e+03
1.035142e-02  8.568576e+02
1.161449e-02  5.936095e+02
1.303167e-02  4.083746e+02
1.479108e-02  2.685360e+02
1.678804e-02  1.751970e+02
1.905461e-02  1.134598e+02
2.162719e-02  7.296463e+01
2.483133e-02  4.474265e+01
2.884032e-02  2.613124e+01
3.349654e-02  1.514677e+01
3.935501e-02  8.356889e+00
4.731513e-02  4.201355e+00
5.821032e-02  1.922803e+00
1.161449e-01  1.387851e-01
1.445440e-01  6.078019e-02
1.737801e-01  3.054887e-02
2.018366e-01  1.759483e-02
2.317395e-01  1.066002e-02
2.630268e-01  6.782586e-03
2.985383e-01  4.347923e-03
3.349654e-01  2.921425e-03
3.758374e-01  1.977710e-03
4.168694e-01  1.401924e-03
4.623810e-01  1.001010e-03
5.069907e-01  7.469529e-04
5.559043e-01  5.611334e-04
6.025596e-01  4.394708e-04
6.606935e-01  3.350375e-04
7.244360e-01  2.573183e-04
8.035261e-01  1.927042e-04
8.609938e-01  1.585923e-04
9.120108e-01  1.356936e-04
9.549926e-01  1.204611e-04
1.000000e+00  1.076024e-04
1.047129e+00  9.680407e-05
1.096478e+00  8.768492e-05
1.161449e+00  7.810917e-05
1.230269e+00  7.007252e-05
1.333521e+00  6.059681e-05
1.479108e+00  5.069337e-05
1.862087e+00  3.381558e-05
2.065380e+00  2.839223e-05
2.398833e+00  2.224547e-05
2.786121e+00  1.756543e-05
3.162278e+00  1.447911e-05
3.672823e+00  1.161286e-05
4.315191e+00  9.231037e-06
5.069907e+00  7.394000e-06
6.025596e+00  5.875210e-06
7.161434e+00  4.702023e-06
8.810489e+00  3.630732e-06
1.071519e+01  2.864261e-06
1.288250e+01  2.305180e-06
1.603245e+01  1.792068e-06
2.089296e+01  1.331650e-06
2.851018e+01  9.477197e-07
4.027170e+01  6.552347e-07
6.025596e+01  4.293338e-07
9.332543e+01  2.733409e-07
1.862087e+02  1.352087e-07
3.715352e+02  6.731799e-08
1.479108e+03  1.682342e-08
1.000000e+05  2.483500e-10
-1  -1
3.350500e-04  0.000000e+00
3.350500e-04  2.013324e+05
3.370000e-04  1.974846e+05
3.450000e-04  1.801362e+05
3.485000e-04  1.741494e+05
3.515000e-04  1.704210e+05
3.540000e-04  1.684770e+05
3.565000e-04  1.676340e+05
3.590000e-04  1.678122e+05
3.615000e-04  1.688448e+05
3.650000e-04  1.713486e+05
3.700000e-04  1.763148e+05
3.760000e-04  1.836690e+05
3.845918e-04  1.961681e+05
4.027170e-04  2.261648e+05
4.120975e-04  2.411836e+05
4.216965e-04  2.553170e+05
4.320000e-04  2.692362e+05
4.466836e-04  2.876225e+05
4.650000e-04  3.091380e+05
4.786301e-04  3.237180e+05
4.930000e-04  3.372696e+05
5.080000e-04  3.492732e+05
5.248075e-04  3.601997e+05
5.450000e-04  3.704046e+05
5.688529e-04  3.792388e+05
5.900000e-04  3.845334e+05
6.100000e-04  3.874368e+05
6.382635e-04  3.883104e+05
6.683439e-04  3.861970e+05
7.000000e-04  3.810852e+05
7.400000e-04  3.718692e+05
7.800000e-04  3.607926e+05
8.222426e-04  3.476347e+05
8.709636e-04  3.311347e+05
9.225714e-04  3.131037e+05
9.885530e-04  2.905161e+05
1.050000e-03  2.703126e+05
1.122018e-03  2.478223e+05
1.202264e-03  2.248697e+05
1.288250e-03  2.027080e+05
1.380384e-03  1.815637e+05
1.500000e-03  1.578156e+05
1.621810e-03  1.373366e+05
1.757924e-03  1.181624e+05
1.905461e-03  1.009728e+05
2.089296e-03  8.371124e+04
2.264644e-03  7.056628e+04
2.483133e-03  5.763948e+04
2.722701e-03  4.671886e+04
3.000000e-03  3.716640e+04
3.311311e-03  2.920905e+04
3.630781e-03  2.316728e+04
4.000000e-03  1.803768e+04
4.466836e-03  1.344534e+04
5.011872e-03  9.805498e+03
5.559043e-03  7.323201e+03
6.095369e-03  5.616616e+03
6.683439e-03  4.284711e+03
7.413102e-03  3.140016e+03
8.222426e-03  2.286211e+03
9.225714e-03  1.595236e+03
1.023293e-02  1.146040e+03
1.148154e-02  7.880325e+02
1.288250e-02  5.382071e+02
1.445440e-02  3.650938e+02
1.621810e-02  2.459066e+02
1.840772e-02  1.580552e+02
2.089296e-02  1.008368e+02
2.371374e-02  6.386158e+01
2.722701e-02  3.850903e+01
3.126079e-02  2.305392e+01
3.630781e-02  1.312610e+01
4.315191e-02  6.797866e+00
5.188000e-02  3.342498e+00
6.531306e-02  1.363581e+00
1.230269e-01  1.140439e-01
1.462177e-01  5.835890e-02
1.698244e-01  3.289550e-02
1.927525e-01  2.039323e-02
2.162719e-01  1.329478e-02
2.426610e-01  8.730709e-03
2.691535e-01  6.020447e-03
3.000000e-01  4.110140e-03
3.311311e-01  2.924434e-03
3.630781e-01  2.143299e-03
3.981072e-01  1.581857e-03
4.365158e-01  1.176720e-03
4.786301e-01  8.819423e-04
5.248075e-01  6.659343e-04
5.688529e-01  5.241013e-04
6.165950e-01  4.151215e-04
6.683439e-01  3.310299e-04
7.244360e-01  2.657277e-04
7.852356e-01  2.147354e-04
8.609938e-01  1.689279e-04
9.120108e-01  1.462972e-04
9.660509e-01  1.275916e-04
1.011579e+00  1.150554e-04
1.071519e+00  1.017891e-04
1.148154e+00  8.854259e-05
1.244515e+00  7.589356e-05
1.364583e+00  6.413639e-05
1.819701e+00  3.856546e-05
2.018366e+00  3.234220e-05
2.344229e+00  2.531237e-05
2.722701e+00  1.996168e-05
3.090295e+00  1.643399e-05
3.589219e+00  1.316585e-05
4.216965e+00  1.045381e-05
4.954502e+00  8.364391e-06
5.888437e+00  6.639534e-06
7.000000e+00  5.307100e-06
8.609938e+00  4.095373e-06
1.047129e+01  3.228115e-06
1.273503e+01  2.561555e-06
1.603245e+01  1.964868e-06
2.089296e+01  1.460077e-06
2.851018e+01  1.039111e-06
4.073803e+01  7.097357e-07
6.095369e+01  4.651447e-07
9.440609e+01  2.961971e-07
1.883649e+02  1.465296e-07
3.758374e+02  7.296020e-08
1.496236e+03  1.823478e-08
1.000000e+05  2.723100e-10
-1  -1
9.737000e-05  0.000000e+00
9.737000e-05  1.384458e+05
9.750000e-05  1.415682e+05
9.785000e-05  1.488888e+05
9.815000e-05  1.546794e+05
9.850000e-05  1.609458e+05
9.900000e-05  1.690542e+05
9.945000e-05  1.755240e+05
1.000000e-04  1.826532e+05
1.007000e-04  1.906008e+05
1.015000e-04  1.982952e+05
1.023293e-04  2.050709e+05
1.030000e-04  2.098134e+05
1.040000e-04  2.158104e+05
1.050000e-04  2.206992e+05
1.065000e-04  2.263404e+05
1.080000e-04  2.303808e+05
1.096478e-04  2.334282e+05
1.120000e-04  2.359074e+05
1.150000e-04  2.370114e+05
1.220000e-04  2.373354e+05
1.250000e-04  2.390328e+05
1.273503e-04  2.418608e+05
1.290000e-04  2.448366e+05
1.307700e-04  2.490848e+05
1.330000e-04  2.561178e+05
1.350000e-04  2.641494e+05
1.373000e-04  2.755368e+05
1.396368e-04  2.895256e+05
1.423000e-04  3.084810e+05
1.450000e-04  3.309096e+05
1.480000e-04  3.594936e+05
1.520000e-04  4.032378e+05
1.659587e-04  5.981086e+05
1.720000e-04  6.990360e+05
1.780000e-04  8.074020e+05
1.840772e-04  9.237885e+05
1.905461e-04  1.053010e+06
1.950000e-04  1.143510e+06
2.000000e-04  1.245348e+06
2.060000e-04  1.365276e+06
2.113489e-04  1.468490e+06
2.170000e-04  1.571796e+06
2.220000e-04  1.657350e+06
2.286400e-04  1.761657e+06
2.350000e-04  1.851666e+06
2.426610e-04  1.947097e+06
2.500000e-04  2.025528e+06
2.580000e-04  2.097444e+06
2.660725e-04  2.156974e+06
2.754229e-04  2.211176e+06
2.851018e-04  2.251720e+06
2.951209e-04  2.277515e+06
3.054921e-04  2.287544e+06
3.162278e-04  2.282152e+06
3.280000e-04  2.261874e+06
3.427678e-04  2.220109e+06
3.589219e-04  2.160517e+06
3.758374e-04  2.088188e+06
3.935501e-04  2.005111e+06
4.120975e-04  1.912611e+06
4.315191e-04  1.812460e+06
4.518559e-04  1.707095e+06
4.786301e-04  1.572016e+06
5.069907e-04  1.436988e+06
5.400000e-04  1.292388e+06
5.688529e-04  1.176912e+06
6.025596e-04  1.054067e+06
6.456542e-04  9.160587e+05
6.918310e-04  7.904181e+05
7.413102e-04  6.768443e+05
7.943282e-04  5.755561e+05
8.511380e-04  4.860790e+05
9.225714e-04  3.964690e+05
9.885530e-04  3.307180e+05
1.071519e-03  2.659965e+05
1.174898e-03  2.056673e+05
1.270000e-03  1.644174e+05
1.400000e-03  1.232898e+05
1.548817e-03  9.065543e+04
1.717908e-03  6.554943e+04
1.883649e-03  4.877499e+04
2.041738e-03  3.746975e+04
2.238721e-03  2.755853e+04
2.483133e-03  1.936312e+04
2.754229e-03  1.350537e+04
3.054921e-03  9.354276e+03
3.388442e-03  6.433367e+03
3.758374e-03  4.394834e+03
4.216965e-03  2.856007e+03
4.731513e-03  1.841581e+03
5.308844e-03  1.178256e+03
6.000000e-03  7.270140e+02
6.760830e-03  4.506151e+02
7.673615e-03  2.691679e+02
8.709636e-03  1.595366e+02
9.885531e-03  9.385629e+01
1.122018e-02  5.478202e+01
1.273503e-02  3.173202e+01
1.445440e-02  1.824989e+01
1.659587e-02  9.903983e+00
1.927525e-02  5.067472e+00
2.264644e-02  2.443984e+00
2.691535e-02  1.110565e+00
3.198895e-02  5.012443e-01
4.000000e-02  1.772650e-01
7.943282e-02  7.152081e-03
9.660509e-02  2.882567e-03
1.122019e-01  1.449126e-03
1.318257e-01  6.960443e-04
1.584893e-01  3.037496e-04
1.778279e-01  1.819005e-04
1.972423e-01  1.154123e-04
2.162719e-01  7.763773e-05
2.398833e-01  5.007657e-05
2.660725e-01  3.253572e-05
2.985383e-01  2.029023e-05
3.311311e-01  1.336194e-05
3.672823e-01  8.865522e-06
4.120975e-01  5.669436e-06
4.466836e-01  4.169360e-06
4.841724e-01  3.086650e-06
5.188000e-01  2.400888e-06
5.623413e-01  1.804505e-06
6.095369e-01  1.365968e-06
6.606935e-01  1.040813e-06
7.161434e-01  7.989267e-07
7.498942e-01  6.885514e-07
8.035261e-01  5.492329e-07
8.511380e-01  4.580192e-07
8.912509e-01  3.985828e-07
9.332543e-01  3.493043e-07
9.660509e-01  3.181009e-07
1.000000e+00  2.912100e-07
1.035142e+00  2.680845e-07
1.083927e+00  2.418100e-07
1.135011e+00  2.196745e-07
1.202264e+00  1.964554e-07
1.288250e+00  1.733006e-07
1.396368e+00  1.508693e-07
1.513561e+00  1.318514e-07
1.840772e+00  9.336559e-08
2.018366e+00  7.981681e-08
2.344229e+00  6.246456e-08
2.722701e+00  4.926235e-08
3.126079e+00  3.986100e-08
3.630781e+00  3.195192e-08
4.265795e+00  2.538406e-08
5.011872e+00  2.032149e-08
5.956621e+00  1.613988e-08
7.079458e+00  1.291034e-08
8.709636e+00  9.964502e-09
1.059254e+01  7.857647e-09
1.273503e+01  6.321638e-09
1.603245e+01  4.849015e-09
2.089296e+01  3.603334e-09
2.851018e+01  2.564413e-09
4.027170e+01  1.773042e-09
6.025596e+01  1.161742e-09
9.332543e+01  7.396440e-10
1.840772e+02  3.701580e-10
3.672823e+02  1.842790e-10
1.462177e+03  4.604960e-11
1.000000e+05  6.720200e-13
-1  -1
9.339000e-05  0.000000e+00
9.339000e-05  2.182464e+05
9.360000e-05  2.248872e+05
9.390000e-05  2.332808e+05
9.420000e-05  2.409472e+05
9.460000e-05  2.502264e+05
9.500000e-05  2.584520e+05
9.550000e-05  2.676080e+05
9.600000e-05  2.755640e+05
9.670000e-05  2.851944e+05
9.740000e-05  2.933064e+05
9.810000e-05  3.001392e+05
9.920000e-05  3.088152e+05
1.005000e-04  3.165744e+05
1.020000e-04  3.229840e+05
1.035142e-04  3.273667e+05
1.053400e-04  3.305845e+05
1.080000e-04  3.324872e+05
1.170000e-04  3.309592e+05
1.198000e-04  3.322624e+05
1.220000e-04  3.350296e+05
1.244515e-04  3.404455e+05
1.260000e-04  3.453360e+05
1.280000e-04  3.535384e+05
1.300000e-04  3.640184e+05
1.322000e-04  3.783352e+05
1.340000e-04  3.923008e+05
1.365000e-04  4.151152e+05
1.390000e-04  4.418864e+05
1.415000e-04  4.725384e+05
1.450000e-04  5.216400e+05
1.500000e-04  6.032640e+05
1.621810e-04  8.488789e+05
1.690000e-04  1.009696e+06
1.757924e-04  1.183054e+06
1.820000e-04  1.350368e+06
1.880000e-04  1.517144e+06
1.930000e-04  1.657416e+06
1.990000e-04  1.823928e+06
2.041738e-04  1.963392e+06
2.100000e-04  2.112976e+06
2.150000e-04  2.233456e+06
2.213095e-04  2.373475e+06
2.280000e-04  2.506640e+06
2.350000e-04  2.629232e+06
2.430000e-04  2.749576e+06
2.511886e-04  2.852611e+06
2.600160e-04  2.942614e+06
2.691535e-04  3.014213e+06
2.786121e-04  3.066660e+06
2.884032e-04  3.099429e+06
2.985383e-04  3.112206e+06
3.100000e-04  3.103344e+06
3.210500e-04  3.075956e+06
3.350000e-04  3.020808e+06
3.507519e-04  2.938842e+06
3.672823e-04  2.839066e+06
3.850000e-04  2.723208e+06
4.050000e-04  2.584912e+06
4.216965e-04  2.465353e+06
4.430000e-04  2.311936e+06
4.700000e-04  2.123472e+06
4.954502e-04  1.955594e+06
5.248075e-04  1.775750e+06
5.559043e-04  1.602287e+06
5.900000e-04  1.430344e+06
6.309573e-04  1.248120e+06
6.760830e-04  1.077239e+06
7.244360e-04  9.228083e+05
7.800000e-04  7.759880e+05
8.413951e-04  6.444000e+05
9.120108e-04  5.251324e+05
9.850000e-04  4.285560e+05
1.071519e-03  3.407565e+05
1.174898e-03  2.629652e+05
1.273503e-03  2.081456e+05
1.396368e-03  1.582690e+05
1.548817e-03  1.152366e+05
1.737801e-03  8.014953e+04
1.950000e-03  5.514080e+04
2.162719e-03  3.906379e+04
2.426610e-03  2.638876e+04
2.660725e-03  1.915244e+04
2.951209e-03  1.326310e+04
3.273407e-03  9.120969e+03
3.630781e-03  6.230850e+03
4.027170e-03  4.228155e+03
4.518559e-03  2.726402e+03
5.069907e-03  1.744547e+03
5.688529e-03  1.108177e+03
6.382635e-03  6.987648e+02
7.244360e-03  4.173673e+02
8.222426e-03  2.473434e+02
9.225714e-03  1.526746e+02
1.047129e-02  8.909985e+01
1.188502e-02  5.159661e+01
1.348963e-02  2.965779e+01
1.531087e-02  1.692542e+01
1.757924e-02  9.106476e+00
2.041738e-02  4.617142e+00
2.398833e-02  2.205225e+00
2.851018e-02  9.915476e-01
3.467369e-02  3.977350e-01
4.073803e-02  1.863489e-01
7.498942e-02  1.023506e-02
9.120108e-02  4.060678e-03
1.083927e-01  1.809018e-03
1.273503e-01  8.567482e-04
1.445440e-01  4.794222e-04
1.621810e-01  2.847365e-04
1.798871e-01  1.793116e-04
1.995262e-01  1.137563e-04
2.213095e-01  7.271676e-05
2.426610e-01  4.917980e-05
2.660725e-01  3.348275e-05
2.917427e-01  2.295781e-05
3.198895e-01  1.585980e-05
3.507519e-01  1.103728e-05
3.801894e-01  8.095495e-06
4.073803e-01  6.248955e-06
4.365158e-01  4.859597e-06
4.731513e-01  3.651026e-06
5.248075e-01  2.551421e-06
5.688529e-01  1.944689e-06
6.095369e-01  1.551030e-06
6.382635e-01  1.340593e-06
6.839117e-01  1.084787e-06
7.413102e-01  8.532638e-07
8.035261e-01  6.744217e-07
8.609938e-01  5.471336e-07
9.015711e-01  4.783452e-07
9.440609e-01  4.207209e-07
9.772372e-01  3.839949e-07
1.011579e+00  3.522614e-07
1.047129e+00  3.247813e-07
1.096478e+00  2.934947e-07
1.148154e+00  2.670519e-07
1.216186e+00  2.392083e-07
1.303167e+00  2.112599e-07
1.412538e+00  1.841030e-07
1.513561e+00  1.640385e-07
1.840772e+00  1.161751e-07
2.018366e+00  9.930477e-08
2.344229e+00  7.770200e-08
2.691535e+00  6.239480e-08
3.090295e+00  5.045942e-08
3.589219e+00  4.042299e-08
4.216965e+00  3.209560e-08
4.954502e+00  2.568111e-08
5.888437e+00  2.038524e-08
7.000000e+00  1.629500e-08
8.609938e+00  1.257393e-08
1.047129e+01  9.911446e-09
1.273503e+01  7.864814e-09
1.603245e+01  6.032786e-09
2.089296e+01  4.482925e-09
2.851018e+01  3.190469e-09
4.027170e+01  2.205828e-09
6.025596e+01  1.445382e-09
9.332543e+01  9.202010e-10
1.840772e+02  4.605200e-10
3.672823e+02  2.292710e-10
1.462177e+03  5.729120e-11
1.000000e+05  8.360700e-13
-1  -1
1.152300e-04  0.000000e+00
1.152300e-04  7.483640e+04
1.175000e-04  7.031040e+04
1.195000e-04  6.720460e+04
1.210000e-04  6.537820e+04
1.230269e-04  6.339769e+04
1.253000e-04  6.171660e+04
1.280000e-04  6.030600e+04
1.303167e-04  5.947141e+04
1.333521e-04  5.877181e+04
1.365000e-04  5.839100e+04
1.412538e-04  5.827948e+04
1.462177e-04  5.854619e+04
1.698244e-04  6.089183e+04
1.800000e-04  6.134540e+04
1.900000e-04  6.130280e+04
2.000000e-04  6.083880e+04
2.120000e-04  5.988160e+04
2.264644e-04  5.839655e+04
2.454709e-04  5.621815e+04
2.660725e-04  5.374952e+04
2.884032e-04  5.100228e+04
3.100000e-04  4.831000e+04
3.350000e-04  4.523120e+04
3.672823e-04  4.149385e+04
4.100000e-04  3.713480e+04
4.518559e-04  3.344201e+04
5.011872e-04  2.967090e+04
5.688529e-04  2.541265e+04
6.500000e-04  2.143300e+04
7.413102e-04  1.797048e+04
8.709636e-04  1.436867e+04
1.023293e-03  1.139490e+04
1.216186e-03  8.826223e+03
1.479108e-03  6.553617e+03
1.800000e-03  4.822060e+03
2.187762e-03  3.526642e+03
2.650000e-03  2.572640e+03
3.162278e-03  1.909664e+03
3.801894e-03  1.389547e+03
4.570882e-03  1.003579e+03
5.495409e-03  7.196051e+02
6.606934e-03  5.121655e+02
8.035261e-03  3.540787e+02
9.772372e-03  2.429489e+02
1.188502e-02  1.653989e+02
1.445440e-02  1.117159e+02
1.737801e-02  7.666334e+01
2.089296e-02  5.221954e+01
2.511886e-02  3.529424e+01
3.019952e-02  2.366831e+01
3.630781e-02  1.574270e+01
4.365158e-02  1.038915e+01
5.248075e-02  6.803516e+00
6.309573e-02  4.421836e+00
7.585776e-02  2.852417e+00
8.709636e-02  2.041593e+00
1.071519e-01  1.225736e+00
1.364583e-01  6.702446e-01
2.540973e-01  1.391532e-01
3.162278e-01  8.053374e-02
3.758374e-01  5.265275e-02
4.365158e-01  3.669306e-02
5.011872e-01  2.647781e-02
5.754399e-01  1.925049e-02
6.531306e-01  1.448199e-02
7.413102e-01  1.097596e-02
8.511380e-01  8.178089e-03
9.440609e-01  6.600461e-03
1.059254e+00  5.242957e-03
1.216186e+00  4.004280e-03
1.380384e+00  3.150842e-03
1.566751e+00  2.498492e-03
1.757924e+00  2.037778e-03
1.972423e+00  1.673920e-03
2.290868e+00  1.308426e-03
2.660725e+00  1.030648e-03
3.054921e+00  8.328800e-04
3.548134e+00  6.668264e-04
4.120975e+00  5.378265e-04
4.841724e+00  4.298812e-04
5.754399e+00  3.408816e-04
6.918310e+00  2.683096e-04
8.413951e+00  2.098605e-04
1.035142e+01  1.630109e-04
1.258925e+01  1.293029e-04
1.584893e+01  9.915183e-05
2.065380e+01  7.365524e-05
2.818383e+01  5.240260e-05
3.981072e+01  3.622144e-05
5.956621e+01  2.372846e-05
9.225714e+01  1.510448e-05
1.819701e+02  7.558047e-06
3.630781e+02  3.762499e-06
1.445440e+03  9.401187e-07
1.000000e+05  1.356200e-08
-1  -1
7.855000e-05  0.000000e+00
7.855000e-05  1.071488e+06
7.910000e-05  1.104946e+06
7.950000e-05  1.124954e+06
8.020000e-05  1.150654e+06
8.080000e-05  1.164952e+06
8.150000e-05  1.175476e+06
8.230000e-05  1.179958e+06
8.345000e-05  1.176140e+06
8.450000e-05  1.165166e+06
8.570000e-05  1.146120e+06
8.730000e-05  1.112914e+06
8.912509e-05  1.068148e+06
9.120108e-05  1.012532e+06
9.332543e-05  9.534923e+05
9.580000e-05  8.846300e+05
9.885531e-05  8.023901e+05
1.023293e-04  7.152645e+05
1.060000e-04  6.321340e+05
1.122018e-04  5.135444e+05
1.303167e-04  2.936939e+05
1.400000e-04  2.262880e+05
1.500000e-04  1.774134e+05
1.584893e-04  1.470138e+05
1.678804e-04  1.216609e+05
1.760000e-04  1.048582e+05
1.840772e-04  9.164132e+04
1.927525e-04  8.039148e+04
2.000000e-04  7.279800e+04
2.089296e-04  6.518273e+04
2.162719e-04  6.005169e+04
2.260000e-04  5.446280e+04
2.350000e-04  5.024280e+04
2.454709e-04  4.620689e+04
2.580000e-04  4.231220e+04
2.691535e-04  3.949487e+04
2.818383e-04  3.685489e+04
2.951209e-04  3.458645e+04
3.126079e-04  3.217497e+04
3.311311e-04  3.013090e+04
3.548134e-04  2.803758e+04
3.890451e-04  2.567154e+04
5.754399e-04  1.809582e+04
6.606934e-04  1.589618e+04
7.500000e-04  1.401274e+04
8.511380e-04  1.227704e+04
9.549926e-04  1.081566e+04
1.096478e-03  9.219708e+03
1.244515e-03  7.905378e+03
1.412538e-03  6.731925e+03
1.603245e-03  5.691800e+03
1.819701e-03  4.779276e+03
2.065380e-03  3.984246e+03
2.356720e-03  3.270400e+03
2.660725e-03  2.708232e+03
3.019952e-03  2.208215e+03
3.427678e-03  1.786913e+03
3.890451e-03  1.435319e+03
4.415704e-03  1.144508e+03
5.011872e-03  9.060200e+02
5.688529e-03  7.120786e+02
6.456542e-03  5.556946e+02
7.328245e-03  4.305943e+02
8.317638e-03  3.313185e+02
9.440609e-03  2.531604e+02
1.083927e-02  1.872831e+02
1.244515e-02  1.374469e+02
1.428894e-02  1.000714e+02
1.621810e-02  7.428640e+01
1.862087e-02  5.326966e+01
2.137962e-02  3.790619e+01
2.454709e-02  2.677277e+01
2.818383e-02  1.877620e+01
3.273407e-02  1.268785e+01
4.073803e-02  7.077304e+00
4.677351e-02  4.854747e+00
5.495409e-02  3.102548e+00
6.760830e-02  1.728450e+00
8.413951e-02  9.243019e-01
1.083927e-01  4.442176e-01
1.757924e-01  1.089363e-01
2.213095e-01  5.615352e-02
2.630268e-01  3.438593e-02
3.090295e-01  2.191377e-02
3.548134e-01  1.499565e-02
4.027170e-01  1.066068e-02
4.570882e-01  7.633145e-03
5.128614e-01  5.672447e-03
5.754399e-01  4.245341e-03
6.382635e-01  3.292446e-03
7.079458e-01  2.570273e-03
7.852356e-01  2.019858e-03
8.709636e-01  1.594731e-03
9.440609e-01  1.335535e-03
1.011579e+00  1.154229e-03
1.109175e+00  9.580021e-04
1.216186e+00  8.008965e-04
1.348963e+00  6.593994e-04
1.566751e+00  5.027239e-04
1.778279e+00  4.019142e-04
2.000000e+00  3.289700e-04
2.317395e+00  2.583096e-04
2.691535e+00  2.035929e-04
3.090295e+00  1.646358e-04
3.589219e+00  1.318933e-04
4.216965e+00  1.047241e-04
4.954502e+00  8.379371e-05
5.888437e+00  6.651431e-05
7.000000e+00  5.316500e-05
8.609938e+00  4.102665e-05
1.047129e+01  3.233863e-05
1.273503e+01  2.566073e-05
1.603245e+01  1.968360e-05
2.089296e+01  1.462679e-05
2.884032e+01  1.028103e-05
4.120975e+01  7.023919e-06
6.165950e+01  4.604243e-06
9.549926e+01  2.932504e-06
1.862087e+02  1.485147e-06
3.715352e+02  7.394226e-07
1.479108e+03  1.847846e-07
1.000000e+05  2.727900e-09
-1  -1
6.137000e-05  0.000000e+00
6.137000e-05  2.731152e+06
6.185000e-05  2.746664e+06
6.237348e-05  2.749007e+06
6.309573e-05  2.733832e+06
6.400000e-05  2.692612e+06
6.500000e-05  2.628984e+06
6.606934e-05  2.547417e+06
6.760830e-05  2.417849e+06
6.950000e-05  2.251604e+06
7.161434e-05  2.068234e+06
7.413102e-05  1.862341e+06
7.762471e-05  1.606087e+06
8.222426e-05  1.323623e+06
9.300000e-05  8.686640e+05
9.800000e-05  7.302680e+05
1.023293e-04  6.361921e+05
1.071519e-04  5.528191e+05
1.122018e-04  4.838829e+05
1.175400e-04  4.263029e+05
1.230269e-04  3.793727e+05
1.288250e-04  3.399029e+05
1.348963e-04  3.069601e+05
1.412538e-04  2.793954e+05
1.480000e-04  2.559968e+05
1.548817e-04  2.368309e+05
1.621810e-04  2.204273e+05
1.698244e-04  2.065022e+05
1.800000e-04  1.916792e+05
1.905461e-04  1.794254e+05
2.065380e-04  1.647410e+05
2.317395e-04  1.471762e+05
3.162278e-04  1.097516e+05
3.630781e-04  9.569230e+04
4.120975e-04  8.382946e+04
4.677351e-04  7.290319e+04
5.308844e-04  6.291598e+04
6.025596e-04  5.394014e+04
6.760830e-04  4.661616e+04
7.762471e-04  3.883388e+04
8.810489e-04  3.264530e+04
1.023293e-03  2.637751e+04
1.174898e-03  2.151819e+04
1.364583e-03  1.712608e+04
1.566751e-03  1.377175e+04
1.798871e-03  1.100030e+04
2.041738e-03  8.896004e+03
2.344229e-03  7.005570e+03
2.691535e-03  5.474861e+03
3.090295e-03  4.245166e+03
3.507519e-03  3.338524e+03
4.000000e-03  2.583460e+03
4.570882e-03  1.976258e+03
5.248075e-03  1.485633e+03
6.000000e-03  1.118032e+03
6.839116e-03  8.404455e+02
7.762471e-03  6.333241e+02
8.810489e-03  4.739683e+02
1.000000e-02  3.522512e+02
1.148154e-02  2.528769e+02
1.303167e-02  1.853097e+02
1.479108e-02  1.348766e+02
1.678804e-02  9.748762e+01
1.927525e-02  6.789133e+01
2.213095e-02  4.690662e+01
2.540973e-02  3.215272e+01
2.917427e-02  2.187682e+01
3.388442e-02  1.430199e+01
3.935501e-02  9.277076e+00
4.570882e-02  5.971910e+00
5.370318e-02  3.687842e+00
6.309573e-02  2.260838e+00
7.673615e-02  1.237291e+00
9.660509e-02  6.036053e-01
1.737801e-01  9.500456e-02
2.162719e-01  4.805160e-02
2.540973e-01  2.928170e-02
2.917427e-01  1.928355e-02
3.311311e-01  1.323894e-02
3.715352e-01  9.466953e-03
4.168694e-01  6.817749e-03
4.623810e-01  5.107667e-03
5.128614e-01  3.852368e-03
5.688529e-01  2.926501e-03
6.237348e-01  2.306700e-03
6.918310e-01  1.778034e-03
7.673615e-01  1.381147e-03
8.709636e-01  1.021081e-03
9.332543e-01  8.717414e-04
9.885531e-01  7.686121e-04
1.071519e+00  6.503286e-04
1.161449e+00  5.539352e-04
1.273503e+00  4.644982e-04
1.412538e+00  3.841337e-04
1.717908e+00  2.709089e-04
1.927525e+00  2.220898e-04
2.213095e+00  1.766500e-04
2.570396e+00  1.388977e-04
2.951209e+00  1.120315e-04
3.388442e+00  9.105597e-05
3.935501e+00  7.327973e-05
4.623810e+00  5.844490e-05
5.432503e+00  4.696103e-05
6.531306e+00  3.687021e-05
7.762471e+00  2.960813e-05
9.549926e+00  2.292951e-05
1.202264e+01  1.741249e-05
1.531087e+01  1.316255e-05
1.949845e+01  1.002135e-05
2.600160e+01  7.299412e-06
3.548134e+01  5.223819e-06
5.308844e+01  3.414613e-06
8.317638e+01  2.143762e-06
1.659587e+02  1.058987e-06
3.311311e+02  5.268606e-07
1.318257e+03  1.315689e-07
1.000000e+05  1.730900e-09
-1  -1
1.216000e-05  0.000000e+00
1.216000e-05  4.738360e+06
1.250000e-05  4.780320e+06
1.290000e-05  4.864880e+06
1.340000e-05  5.014600e+06
1.390000e-05  5.206040e+06
1.445440e-05  5.454834e+06
1.513561e-05  5.806870e+06
1.603245e-05  6.329572e+06
1.737801e-05  7.206205e+06
2.213095e-05  1.082105e+07
2.398833e-05  1.231042e+07
2.540973e-05  1.341533e+07
2.660725e-05  1.429050e+07
2.786121e-05  1.512058e+07
2.900000e-05  1.577832e+07
3.000000e-05  1.626420e+07
3.090295e-05  1.661663e+07
3.198895e-05  1.691908e+07
3.300000e-05  1.707488e+07
3.400000e-05  1.710996e+07
3.507519e-05  1.702169e+07
3.610000e-05  1.682472e+07
3.715352e-05  1.651600e+07
3.830000e-05  1.607676e+07
3.950000e-05  1.552212e+07
4.073803e-05  1.487287e+07
4.180000e-05  1.427320e+07
4.315191e-05  1.347786e+07
4.466836e-05  1.257283e+07
4.623810e-05  1.164909e+07
4.800000e-05  1.065212e+07
5.011872e-05  9.532316e+06
5.248075e-05  8.403732e+06
5.500000e-05  7.343840e+06
5.821032e-05  6.191895e+06
6.165950e-05  5.168049e+06
6.531306e-05  4.284059e+06
6.918310e-05  3.527222e+06
7.328245e-05  2.882627e+06
7.762471e-05  2.338054e+06
8.150000e-05  1.946332e+06
8.609938e-05  1.571515e+06
9.120108e-05  1.245713e+06
9.660509e-05  9.796105e+05
1.023293e-04  7.643375e+05
1.083927e-04  5.922648e+05
1.150000e-04  4.526280e+05
1.230269e-04  3.307269e+05
1.333521e-04  2.256351e+05
1.513561e-04  1.231527e+05
1.584893e-04  9.932387e+04
1.650000e-04  8.283800e+04
1.705000e-04  7.191880e+04
1.757924e-04  6.348757e+04
1.800000e-04  5.798320e+04
1.850000e-04  5.258640e+04
1.890000e-04  4.902120e+04
1.930000e-04  4.602240e+04
1.972423e-04  4.337305e+04
2.018366e-04  4.102919e+04
2.065380e-04  3.910715e+04
2.113489e-04  3.755546e+04
2.162719e-04  3.632827e+04
2.213095e-04  3.538545e+04
2.264644e-04  3.469188e+04
2.317395e-04  3.421481e+04
2.380000e-04  3.389080e+04
2.454709e-04  3.376752e+04
2.540973e-04  3.388963e+04
2.650000e-04  3.431012e+04
2.818383e-04  3.525244e+04
3.162278e-04  3.728293e+04
3.388442e-04  3.828222e+04
3.589219e-04  3.888026e+04
3.801894e-04  3.921939e+04
4.027170e-04  3.930655e+04
4.265795e-04  3.912242e+04
4.518559e-04  3.868602e+04
4.786301e-04  3.801436e+04
5.069907e-04  3.712755e+04
5.370318e-04  3.604856e+04
5.754399e-04  3.454114e+04
6.165950e-04  3.284846e+04
6.606934e-04  3.101758e+04
7.079458e-04  2.909033e+04
7.623500e-04  2.696423e+04
8.222426e-04  2.477905e+04
8.912509e-04  2.248091e+04
9.660509e-04  2.024568e+04
1.047129e-03  1.810944e+04
1.135011e-03  1.609651e+04
1.230269e-03  1.421793e+04
1.348963e-03  1.224585e+04
1.479108e-03  1.046552e+04
1.621810e-03  8.877670e+03
1.778279e-03  7.475036e+03
1.949845e-03  6.248182e+03
2.137962e-03  5.185194e+03
2.344229e-03  4.272890e+03
2.570396e-03  3.497038e+03
2.818383e-03  2.842967e+03
3.126079e-03  2.234720e+03
3.467369e-03  1.742567e+03
3.845918e-03  1.348173e+03
4.265795e-03  1.035089e+03
4.731513e-03  7.888235e+02
5.188000e-03  6.156770e+02
5.888437e-03  4.342732e+02
6.531306e-03  3.240060e+02
7.244360e-03  2.400192e+02
8.128305e-03  1.706547e+02
9.120108e-03  1.204195e+02
1.023293e-02  8.432602e+01
1.148154e-02  5.860659e+01
1.288250e-02  4.044314e+01
1.462177e-02  2.668431e+01
1.659587e-02  1.747332e+01
1.883649e-02  1.135663e+01
2.137962e-02  7.326921e+00
2.454709e-02  4.506595e+00
2.818383e-02  2.751445e+00
3.273407e-02  1.599979e+00
3.845918e-02  8.854870e-01
4.623810e-02  4.466400e-01
5.559043e-02  2.236014e-01
7.328245e-02  7.846853e-02
1.161449e-01  1.363405e-02
1.445440e-01  5.975818e-03
1.737801e-01  3.003749e-03
2.018366e-01  1.730202e-03
2.317395e-01  1.048420e-03
2.630268e-01  6.671824e-04
2.985383e-01  4.277835e-04
3.349654e-01  2.875247e-04
3.758374e-01  1.947076e-04
4.168694e-01  1.380628e-04
4.623810e-01  9.860418e-05
5.128614e-01  7.095905e-05
5.623413e-01  5.332535e-05
6.095369e-01  4.178498e-05
6.683439e-01  3.188350e-05
7.328245e-01  2.451204e-05
8.035261e-01  1.896764e-05
8.609938e-01  1.561473e-05
9.120108e-01  1.336293e-05
9.549926e-01  1.186412e-05
1.000000e+00  1.059800e-05
1.047129e+00  9.534181e-06
1.096478e+00  8.636108e-06
1.161449e+00  7.693282e-06
1.230269e+00  6.902025e-06
1.333521e+00  5.968420e-06
1.479108e+00  4.992396e-06
1.840772e+00  3.396631e-06
2.018366e+00  2.904780e-06
2.344229e+00  2.273500e-06
2.722701e+00  1.792940e-06
3.090295e+00  1.476058e-06
3.589219e+00  1.182449e-06
4.168694e+00  9.542038e-07
4.897788e+00  7.631073e-07
5.821032e+00  6.054370e-07
6.918310e+00  4.838343e-07
8.413951e+00  3.784386e-07
1.035142e+01  2.939534e-07
1.258925e+01  2.331591e-07
1.584893e+01  1.788003e-07
2.065380e+01  1.328150e-07
2.818383e+01  9.449626e-08
3.981072e+01  6.531716e-08
5.956621e+01  4.278879e-08
9.225714e+01  2.723684e-08
1.819701e+02  1.362960e-08
3.630781e+02  6.784717e-09
1.445440e+03  1.695290e-09
1.000000e+05  2.445700e-11
-1  -1
1.046000e-05  0.000000e+00
1.046000e-05  8.140620e+06
1.083927e-05  8.348638e+06
1.135011e-05  8.700262e+06
1.188502e-05  9.131115e+06
1.260000e-05  9.777960e+06
1.380384e-05  1.098547e+07
1.883649e-05  1.665997e+07
2.089296e-05  1.903532e+07
2.264644e-05  2.098444e+07
2.400000e-05  2.238474e+07
2.540973e-05  2.368562e+07
2.660725e-05  2.462488e+07
2.770000e-05  2.532240e+07
2.884032e-05  2.586172e+07
2.985383e-05  2.616088e+07
3.090295e-05  2.628386e+07
3.198895e-05  2.621503e+07
3.300000e-05  2.597244e+07
3.400000e-05  2.557626e+07
3.507519e-05  2.499743e+07
3.610000e-05  2.432040e+07
3.730000e-05  2.340156e+07
3.850000e-05  2.237934e+07
3.981072e-05  2.118468e+07
4.120975e-05  1.986526e+07
4.265795e-05  1.849606e+07
4.415704e-05  1.711147e+07
4.570882e-05  1.573917e+07
4.731513e-05  1.440131e+07
4.954502e-05  1.270233e+07
5.188000e-05  1.112881e+07
5.495409e-05  9.358970e+06
5.821032e-05  7.808174e+06
6.165950e-05  6.468536e+06
6.531306e-05  5.323408e+06
6.918310e-05  4.349125e+06
7.328245e-05  3.526973e+06
7.673615e-05  2.966392e+06
8.035261e-05  2.481216e+06
8.511380e-05  1.969777e+06
9.000000e-05  1.562514e+06
9.500000e-05  1.238748e+06
1.000000e-04  9.878100e+05
1.060000e-04  7.584300e+05
1.135011e-04  5.515085e+05
1.220000e-04  3.909546e+05
1.412538e-04  1.927662e+05
1.480000e-04  1.547346e+05
1.540000e-04  1.291470e+05
1.584893e-04  1.139174e+05
1.635000e-04  1.001226e+05
1.678804e-04  9.035223e+04
1.720000e-04  8.276940e+04
1.760000e-04  7.665120e+04
1.800000e-04  7.157340e+04
1.840772e-04  6.731249e+04
1.883649e-04  6.367728e+04
1.927525e-04  6.070815e+04
1.972423e-04  5.831704e+04
2.020000e-04  5.637354e+04
2.065380e-04  5.499391e+04
2.113489e-04  5.395092e+04
2.170000e-04  5.316426e+04
2.220000e-04  5.277576e+04
2.290868e-04  5.261178e+04
2.371374e-04  5.284096e+04
2.483133e-04  5.360594e+04
2.660725e-04  5.535888e+04
2.951209e-04  5.829016e+04
3.162278e-04  5.992269e+04
3.349654e-04  6.088209e+04
3.548134e-04  6.143177e+04
3.758374e-04  6.156675e+04
4.000000e-04  6.124980e+04
4.265795e-04  6.040456e+04
4.518559e-04  5.926401e+04
4.786301e-04  5.779879e+04
5.128614e-04  5.567288e+04
5.495409e-04  5.321482e+04
5.888437e-04  5.048906e+04
6.309573e-04  4.756621e+04
6.760830e-04  4.451304e+04
7.244360e-04  4.139146e+04
7.852356e-04  3.773883e+04
8.511380e-04  3.415085e+04
9.225714e-04  3.068487e+04
1.000000e-03  2.738454e+04
1.083927e-03  2.428818e+04
1.188502e-03  2.101743e+04
1.303167e-03  1.804514e+04
1.428894e-03  1.537494e+04
1.566751e-03  1.300286e+04
1.717908e-03  1.091688e+04
1.883649e-03  9.099524e+03
2.065380e-03  7.531054e+03
2.264644e-03  6.189639e+03
2.483133e-03  5.052396e+03
2.731000e-03  4.067666e+03
3.019952e-03  3.209903e+03
3.349654e-03  2.494536e+03
3.715352e-03  1.924610e+03
4.027170e-03  1.563677e+03
4.415704e-03  1.223178e+03
4.897788e-03  9.210671e+02
5.559043e-03  6.471030e+02
6.165950e-03  4.815257e+02
6.839116e-03  3.557492e+02
7.585776e-03  2.610733e+02
8.511380e-03  1.837113e+02
9.549926e-03  1.282610e+02
1.071519e-02  8.884933e+01
1.202264e-02  6.108282e+01
1.348963e-02  4.169241e+01
1.531087e-02  2.717738e+01
1.737801e-02  1.757685e+01
1.972423e-02  1.128032e+01
2.238721e-02  7.183144e+00
2.570396e-02  4.355183e+00
2.951209e-02  2.620497e+00
3.427678e-02  1.499399e+00
4.027170e-02  8.153279e-01
4.786301e-02  4.211986e-01
5.754399e-02  2.065507e-01
1.148154e-01  1.391116e-02
1.396368e-01  6.516984e-03
1.659587e-01  3.362309e-03
1.905461e-01  1.994765e-03
2.137962e-01  1.300154e-03
2.398833e-01  8.537079e-04
2.660725e-01  5.885685e-04
2.951209e-01  4.085676e-04
3.273407e-01  2.856541e-04
3.589219e-01  2.092180e-04
3.935501e-01  1.542859e-04
4.315191e-01  1.146302e-04
4.731513e-01  8.581698e-05
5.188000e-01  6.474821e-05
5.623413e-01  5.093941e-05
6.095369e-01  4.034345e-05
6.606935e-01  3.218801e-05
7.161434e-01  2.585228e-05
7.762471e-01  2.089628e-05
8.609938e-01  1.595007e-05
9.120108e-01  1.380555e-05
9.660509e-01  1.203271e-05
1.011579e+00  1.084506e-05
1.071519e+00  9.589413e-06
1.148154e+00  8.337628e-06
1.230269e+00  7.300675e-06
1.333521e+00  6.295747e-06
1.819701e+00  3.636071e-06
2.018366e+00  3.048927e-06
2.344229e+00  2.386036e-06
2.722701e+00  1.881780e-06
3.126079e+00  1.522669e-06
3.630781e+00  1.220506e-06
4.265795e+00  9.696367e-07
5.011872e+00  7.762872e-07
5.956621e+00  6.165205e-07
7.079458e+00  4.931701e-07
8.709636e+00  3.806424e-07
1.059254e+01  3.001516e-07
1.273503e+01  2.414783e-07
1.603245e+01  1.852327e-07
2.065380e+01  1.394137e-07
2.818383e+01  9.918625e-08
3.981072e+01  6.855842e-08
5.956621e+01  4.491277e-08
9.225714e+01  2.858885e-08
1.840772e+02  1.413953e-08
3.672823e+02  7.039441e-09
1.462177e+03  1.759070e-09
1.000000e+05  2.567100e-11
-1  -1
8.300000e-06  0.000000e+00
8.300000e-06  4.029050e+06
8.609938e-06  3.505512e+06
9.549926e-06  2.330811e+06
1.083927e-05  1.405681e+06
1.230269e-05  8.414611e+05
1.396368e-05  5.000344e+05
1.603245e-05  2.812848e+05
2.041738e-05  1.020658e+05
2.213095e-05  7.322546e+04
2.350000e-05  5.752820e+04
2.483133e-05  4.640627e+04
2.610000e-05  3.850350e+04
2.730000e-05  3.278860e+04
2.830000e-05  2.901730e+04
2.917427e-05  2.630217e+04
3.019952e-05  2.367440e+04
3.126079e-05  2.146350e+04
3.235937e-05  1.960923e+04
3.330000e-05  1.830440e+04
3.427678e-05  1.717425e+04
3.548134e-05  1.603693e+04
3.650000e-05  1.525430e+04
3.770000e-05  1.450100e+04
3.900000e-05  1.384930e+04
4.027170e-05  1.334192e+04
4.168694e-05  1.289516e+04
4.350000e-05  1.246060e+04
4.518559e-05  1.216023e+04
4.731513e-05  1.188325e+04
5.011872e-05  1.163545e+04
5.432503e-05  1.140208e+04
6.606934e-05  1.096998e+04
7.244360e-05  1.070535e+04
7.852356e-05  1.040687e+04
8.413951e-05  1.009313e+04
9.120108e-05  9.664419e+03
9.800000e-05  9.234180e+03
1.059254e-04  8.726973e+03
1.150000e-04  8.156540e+03
1.260000e-04  7.508350e+03
1.380384e-04  6.863218e+03
1.548817e-04  6.078836e+03
1.757924e-04  5.279521e+03
2.113489e-04  4.262412e+03
2.818383e-04  3.040876e+03
3.349654e-04  2.478648e+03
3.801894e-04  2.120198e+03
4.120975e-04  1.910119e+03
4.677351e-04  1.607456e+03
5.495409e-04  1.279946e+03
7.852356e-04  7.659382e+02
9.015711e-04  6.231166e+02
1.230269e-03  3.859127e+02
1.531087e-03  2.736541e+02
1.905461e-03  1.923478e+02
2.371374e-03  1.341655e+02
2.884032e-03  9.650590e+01
3.507519e-03  6.888429e+01
4.000000e-03  5.473439e+01
4.365158e-03  4.717508e+01
4.841724e-03  3.923858e+01
5.432503e-03  3.172586e+01
7.498942e-03  1.731830e+01
9.120108e-03  1.191073e+01
1.109175e-02  8.130488e+00
1.348963e-02  5.507723e+00
1.640590e-02  3.701520e+00
1.972423e-02  2.527418e+00
2.371374e-02  1.712526e+00
2.851018e-02  1.151328e+00
3.388442e-02  7.876858e-01
4.027170e-02  5.350710e-01
4.786301e-02  3.608699e-01
5.688529e-02  2.415516e-01
6.839116e-02  1.562080e-01
8.222426e-02  1.002728e-01
1.011580e-01  6.031725e-02
1.288250e-01  3.305018e-02
1.603245e-01  1.905856e-02
2.511886e-01  6.116452e-03
3.126079e-01  3.538995e-03
3.715352e-01  2.313058e-03
4.315191e-01  1.611334e-03
4.954502e-01  1.162341e-03
5.688529e-01  8.448152e-04
6.456542e-01  6.353704e-04
7.328245e-01  4.815034e-04
8.317638e-01  3.676839e-04
9.332543e-01  2.897636e-04
1.047129e+00  2.301316e-04
1.216186e+00  1.717819e-04
1.364583e+00  1.380986e-04
1.548817e+00  1.094339e-04
1.737801e+00  8.919328e-05
1.949845e+00  7.321486e-05
2.264644e+00  5.719306e-05
2.630268e+00  4.502342e-05
3.019952e+00  3.635949e-05
3.507519e+00  2.909290e-05
4.073803e+00  2.345229e-05
4.786301e+00  1.873558e-05
5.688529e+00  1.484805e-05
6.760830e+00  1.185543e-05
8.128305e+00  9.397350e-06
1.000000e+01  7.289700e-06
1.244515e+01  5.621912e-06
1.566751e+01  4.309835e-06
2.018366e+01  3.241766e-06
2.722701e+01  2.333873e-06
3.801894e+01  1.631619e-06
5.688529e+01  1.067957e-06
8.912509e+01  6.713175e-07
1.778279e+02  3.319032e-07
3.548134e+02  1.652005e-07
1.412538e+03  4.127139e-08
1.000000e+05  5.818300e-10
-1  -1
-2  0.0
-2  -2
