7.861500e-02  0.000000e+00
7.861500e-02  2.262475e+03
8.511380e-02  1.850755e+03
8.800000e-02  1.704490e+03
9.660509e-02  1.337227e+03
1.083927e-01  9.955549e+02
1.174898e-01  8.059323e+02
1.428894e-01  4.807679e+02
2.344229e-01  1.287865e+02
2.800000e-01  8.073920e+01
3.235937e-01  5.554370e+01
3.715352e-01  3.913460e+01
4.265795e-01  2.777461e+01
4.841724e-01  2.042824e+01
5.495409e-01  1.513932e+01
6.165950e-01  1.161855e+01
6.918310e-01  8.979035e+00
7.762471e-01  6.988516e+00
8.709636e-01  5.476704e+00
9.660509e-01  4.427152e+00
1.122018e+00  3.289370e+00
1.273503e+00  2.575302e+00
1.445440e+00  2.032610e+00
1.603245e+00  1.685708e+00
1.840772e+00  1.324140e+00
2.113489e+00  1.047257e+00
2.371374e+00  8.672584e-01
2.691535e+00  7.099388e-01
3.126079e+00  5.649643e-01
3.630781e+00  4.529157e-01
4.216965e+00  3.657585e-01
4.954502e+00  2.927501e-01
5.888437e+00  2.324328e-01
7.079458e+00  1.831862e-01
8.511380e+00  1.454087e-01
1.035142e+01  1.146399e-01
1.258925e+01  9.093014e-02
1.621810e+01  6.794385e-02
2.113489e+01  5.051034e-02
2.884032e+01  3.596614e-02
4.073803e+01  2.487370e-02
6.025596e+01  1.650078e-02
9.332543e+01  1.050697e-02
1.819701e+02  5.319834e-03
3.630781e+02  2.648120e-03
1.445440e+03  6.618556e-04
1.000000e+05  9.549400e-06
-1  -1
1.386200e-02  0.000000e+00
1.386200e-02  8.284555e+03
1.410000e-02  8.027705e+03
1.447000e-02  7.690320e+03
1.485000e-02  7.339620e+03
1.540000e-02  6.920720e+03
1.678804e-02  5.922461e+03
1.840772e-02  5.040694e+03
2.213095e-02  3.561407e+03
2.786121e-02  2.254398e+03
3.162278e-02  1.733803e+03
3.589219e-02  1.327870e+03
4.315191e-02  8.889616e+02
5.000000e-02  6.389260e+02
5.688529e-02  4.756485e+02
6.606934e-02  3.354151e+02
7.762471e-02  2.284475e+02
9.225714e-02  1.501736e+02
1.109175e-01  9.523851e+01
1.380384e-01  5.498162e+01
2.540973e-01  1.163685e+01
3.162278e-01  6.711163e+00
3.758374e-01  4.377117e+00
4.365158e-01  3.043825e+00
5.011872e-01  2.193725e+00
5.688529e-01  1.635952e+00
6.456542e-01  1.228553e+00
7.328245e-01  9.294909e-01
8.222427e-01  7.263536e-01
9.225714e-01  5.717379e-01
1.035142e+00  4.534971e-01
1.188502e+00  3.458276e-01
1.333521e+00  2.777026e-01
1.500000e+00  2.234723e-01
1.698244e+00  1.791797e-01
1.949845e+00  1.412030e-01
2.213095e+00  1.142405e-01
2.511886e+00  9.316084e-02
2.884032e+00  7.517405e-02
3.349654e+00  6.002768e-02
3.890451e+00  4.828898e-02
4.570882e+00  3.850257e-02
5.370318e+00  3.092929e-02
6.382635e+00  2.464333e-02
7.762471e+00  1.920445e-02
9.332543e+00  1.529849e-02
1.200000e+01  1.132500e-02
1.566751e+01  8.322696e-03
2.018366e+01  6.260646e-03
2.691535e+01  4.565133e-03
3.715352e+01  3.229958e-03
5.432503e+01  2.164767e-03
8.709636e+01  1.328228e-03
1.717908e+02  6.641873e-04
3.427678e+02  3.304913e-04
1.364583e+03  8.257707e-05
4.315191e+04  2.606294e-06
1.000000e+05  1.124700e-06
-1  -1
1.331300e-02  0.000000e+00
1.331300e-02  1.663601e+04
1.365000e-02  1.556974e+04
1.480000e-02  1.270800e+04
1.757924e-02  8.135600e+03
1.950000e-02  6.167700e+03
2.540973e-02  2.990100e+03
3.235937e-02  1.510800e+03
4.027170e-02  8.035900e+02
5.011872e-02  4.228700e+02
6.309573e-02  2.131400e+02
8.222426e-02  9.617600e+01
1.428894e-01  1.812152e+01
1.800000e-01  9.085286e+00
2.187762e-01  5.104432e+00
2.570396e-01  3.192890e+00
2.985383e-01  2.080411e+00
3.427678e-01  1.411177e+00
3.890451e-01  9.957018e-01
4.415705e-01  7.078782e-01
4.954502e-01  5.228938e-01
5.559043e-01  3.891214e-01
6.165950e-01  3.003056e-01
6.839117e-01  2.333809e-01
7.585776e-01  1.826174e-01
8.609938e-01  1.362786e-01
9.332543e-01  1.138695e-01
1.000000e+00  9.827299e-02
1.096478e+00  8.147270e-02
1.202264e+00  6.800129e-02
1.318257e+00  5.715193e-02
1.479108e+00  4.636214e-02
1.717908e+00  3.555820e-02
2.000000e+00  2.737059e-02
2.238721e+00  2.268155e-02
2.540973e+00  1.851048e-02
2.917427e+00  1.495059e-02
3.388442e+00  1.194536e-02
3.935501e+00  9.614654e-03
4.623810e+00  7.670417e-03
5.495409e+00  6.070851e-03
6.531306e+00  4.841735e-03
7.943282e+00  3.776595e-03
9.660509e+00  2.969621e-03
1.230269e+01  2.226524e-03
1.584893e+01  1.662650e-03
2.041738e+01  1.251063e-03
2.786121e+01  8.900097e-04
3.890451e+01  6.225825e-04
5.688529e+01  4.176340e-04
8.912509e+01  2.625670e-04
1.757924e+02  1.313352e-04
3.507519e+02  6.536075e-05
1.396368e+03  1.633346e-05
4.415704e+04  5.155228e-07
1.000000e+05  2.276400e-07
-1  -1
1.156700e-02  0.000000e+00
1.156700e-02  3.796041e+04
1.172000e-02  3.645743e+04
1.285000e-02  2.839868e+04
1.548817e-02  1.690640e+04
1.698244e-02  1.299847e+04
2.213095e-02  6.019310e+03
2.800000e-02  2.975712e+03
3.500000e-02  1.502688e+03
4.315191e-02  7.822590e+02
5.248075e-02  4.211988e+02
6.500000e-02  2.123320e+02
8.413951e-02  9.215147e+01
1.428894e-01  1.645096e+01
1.800000e-01  7.807516e+00
2.137962e-01  4.512473e+00
2.483133e-01  2.821633e+00
2.851018e-01  1.842737e+00
3.235937e-01  1.256261e+00
3.630781e-01  8.930883e-01
4.027170e-01  6.612257e-01
4.466836e-01  4.928114e-01
4.954502e-01  3.698743e-01
5.495409e-01  2.797648e-01
6.095369e-01  2.132407e-01
6.760830e-01  1.638118e-01
7.498942e-01  1.268515e-01
8.222427e-01  1.017512e-01
9.332543e-01  7.582592e-02
9.885531e-01  6.672280e-02
1.059254e+00  5.767833e-02
1.148154e+00  4.904881e-02
1.250000e+00  4.166238e-02
1.380384e+00  3.471765e-02
1.717908e+00  2.355157e-02
1.995262e+00  1.819615e-02
2.238721e+00  1.501844e-02
2.540973e+00  1.225551e-02
2.917427e+00  9.897013e-03
3.388442e+00  7.907432e-03
3.935501e+00  6.364694e-03
4.623810e+00  5.077694e-03
5.495409e+00  4.018816e-03
6.531306e+00  3.205194e-03
7.943282e+00  2.500010e-03
9.660509e+00  1.965795e-03
1.230269e+01  1.473883e-03
1.603245e+01  1.086295e-03
2.089296e+01  8.073077e-04
2.851018e+01  5.746711e-04
4.000000e+01  4.001900e-04
5.821032e+01  2.699159e-04
9.120108e+01  1.697601e-04
1.778279e+02  8.593119e-05
3.548134e+02  4.276905e-05
1.412538e+03  1.068832e-05
1.000000e+05  1.506900e-07
-1  -1
3.273200e-03  0.000000e+00
3.273200e-03  2.337494e+04
3.467369e-03  2.200942e+04
3.758374e-03  1.970541e+04
4.000000e-03  1.816090e+04
4.216965e-03  1.681285e+04
5.432503e-03  1.150881e+04
5.821032e-03  1.031215e+04
7.244360e-03  7.170754e+03
8.128305e-03  5.866726e+03
9.440609e-03  4.495365e+03
1.135011e-02  3.198908e+03
1.300000e-02  2.470800e+03
1.500000e-02  1.871284e+03
1.778279e-02  1.333244e+03
2.113489e-02  9.368126e+02
2.511886e-02  6.526621e+02
2.951209e-02  4.622478e+02
3.467369e-02  3.249923e+02
4.073803e-02  2.268705e+02
4.800000e-02  1.562307e+02
5.688529e-02  1.053410e+02
6.760830e-02  7.002466e+01
8.035261e-02  4.622013e+01
9.772372e-02  2.860011e+01
1.216186e-01  1.659122e+01
1.548817e-01  9.022061e+00
2.511886e-01  2.640176e+00
3.126079e-01  1.524258e+00
3.715352e-01  9.945899e-01
4.265795e-01  7.113016e-01
4.897788e-01  5.121891e-01
5.623413e-01  3.715999e-01
6.309573e-01  2.862793e-01
7.161434e-01  2.164445e-01
8.128305e-01  1.648685e-01
9.120108e-01  1.295526e-01
1.011579e+00  1.050099e-01
1.174898e+00  7.821595e-02
1.318257e+00  6.276701e-02
1.496236e+00  4.965835e-02
1.698244e+00  3.964219e-02
1.972423e+00  3.063240e-02
2.213095e+00  2.526422e-02
2.511886e+00  2.060228e-02
2.884032e+00  1.662809e-02
3.388442e+00  1.305458e-02
3.935501e+00  1.050738e-02
4.623810e+00  8.382785e-03
5.495409e+00  6.634715e-03
6.531306e+00  5.291451e-03
7.943282e+00  4.127398e-03
9.549926e+00  3.290977e-03
1.216186e+01  2.466131e-03
1.600000e+01  1.797500e-03
2.089296e+01  1.332754e-03
2.851018e+01  9.487297e-04
4.027170e+01  6.559680e-04
5.888437e+01  4.403065e-04
9.225714e+01  2.769816e-04
1.798871e+02  1.402200e-04
3.589219e+02  6.979466e-05
1.428894e+03  1.744324e-05
4.518559e+04  5.505715e-07
1.000000e+05  2.487800e-07
-1  -1
3.022000e-03  0.000000e+00
3.022000e-03  3.829800e+04
3.022500e-03  3.829185e+04
3.022700e-03  3.837116e+04
3.150000e-03  3.654280e+04
3.190000e-03  3.593820e+04
3.260000e-03  3.516000e+04
3.570000e-03  3.149280e+04
3.801894e-03  2.893364e+04
4.216965e-03  2.492578e+04
4.570882e-03  2.210763e+04
4.954502e-03  1.946387e+04
5.308844e-03  1.734551e+04
6.309573e-03  1.276483e+04
6.800000e-03  1.110908e+04
7.800000e-03  8.500360e+03
8.511380e-03  7.134293e+03
9.549926e-03  5.608350e+03
1.059254e-02  4.493558e+03
1.202264e-02  3.393455e+03
1.333521e-02  2.681891e+03
1.531087e-02  1.941528e+03
1.717908e-02  1.472653e+03
1.950000e-02  1.078986e+03
2.238721e-02  7.625491e+02
2.570396e-02  5.345572e+02
2.951209e-02  3.719774e+02
3.388442e-02  2.570566e+02
3.935501e-02  1.710061e+02
4.623810e-02  1.093980e+02
5.500000e-02  6.708860e+01
6.683439e-02  3.842095e+01
8.413951e-02  1.970444e+01
1.135011e-01  8.193817e+00
1.737801e-01  2.343554e+00
2.041738e-01  1.466128e+00
2.630268e-01  7.101619e-01
3.054921e-01  4.658808e-01
3.507519e-01  3.178446e-01
4.000000e-01  2.225155e-01
4.518559e-01  1.609670e-01
5.069907e-01  1.193593e-01
5.688529e-01  8.913847e-02
6.309573e-01  6.899839e-02
6.998420e-01  5.376781e-02
7.762471e-01  4.218877e-02
8.709636e-01  3.243632e-02
9.440609e-01  2.716595e-02
1.022000e+00  2.298465e-02
1.122018e+00  1.904086e-02
1.230269e+00  1.592839e-02
1.364583e+00  1.312670e-02
1.566751e+00  1.023170e-02
1.798871e+00  8.027708e-03
2.089296e+00  6.219640e-03
2.344229e+00  5.147957e-03
2.660725e+00  4.212378e-03
3.090295e+00  3.351118e-03
3.589219e+00  2.684936e-03
4.168694e+00  2.167091e-03
4.897788e+00  1.733587e-03
5.821032e+00  1.375634e-03
7.000000e+00  1.083400e-03
8.413951e+00  8.598128e-04
1.023293e+01  6.776075e-04
1.258925e+01  5.300916e-04
1.621810e+01  3.960911e-04
2.113489e+01  2.944593e-04
2.884032e+01  2.096769e-04
4.073803e+01  1.450047e-04
5.956621e+01  9.735537e-05
9.332543e+01  6.125299e-05
1.819701e+02  3.101332e-05
3.630781e+02  1.543813e-05
1.445440e+03  3.858383e-06
1.000000e+05  5.567000e-08
-1  -1
2.636900e-03  0.000000e+00
2.636900e-03  1.175696e+05
2.730000e-03  1.126757e+05
2.754229e-03  1.112507e+05
2.800000e-03  1.081196e+05
2.870000e-03  1.044240e+05
3.162278e-03  8.963990e+04
3.400000e-03  7.933760e+04
4.000000e-03  5.975440e+04
4.365158e-03  5.095490e+04
4.677351e-03  4.463485e+04
5.623413e-03  3.098427e+04
6.095369e-03  2.620828e+04
7.079458e-03  1.903122e+04
7.762471e-03  1.552224e+04
8.912509e-03  1.133975e+04
1.000000e-02  8.654640e+03
1.122018e-02  6.566442e+03
1.288250e-02  4.669679e+03
1.445440e-02  3.489809e+03
1.640590e-02  2.515912e+03
1.900000e-02  1.705700e+03
2.213095e-02  1.127615e+03
2.570396e-02  7.442330e+02
2.985383e-02  4.869078e+02
3.427678e-02  3.266711e+02
3.935501e-02  2.176895e+02
4.570882e-02  1.392540e+02
5.370318e-02  8.542834e+01
6.382635e-02  5.021815e+01
7.762471e-02  2.728059e+01
9.885531e-02  1.272455e+01
1.678804e-01  2.366695e+00
2.065380e-01  1.233630e+00
2.426610e-01  7.479835e-01
2.786121e-01  4.903829e-01
3.162278e-01  3.352334e-01
3.589219e-01  2.308843e-01
4.027170e-01  1.657123e-01
4.466836e-01  1.237773e-01
4.954502e-01  9.307840e-02
5.495409e-01  7.050375e-02
6.095369e-01  5.380026e-02
6.760830e-01  4.136845e-02
7.498942e-01  3.205493e-02
8.609938e-01  2.301693e-02
9.225714e-01  1.962375e-02
9.772372e-01  1.727830e-02
1.047129e+00  1.494419e-02
1.135011e+00  1.270232e-02
1.244515e+00  1.062904e-02
1.380384e+00  8.778862e-03
1.678804e+00  6.196458e-03
1.949845e+00  4.782064e-03
2.187762e+00  3.941395e-03
2.483133e+00  3.211776e-03
2.851018e+00  2.590459e-03
3.349654e+00  2.032642e-03
3.890451e+00  1.635156e-03
4.570882e+00  1.303777e-03
5.370318e+00  1.047304e-03
6.382635e+00  8.344485e-04
7.762471e+00  6.502707e-04
9.332543e+00  5.180257e-04
1.200000e+01  3.834800e-04
1.566751e+01  2.818176e-04
2.018366e+01  2.119943e-04
2.691535e+01  1.545788e-04
3.715352e+01  1.093635e-04
5.495409e+01  7.242720e-05
8.709636e+01  4.497500e-05
1.737801e+02  2.222906e-05
3.467369e+02  1.106174e-05
1.380384e+03  2.764100e-06
4.365158e+04  8.724117e-08
1.000000e+05  3.808300e-08
-1  -1
2.212400e-03  0.000000e+00
2.212400e-03  1.759012e+05
2.278000e-03  2.012698e+05
2.330000e-03  2.201673e+05
2.345000e-03  2.269977e+05
2.380000e-03  2.418704e+05
2.430000e-03  2.620153e+05
2.450000e-03  2.664813e+05
2.480000e-03  2.695230e+05
2.484500e-03  2.692263e+05
2.500000e-03  2.669999e+05
2.520000e-03  2.619953e+05
2.722701e-03  2.148318e+05
2.917427e-03  1.793000e+05
2.951209e-03  1.748270e+05
3.019952e-03  1.635849e+05
3.349654e-03  1.236307e+05
3.715352e-03  9.269923e+04
4.073803e-03  7.130332e+04
4.677351e-03  4.769384e+04
5.308844e-03  3.256848e+04
5.888437e-03  2.375368e+04
6.839116e-03  1.486939e+04
7.585776e-03  1.069324e+04
8.912509e-03  6.333771e+03
1.011579e-02  4.159831e+03
1.135011e-02  2.823142e+03
1.318257e-02  1.690591e+03
1.531087e-02  1.003042e+03
1.778279e-02  5.900806e+02
2.065380e-02  3.443636e+02
2.426610e-02  1.912230e+02
2.884032e-02  1.009182e+02
3.427678e-02  5.282662e+01
4.168694e-02  2.515278e+01
5.188000e-02  1.088358e+01
1.071519e-01  6.616784e-01
1.318257e-01  2.992690e-01
1.603245e-01  1.425378e-01
1.862087e-01  8.138220e-02
2.187762e-01  4.485658e-02
2.454709e-01  2.951795e-02
2.691535e-01  2.125555e-02
3.235937e-01  1.117451e-02
3.630781e-01  7.532567e-03
4.027170e-01  5.319071e-03
4.466836e-01  3.783344e-03
4.954502e-01  2.711466e-03
5.432503e-01  2.029385e-03
5.956621e-01  1.529892e-03
6.456542e-01  1.204987e-03
7.079458e-01  9.244289e-04
8.035261e-01  6.489135e-04
8.609938e-01  5.333332e-04
9.120108e-01  4.557473e-04
9.549926e-01  4.041696e-04
1.000000e+00  3.606737e-04
1.047129e+00  3.242116e-04
1.096478e+00  2.935089e-04
1.148154e+00  2.673239e-04
1.216186e+00  2.395001e-04
1.318257e+00  2.070151e-04
1.531087e+00  1.600438e-04
1.883649e+00  1.112980e-04
2.113489e+00  9.151699e-05
2.371374e+00  7.579495e-05
2.691535e+00  6.206339e-05
3.162278e+00  4.855882e-05
3.672823e+00  3.895065e-05
4.265795e+00  3.147231e-05
5.011872e+00  2.520381e-05
5.956621e+00  2.002048e-05
7.161434e+00  1.578612e-05
8.609938e+00  1.253662e-05
1.047129e+01  9.887859e-06
1.258925e+01  7.951604e-06
1.621810e+01  5.941507e-06
2.113489e+01  4.417022e-06
2.884032e+01  3.145200e-06
4.073803e+01  2.175160e-06
5.888437e+01  1.477949e-06
9.225714e+01  9.297344e-07
1.798871e+02  4.706681e-07
3.589219e+02  2.342764e-07
1.428894e+03  5.854940e-08
1.000000e+05  8.350800e-10
-1  -1
2.129000e-03  0.000000e+00
2.129000e-03  4.902341e+05
2.500000e-03  3.782994e+05
2.754229e-03  2.933324e+05
3.019952e-03  2.286822e+05
3.349654e-03  1.716810e+05
3.758374e-03  1.237213e+05
4.400000e-03  7.798020e+04
4.731513e-03  6.268211e+04
5.623413e-03  3.686956e+04
6.165950e-03  2.758093e+04
7.079458e-03  1.772627e+04
8.035261e-03  1.171313e+04
9.015711e-03  7.987691e+03
1.035142e-02  5.002793e+03
1.174898e-02  3.232467e+03
1.333521e-02  2.073916e+03
1.513561e-02  1.321622e+03
1.737801e-02  8.024325e+02
2.000000e-02  4.794228e+02
2.317395e-02  2.772623e+02
2.691535e-02  1.577365e+02
3.126079e-02  8.912365e+01
3.672823e-02  4.784136e+01
4.415704e-02  2.332285e+01
5.370318e-02  1.079142e+01
1.083927e-01  6.648416e-01
1.318257e-01  3.080004e-01
1.566751e-01  1.574032e-01
1.798871e-01  9.262931e-02
2.018366e-01  5.993743e-02
2.264644e-01  3.908088e-02
2.511886e-01  2.677383e-02
2.786121e-01  1.846846e-02
3.090295e-01  1.283240e-02
3.388442e-01  9.344628e-03
3.715352e-01  6.850566e-03
4.073803e-01  5.058354e-03
4.466836e-01  3.763777e-03
4.897788e-01  2.822473e-03
5.308844e-01  2.209201e-03
5.821032e-01  1.682374e-03
6.382635e-01  1.290131e-03
6.918310e-01  1.029004e-03
7.498942e-01  8.261816e-04
8.413951e-01  6.098836e-04
8.912509e-01  5.269557e-04
9.440609e-01  4.583175e-04
9.885531e-01  4.121927e-04
1.047129e+00  3.636998e-04
1.122018e+00  3.154514e-04
1.202264e+00  2.755758e-04
1.303167e+00  2.371413e-04
1.445440e+00  1.971644e-04
1.819701e+00  1.315843e-04
2.089296e+00  1.039390e-04
2.344229e+00  8.602658e-05
2.660725e+00  7.040036e-05
3.090295e+00  5.601610e-05
3.589219e+00  4.488029e-05
4.168694e+00  3.622413e-05
4.897788e+00  2.897807e-05
5.821032e+00  2.299549e-05
7.000000e+00  1.811000e-05
8.413951e+00  1.437237e-05
1.023293e+01  1.132658e-05
1.258925e+01  8.860832e-06
1.621810e+01  6.620874e-06
2.113489e+01  4.922050e-06
2.884032e+01  3.504800e-06
4.073803e+01  2.423813e-06
6.000000e+01  1.615100e-06
9.332543e+01  1.023881e-06
1.819701e+02  5.184044e-07
3.630781e+02  2.580563e-07
1.445440e+03  6.449510e-08
1.000000e+05  9.305600e-10
-1  -1
7.122100e-04  0.000000e+00
7.122100e-04  5.501223e+04
8.035261e-04  5.011551e+04
9.549926e-04  4.310366e+04
1.023293e-03  4.029829e+04
1.230269e-03  3.278764e+04
1.333521e-03  2.981123e+04
1.479108e-03  2.612332e+04
1.698244e-03  2.176921e+04
1.883649e-03  1.883794e+04
2.187762e-03  1.516811e+04
2.511886e-03  1.230512e+04
2.851018e-03  1.010004e+04
3.349654e-03  7.785151e+03
3.935501e-03  5.949906e+03
4.570882e-03  4.602310e+03
5.308844e-03  3.537092e+03
6.237348e-03  2.646198e+03
7.413102e-03  1.924735e+03
8.912509e-03  1.360081e+03
1.071519e-02  9.536041e+02
1.288250e-02  6.637128e+02
1.548817e-02  4.583488e+02
1.840772e-02  3.216176e+02
2.187762e-02  2.240753e+02
2.600160e-02  1.549887e+02
3.090295e-02  1.064052e+02
3.672823e-02  7.252389e+01
4.365158e-02  4.906498e+01
5.188000e-02  3.294765e+01
6.165950e-02  2.196230e+01
7.328245e-02  1.453562e+01
8.810489e-02  9.288800e+00
1.083927e-01  5.564984e+00
1.396368e-01  2.950220e+00
2.570396e-01  6.273794e-01
3.198895e-01  3.626230e-01
3.801894e-01  2.369063e-01
4.415705e-01  1.650278e-01
5.069907e-01  1.190548e-01
5.754399e-01  8.885483e-02
6.531306e-01  6.680713e-02
7.413102e-01  5.061098e-02
8.511380e-01  3.769831e-02
9.440609e-01  3.042027e-02
1.059254e+00  2.415476e-02
1.216186e+00  1.844129e-02
1.364583e+00  1.482953e-02
1.531087e+00  1.200652e-02
1.737801e+00  9.597658e-03
2.018366e+00  7.424988e-03
2.264644e+00  6.132495e-03
2.570396e+00  5.007800e-03
2.951209e+00  4.046757e-03
3.427678e+00  3.234971e-03
4.000000e+00  2.587800e-03
4.677351e+00  2.079639e-03
5.559043e+00  1.646828e-03
6.606934e+00  1.314046e-03
8.035261e+00  1.025460e-03
9.660509e+00  8.179804e-04
1.230269e+01  6.132880e-04
1.603245e+01  4.520076e-04
2.089296e+01  3.359231e-04
2.818383e+01  2.421189e-04
3.981072e+01  1.673583e-04
5.821032e+01  1.123103e-04
9.120108e+01  7.063911e-05
1.778279e+02  3.575639e-05
3.548134e+02  1.779600e-05
1.412538e+03  4.447370e-06
4.466836e+04  1.403742e-07
1.000000e+05  6.270400e-08
-1  -1
6.041900e-04  0.000000e+00
6.041900e-04  4.495036e+04
6.930000e-04  4.498580e+04
8.100000e-04  4.380200e+04
8.609938e-04  4.293698e+04
9.440609e-04  4.129438e+04
1.011579e-03  3.985781e+04
1.096478e-03  3.796638e+04
1.170000e-03  3.625420e+04
1.258925e-03  3.415280e+04
1.380384e-03  3.145982e+04
1.496236e-03  2.907963e+04
1.621810e-03  2.667254e+04
1.800000e-03  2.367120e+04
1.972423e-03  2.115629e+04
2.187762e-03  1.847176e+04
2.400000e-03  1.626670e+04
2.660725e-03  1.400691e+04
2.951209e-03  1.197513e+04
3.311311e-03  9.976896e+03
3.672823e-03  8.410343e+03
4.120975e-03  6.903845e+03
4.623810e-03  5.626113e+03
5.188000e-03  4.552421e+03
5.821032e-03  3.658052e+03
6.531306e-03  2.920046e+03
7.413102e-03  2.262192e+03
8.413951e-03  1.739249e+03
9.549926e-03  1.327421e+03
1.083927e-02  1.005741e+03
1.230269e-02  7.565498e+02
1.396368e-02  5.650844e+02
1.584893e-02  4.191683e+02
1.819701e-02  3.002698e+02
2.089296e-02  2.133688e+02
2.398833e-02  1.504763e+02
2.754229e-02  1.053590e+02
3.198895e-02  7.105679e+01
3.715352e-02  4.755987e+01
4.365158e-02  3.062275e+01
5.128614e-02  1.957074e+01
6.095369e-02  1.202444e+01
7.498942e-02  6.645263e+00
9.440609e-02  3.410441e+00
1.798871e-01  5.184472e-01
2.000000e-01  3.811440e-01
2.018366e-01  3.720635e-01
2.426610e-01  2.193245e-01
2.851018e-01  1.390441e-01
3.311311e-01  9.170005e-02
3.801894e-01  6.289631e-02
4.315191e-01  4.483715e-02
4.897788e-01  3.220846e-02
5.495409e-01  2.401591e-02
6.165950e-01  1.804209e-02
6.839117e-01  1.404486e-02
7.585776e-01  1.100636e-02
8.609938e-01  8.228721e-03
9.332543e-01  6.882585e-03
1.000000e+00  5.943267e-03
1.096478e+00  4.928877e-03
1.216186e+00  4.024104e-03
1.333521e+00  3.384478e-03
1.513561e+00  2.690529e-03
1.737801e+00  2.107508e-03
2.018366e+00  1.629591e-03
2.264644e+00  1.345779e-03
2.570396e+00  1.099014e-03
2.951209e+00  8.882286e-04
3.427678e+00  7.100569e-04
4.000000e+00  5.680000e-04
4.677351e+00  4.564576e-04
5.559043e+00  3.614594e-04
6.606934e+00  2.884169e-04
8.035261e+00  2.250726e-04
9.772372e+00  1.770645e-04
1.230269e+01  1.346122e-04
1.600000e+01  9.944200e-05
2.089296e+01  7.373310e-05
2.851018e+01  5.248547e-05
4.027170e+01  3.628880e-05
5.888437e+01  2.435864e-05
9.120108e+01  1.550432e-05
1.798871e+02  7.757170e-06
3.589219e+02  3.861096e-06
1.428894e+03  9.649626e-07
4.518559e+04  3.045835e-08
1.000000e+05  1.376300e-08
-1  -1
5.120400e-04  0.000000e+00
5.120400e-04  2.209228e+05
6.025596e-04  2.072915e+05
6.165950e-04  2.044556e+05
6.456542e-04  1.978959e+05
7.244360e-04  1.800960e+05
8.035261e-04  1.639388e+05
8.810489e-04  1.498144e+05
9.549926e-04  1.376281e+05
1.035142e-03  1.254946e+05
1.161449e-03  1.091425e+05
1.273503e-03  9.695939e+04
1.428894e-03  8.283743e+04
1.584893e-03  7.144788e+04
1.778279e-03  6.010083e+04
1.995262e-03  5.019819e+04
2.238721e-03  4.160190e+04
2.511886e-03  3.423742e+04
2.851018e-03  2.741229e+04
3.235937e-03  2.176506e+04
3.650000e-03  1.734832e+04
4.120975e-03  1.370532e+04
4.677351e-03  1.063470e+04
5.370318e-03  7.994247e+03
6.165950e-03  5.955535e+03
7.079458e-03  4.398237e+03
8.128305e-03  3.220231e+03
9.225714e-03  2.401763e+03
1.047129e-02  1.778917e+03
1.202264e-02  1.271857e+03
1.380384e-02  9.016766e+02
1.566751e-02  6.529586e+02
1.798871e-02  4.555218e+02
2.041738e-02  3.252486e+02
2.344229e-02  2.234635e+02
2.691535e-02  1.523752e+02
3.090295e-02  1.031533e+02
3.589219e-02  6.706460e+01
4.168694e-02  4.326449e+01
4.897788e-02  2.676511e+01
5.754399e-02  1.643398e+01
6.839116e-02  9.669323e+00
8.413951e-02  5.074366e+00
1.059254e-01  2.460159e+00
1.698244e-01  5.530094e-01
2.137962e-01  2.689238e-01
2.511886e-01  1.634324e-01
2.884032e-01  1.073955e-01
3.273407e-01  7.361324e-02
3.672823e-01  5.257392e-02
4.120975e-01  3.781621e-02
4.570882e-01  2.830059e-02
5.069907e-01  2.132146e-02
5.623413e-01  1.617792e-02
6.165950e-01  1.273880e-02
6.839117e-01  9.810646e-03
7.585776e-01  7.614915e-03
8.609938e-01  5.626824e-03
9.225714e-01  4.798775e-03
9.772372e-01  4.226168e-03
1.047129e+00  3.656065e-03
1.135011e+00  3.107850e-03
1.244515e+00  2.600450e-03
1.380384e+00  2.147770e-03
1.678804e+00  1.515925e-03
1.949845e+00  1.169980e-03
2.187762e+00  9.644356e-04
2.483133e+00  7.859685e-04
2.851018e+00  6.339070e-04
3.349654e+00  4.973866e-04
3.890451e+00  4.001175e-04
4.570882e+00  3.190365e-04
5.370318e+00  2.562832e-04
6.382635e+00  2.041965e-04
7.762471e+00  1.591280e-04
9.332543e+00  1.267615e-04
1.202264e+01  9.363194e-05
1.566751e+01  6.896110e-05
2.018366e+01  5.187506e-05
2.691535e+01  3.782677e-05
3.715352e+01  2.676289e-05
5.495409e+01  1.772344e-05
8.709636e+01  1.100539e-05
1.737801e+02  5.439580e-06
3.467369e+02  2.706841e-06
1.380384e+03  6.763848e-07
4.365158e+04  2.134846e-08
1.000000e+05  9.319000e-09
-1  -1
3.331000e-04  0.000000e+00
3.331000e-04  1.667904e+05
3.349654e-04  1.577666e+05
3.365000e-04  1.516924e+05
3.380000e-04  1.465936e+05
3.400000e-04  1.409252e+05
3.427678e-04  1.345047e+05
3.450000e-04  1.302920e+05
3.480000e-04  1.257024e+05
3.507519e-04  1.223876e+05
3.540000e-04  1.194428e+05
3.565000e-04  1.178300e+05
3.600000e-04  1.164276e+05
3.640000e-04  1.158360e+05
3.680000e-04  1.160872e+05
3.720000e-04  1.170072e+05
3.760000e-04  1.184684e+05
3.820000e-04  1.214704e+05
3.890451e-04  1.259104e+05
4.168694e-04  1.467736e+05
4.415704e-04  1.653974e+05
4.623810e-04  1.810240e+05
4.731513e-04  1.886593e+05
4.897788e-04  1.993173e+05
5.069907e-04  2.088182e+05
5.248075e-04  2.170401e+05
5.450000e-04  2.246992e+05
5.650000e-04  2.307872e+05
5.850000e-04  2.353956e+05
6.025596e-04  2.382715e+05
6.280000e-04  2.406536e+05
6.531306e-04  2.414348e+05
6.760830e-04  2.408811e+05
7.079458e-04  2.385385e+05
7.413102e-04  2.347514e+05
7.800000e-04  2.291464e+05
8.222426e-04  2.218037e+05
8.700000e-04  2.124296e+05
9.225714e-04  2.016104e+05
9.850000e-04  1.887724e+05
1.047129e-03  1.761843e+05
1.110000e-03  1.639336e+05
1.190000e-03  1.493936e+05
1.273503e-03  1.356014e+05
1.364583e-03  1.220024e+05
1.479108e-03  1.070327e+05
1.603245e-03  9.320049e+04
1.737801e-03  8.052948e+04
1.883649e-03  6.912182e+04
2.041738e-03  5.892361e+04
2.238721e-03  4.872040e+04
2.450000e-03  4.013400e+04
2.691535e-03  3.253425e+04
2.951209e-03  2.629287e+04
3.273407e-03  2.052049e+04
3.630781e-03  1.587763e+04
3.981072e-03  1.255616e+04
4.415704e-03  9.572999e+03
4.954502e-03  7.018955e+03
5.559043e-03  5.100630e+03
6.237348e-03  3.675387e+03
7.000000e-03  2.624924e+03
7.943282e-03  1.798550e+03
8.912509e-03  1.264386e+03
9.885531e-03  9.149140e+02
1.109175e-02  6.342094e+02
1.244515e-02  4.366413e+02
1.412538e-02  2.873775e+02
1.584893e-02  1.950977e+02
1.798871e-02  1.264816e+02
2.041738e-02  8.141676e+01
2.344229e-02  4.996879e+01
2.691535e-02  3.044555e+01
3.126079e-02  1.766754e+01
3.672823e-02  9.756180e+00
4.365158e-02  5.123864e+00
5.308844e-02  2.449846e+00
6.839116e-02  9.343581e-01
1.148154e-01  1.292028e-01
1.412538e-01  5.894014e-02
1.698244e-01  2.955798e-02
1.972423e-01  1.697708e-02
2.238721e-01  1.069688e-02
2.540973e-01  6.787182e-03
2.884032e-01  4.338681e-03
3.273407e-01  2.794970e-03
3.672823e-01  1.888179e-03
4.073803e-01  1.335704e-03
4.518559e-01  9.514806e-04
5.011872e-01  6.830108e-04
5.495409e-01  5.121857e-04
6.025596e-01  3.869132e-04
6.531306e-01  3.050789e-04
7.161434e-01  2.341999e-04
8.709636e-01  1.352671e-04
9.225714e-01  1.158169e-04
9.660509e-01  1.029008e-04
1.011579e+00  9.202191e-05
1.059254e+00  8.288986e-05
1.109175e+00  7.517154e-05
1.174898e+00  6.705310e-05
1.258925e+00  5.897365e-05
1.364583e+00  5.111337e-05
1.513561e+00  4.282317e-05
1.862087e+00  2.976819e-05
2.089296e+00  2.446458e-05
2.344229e+00  2.024901e-05
2.660725e+00  1.656908e-05
3.090295e+00  1.318148e-05
3.589219e+00  1.056099e-05
4.168694e+00  8.524041e-06
4.897788e+00  6.818939e-06
5.821032e+00  5.411165e-06
7.000000e+00  4.261400e-06
8.413951e+00  3.381979e-06
1.023293e+01  2.665302e-06
1.258925e+01  2.085044e-06
1.621810e+01  1.557961e-06
2.137962e+01  1.143563e-06
2.951209e+01  8.044849e-07
4.216965e+01  5.499014e-07
6.237348e+01  3.650393e-07
9.660509e+01  2.325700e-07
1.862087e+02  1.191767e-07
3.715352e+02  5.933225e-08
1.479108e+03  1.483090e-08
1.000000e+05  2.189700e-10
-1  -1
3.159600e-04  0.000000e+00
3.159600e-04  2.148870e+05
3.198895e-04  2.050811e+05
3.265000e-04  1.889868e+05
3.295000e-04  1.829448e+05
3.325000e-04  1.780020e+05
3.355000e-04  1.743066e+05
3.385000e-04  1.719162e+05
3.415000e-04  1.707534e+05
3.450000e-04  1.707156e+05
3.490000e-04  1.720548e+05
3.530000e-04  1.745580e+05
3.580000e-04  1.790136e+05
3.630781e-04  1.847707e+05
3.711700e-04  1.958161e+05
3.890451e-04  2.233840e+05
4.000000e-04  2.398128e+05
4.120975e-04  2.569499e+05
4.280000e-04  2.784594e+05
4.430000e-04  2.979948e+05
4.570882e-04  3.148288e+05
4.700000e-04  3.285732e+05
4.850000e-04  3.423564e+05
5.011872e-04  3.546972e+05
5.188000e-04  3.656123e+05
5.400000e-04  3.758598e+05
5.623413e-04  3.836091e+05
5.850000e-04  3.883746e+05
6.100000e-04  3.903486e+05
6.350000e-04  3.899274e+05
6.606934e-04  3.870734e+05
6.918310e-04  3.812604e+05
7.300000e-04  3.718692e+05
7.673615e-04  3.609955e+05
8.100000e-04  3.470112e+05
8.511380e-04  3.325161e+05
9.015711e-04  3.144063e+05
9.549926e-04  2.955709e+05
1.011579e-03  2.762033e+05
1.083927e-03  2.526380e+05
1.161449e-03  2.295188e+05
1.244515e-03  2.070881e+05
1.350000e-03  1.819428e+05
1.462177e-03  1.590438e+05
1.584893e-03  1.377515e+05
1.730000e-03  1.169292e+05
1.862087e-03  1.012416e+05
2.041738e-03  8.390524e+04
2.220000e-03  7.023780e+04
2.454709e-03  5.626310e+04
2.660725e-03  4.677880e+04
2.917427e-03  3.764116e+04
3.198895e-03  3.006450e+04
3.507519e-03  2.386277e+04
3.900000e-03  1.814136e+04
4.365158e-03  1.343346e+04
4.800000e-03  1.035474e+04
5.248075e-03  8.064963e+03
5.821032e-03  5.993772e+03
6.531306e-03  4.274782e+03
7.328245e-03  3.023685e+03
8.128305e-03  2.199127e+03
9.120108e-03  1.532342e+03
1.011579e-02  1.099961e+03
1.135011e-02  7.556538e+02
1.273503e-02  5.154364e+02
1.428894e-02  3.491430e+02
1.603245e-02  2.348670e+02
1.819701e-02  1.507027e+02
2.065380e-02  9.598215e+01
2.344229e-02  6.070266e+01
2.691535e-02  3.655263e+01
3.126079e-02  2.093070e+01
3.630781e-02  1.189491e+01
4.265795e-02  6.424297e+00
5.128614e-02  3.152057e+00
6.382635e-02  1.341716e+00
1.148154e-01  1.337085e-01
1.380384e-01  6.515251e-02
1.603245e-01  3.657733e-02
1.840772e-01  2.162560e-02
2.065380e-01  1.404975e-02
2.317395e-01  9.193952e-03
2.570396e-01  6.318259e-03
2.851018e-01  4.371335e-03
3.162278e-01  3.045634e-03
3.467369e-01  2.223208e-03
3.801894e-01  1.633964e-03
4.120975e-01  1.255684e-03
4.518559e-01  9.362682e-04
4.897788e-01  7.288899e-04
5.308844e-01  5.710419e-04
5.754399e-01  4.501810e-04
6.309573e-01  3.455626e-04
6.839117e-01  2.759573e-04
7.413102e-01  2.218071e-04
8.413951e-01  1.590585e-04
8.912509e-01  1.374514e-04
9.440609e-01  1.195459e-04
9.885531e-01  1.075049e-04
1.047129e+00  9.484321e-05
1.122018e+00  8.225346e-05
1.202264e+00  7.185454e-05
1.303167e+00  6.183495e-05
1.445440e+00  5.141502e-05
1.819701e+00  3.431127e-05
2.089296e+00  2.710435e-05
2.344229e+00  2.243326e-05
2.660725e+00  1.835619e-05
3.090295e+00  1.460329e-05
3.589219e+00  1.170029e-05
4.168694e+00  9.443722e-06
4.897788e+00  7.554701e-06
5.821032e+00  5.995030e-06
7.000000e+00  4.721200e-06
8.413951e+00  3.746929e-06
1.023293e+01  2.952927e-06
1.258925e+01  2.310051e-06
1.621810e+01  1.726145e-06
2.113489e+01  1.283245e-06
2.884032e+01  9.137202e-07
4.073803e+01  6.319129e-07
5.956621e+01  4.242569e-07
9.332543e+01  2.669312e-07
1.819701e+02  1.351497e-07
3.630781e+02  6.727531e-08
1.445440e+03  1.681463e-08
1.000000e+05  2.426000e-10
-1  -1
8.549000e-05  0.000000e+00
8.549000e-05  1.664238e+05
8.570000e-05  1.717266e+05
8.610000e-05  1.805388e+05
8.655000e-05  1.892856e+05
8.709636e-05  1.986031e+05
8.755000e-05  2.053206e+05
8.810489e-05  2.126148e+05
8.870000e-05  2.194320e+05
8.950000e-05  2.270988e+05
9.040000e-05  2.341758e+05
9.150000e-05  2.411088e+05
9.270000e-05  2.468688e+05
9.400000e-05  2.514378e+05
9.549926e-05  2.550530e+05
9.720000e-05  2.575806e+05
9.950000e-05  2.591142e+05
1.023293e-04  2.592690e+05
1.080000e-04  2.587740e+05
1.109175e-04  2.603620e+05
1.128000e-04  2.626800e+05
1.150000e-04  2.670228e+05
1.170000e-04  2.727372e+05
1.190000e-04  2.803338e+05
1.205000e-04  2.873190e+05
1.223100e-04  2.973068e+05
1.244515e-04  3.113687e+05
1.270000e-04  3.312816e+05
1.290000e-04  3.492882e+05
1.318257e-04  3.781559e+05
1.350000e-04  4.150854e+05
1.500000e-04  6.414960e+05
1.566751e-04  7.635476e+05
1.621810e-04  8.716873e+05
1.678804e-04  9.893581e+05
1.740000e-04  1.119954e+06
1.798871e-04  1.247293e+06
1.850000e-04  1.357020e+06
1.905461e-04  1.472642e+06
1.950000e-04  1.561668e+06
2.000000e-04  1.656480e+06
2.060000e-04  1.762236e+06
2.120000e-04  1.858236e+06
2.187762e-04  1.954422e+06
2.260000e-04  2.043156e+06
2.344229e-04  2.130535e+06
2.430000e-04  2.204010e+06
2.511886e-04  2.260763e+06
2.600160e-04  2.307466e+06
2.691535e-04  2.339657e+06
2.800000e-04  2.359416e+06
2.900000e-04  2.361102e+06
3.019952e-04  2.345757e+06
3.150000e-04  2.312694e+06
3.280000e-04  2.267394e+06
3.430000e-04  2.204628e+06
3.600000e-04  2.124204e+06
3.780000e-04  2.031852e+06
3.981072e-04  1.923315e+06
4.168694e-04  1.819748e+06
4.365158e-04  1.711860e+06
4.623810e-04  1.575067e+06
4.897788e-04  1.439694e+06
5.188000e-04  1.306977e+06
5.500000e-04  1.176270e+06
5.821032e-04  1.055176e+06
6.200000e-04  9.288120e+05
6.683439e-04  7.916633e+05
7.150000e-04  6.806880e+05
7.673615e-04  5.766260e+05
8.222426e-04  4.873822e+05
8.912509e-04  3.975590e+05
9.549926e-04  3.317834e+05
1.047129e-03  2.585907e+05
1.135011e-03  2.064117e+05
1.230269e-03  1.637440e+05
1.364583e-03  1.205212e+05
1.513561e-03  8.784592e+04
1.678804e-03  6.346456e+04
1.862087e-03  4.545841e+04
2.070000e-03  3.206046e+04
2.317395e-03  2.189478e+04
2.600160e-03  1.470544e+04
2.884032e-03  1.019987e+04
3.198895e-03  7.025189e+03
3.548134e-03  4.806583e+03
3.935501e-03  3.267035e+03
4.415704e-03  2.111342e+03
4.954502e-03  1.353979e+03
5.559043e-03  8.617439e+02
6.309573e-03  5.200753e+02
7.161434e-03  3.113896e+02
8.128305e-03  1.849507e+02
9.225714e-03  1.089936e+02
1.047129e-02  6.374209e+01
1.188502e-02  3.698970e+01
1.348963e-02  2.130948e+01
1.531087e-02  1.219186e+01
1.757924e-02  6.580952e+00
2.065380e-02  3.179886e+00
2.454709e-02  1.447596e+00
2.951209e-02  6.204909e-01
3.467369e-02  2.936095e-01
4.466836e-02  8.977710e-02
7.585776e-02  7.472630e-03
9.332543e-02  2.844377e-03
1.083927e-01  1.425063e-03
1.273503e-01  6.820014e-04
1.479108e-01  3.464956e-04
1.698244e-01  1.864052e-04
1.905461e-01  1.120098e-04
2.065380e-01  7.886634e-05
2.290868e-01  5.063561e-05
2.540973e-01  3.275072e-05
2.818383e-01  2.133309e-05
3.126079e-01  1.399209e-05
3.467369e-01  9.242124e-06
3.801894e-01  6.436179e-06
4.073803e-01  4.931069e-06
4.466836e-01  3.482812e-06
4.954502e-01  2.372718e-06
5.432503e-01  1.692165e-06
5.821032e-01  1.320759e-06
6.025596e-01  1.170288e-06
6.382635e-01  9.660170e-07
6.839117e-01  7.727782e-07
7.498942e-01  5.787375e-07
8.000000e-01  4.739700e-07
8.511380e-01  3.852241e-07
8.912509e-01  3.319316e-07
9.332543e-01  2.879837e-07
9.660509e-01  2.603991e-07
1.000000e+00  2.368800e-07
1.035142e+00  2.169516e-07
1.071519e+00  1.999414e-07
1.109175e+00  1.852917e-07
1.161449e+00  1.686726e-07
1.216186e+00  1.546373e-07
1.303167e+00  1.369396e-07
1.412538e+00  1.199108e-07
1.500000e+00  1.089800e-07
1.949845e+00  6.888451e-08
2.187762e+00  5.676501e-08
2.483133e+00  4.625694e-08
2.851018e+00  3.730709e-08
3.349654e+00  2.927322e-08
3.890451e+00  2.354888e-08
4.570882e+00  1.877600e-08
5.370318e+00  1.508290e-08
6.382635e+00  1.201742e-08
7.762471e+00  9.364991e-09
9.332543e+00  7.460494e-09
1.202264e+01  5.510514e-09
1.566751e+01  4.058589e-09
2.018366e+01  3.053015e-09
2.691535e+01  2.226217e-09
3.715352e+01  1.575075e-09
5.495409e+01  1.043080e-09
8.709636e+01  6.477230e-10
1.737801e+02  3.201340e-10
3.467369e+02  1.593080e-10
1.380384e+03  3.980800e-11
4.365158e+04  1.256440e-12
1.000000e+05  5.484600e-13
-1  -1
8.187000e-05  0.000000e+00
8.187000e-05  2.615256e+05
8.210000e-05  2.691040e+05
8.250000e-05  2.805680e+05
8.290000e-05  2.906344e+05
8.335000e-05  3.004248e+05
8.380000e-05  3.090200e+05
8.430000e-05  3.171768e+05
8.511380e-05  3.281670e+05
8.600000e-05  3.375784e+05
8.700000e-05  3.456720e+05
8.810489e-05  3.523201e+05
8.950000e-05  3.581608e+05
9.120108e-05  3.624870e+05
9.332543e-05  3.649072e+05
9.549926e-05  3.651830e+05
1.030000e-04  3.613872e+05
1.059254e-04  3.621552e+05
1.083927e-04  3.653667e+05
1.100000e-04  3.690768e+05
1.122018e-04  3.765780e+05
1.143000e-04  3.866160e+05
1.161449e-04  3.979645e+05
1.180000e-04  4.118672e+05
1.202264e-04  4.319554e+05
1.220000e-04  4.506240e+05
1.244515e-04  4.802890e+05
1.273503e-04  5.209216e+05
1.303167e-04  5.683623e+05
1.350000e-04  6.540760e+05
1.450000e-04  8.731760e+05
1.520000e-04  1.049456e+06
1.584893e-04  1.226058e+06
1.640590e-04  1.385458e+06
1.698244e-04  1.555361e+06
1.760000e-04  1.739200e+06
1.820000e-04  1.915392e+06
1.876900e-04  2.076429e+06
1.930000e-04  2.218664e+06
1.990000e-04  2.367880e+06
2.051300e-04  2.506315e+06
2.113489e-04  2.631851e+06
2.162719e-04  2.720808e+06
2.238721e-04  2.840983e+06
2.317395e-04  2.944991e+06
2.400000e-04  3.033832e+06
2.483133e-04  3.104035e+06
2.580000e-04  3.163344e+06
2.660725e-04  3.194626e+06
2.770900e-04  3.213279e+06
2.884032e-04  3.206475e+06
3.000000e-04  3.176336e+06
3.126079e-04  3.123378e+06
3.280000e-04  3.040072e+06
3.430000e-04  2.946376e+06
3.600000e-04  2.829536e+06
3.780000e-04  2.697320e+06
3.981072e-04  2.544789e+06
4.200000e-04  2.377848e+06
4.430000e-04  2.206040e+06
4.731513e-04  1.994477e+06
5.011872e-04  1.813946e+06
5.308844e-04  1.638039e+06
5.650000e-04  1.456072e+06
6.025596e-04  1.279785e+06
6.500000e-04  1.090032e+06
6.918310e-04  9.492405e+05
7.413102e-04  8.083375e+05
8.035261e-04  6.649527e+05
8.709636e-04  5.424861e+05
9.332543e-04  4.529701e+05
1.030000e-03  3.467672e+05
1.110000e-03  2.812736e+05
1.202264e-03  2.236524e+05
1.333521e-03  1.646043e+05
1.479108e-03  1.199781e+05
1.650000e-03  8.511120e+04
1.840772e-03  5.977736e+04
2.065380e-03  4.080963e+04
2.290868e-03  2.870491e+04
2.540973e-03  2.004847e+04
2.818383e-03  1.389736e+04
3.126079e-03  9.564404e+03
3.467369e-03  6.537490e+03
3.845918e-03  4.438615e+03
4.315191e-03  2.864678e+03
4.841724e-03  1.834593e+03
5.432503e-03  1.166294e+03
6.095369e-03  7.360671e+02
6.839116e-03  4.612149e+02
7.762471e-03  2.737224e+02
8.810489e-03  1.611827e+02
1.000000e-02  9.418800e+01
1.122018e-02  5.738183e+01
1.273503e-02  3.301973e+01
1.445440e-02  1.886128e+01
1.640590e-02  1.069791e+01
1.905461e-02  5.430205e+00
2.238721e-02  2.596260e+00
2.660725e-02  1.168561e+00
3.054921e-02  6.134463e-01
3.758374e-02  2.300226e-01
7.161434e-02  1.073314e-02
9.015711e-02  3.616379e-03
1.071519e-01  1.609920e-03
1.258925e-01  7.618992e-04
1.462177e-01  3.827013e-04
1.640590e-01  2.268828e-04
1.819701e-01  1.426584e-04
2.018366e-01  9.035052e-05
2.213095e-01  6.062227e-05
2.398833e-01  4.303193e-05
2.630268e-01  2.931091e-05
2.884032e-01  2.011944e-05
3.162278e-01  1.391356e-05
3.467369e-01  9.694906e-06
3.801894e-01  6.808852e-06
4.216965e-01  4.616057e-06
4.570882e-01  3.436829e-06
4.897788e-01  2.685906e-06
5.248075e-01  2.113873e-06
5.623413e-01  1.674871e-06
6.095369e-01  1.286653e-06
6.531306e-01  1.033018e-06
6.998420e-01  8.348917e-07
7.413102e-01  7.029680e-07
7.943282e-01  5.759477e-07
8.511380e-01  4.751656e-07
9.440609e-01  3.598606e-07
9.885531e-01  3.201096e-07
1.023293e+00  2.948244e-07
1.071519e+00  2.659266e-07
1.122018e+00  2.414054e-07
1.188502e+00  2.155382e-07
1.273503e+00  1.897270e-07
1.380384e+00  1.647414e-07
1.513561e+00  1.409523e-07
1.883649e+00  9.605057e-08
2.113489e+00  7.898420e-08
2.371374e+00  6.541826e-08
2.691535e+00  5.356522e-08
3.126079e+00  4.263824e-08
3.630781e+00  3.418181e-08
4.216965e+00  2.760423e-08
4.954502e+00  2.209447e-08
5.888437e+00  1.754168e-08
7.079458e+00  1.382472e-08
8.511380e+00  1.097426e-08
1.035142e+01  8.652069e-09
1.258925e+01  6.862459e-09
1.621810e+01  5.127723e-09
2.113489e+01  3.811997e-09
2.884032e+01  2.714388e-09
4.073803e+01  1.877189e-09
5.888437e+01  1.275537e-09
9.225714e+01  8.023730e-10
1.798871e+02  4.062010e-10
3.589219e+02  2.021840e-10
1.428894e+03  5.052950e-11
1.000000e+05  7.207000e-13
-1  -1
1.084400e-04  0.000000e+00
1.084400e-04  7.348500e+04
1.104000e-04  6.963620e+04
1.122018e-04  6.683659e+04
1.140000e-04  6.468300e+04
1.163000e-04  6.261220e+04
1.180000e-04  6.146500e+04
1.205000e-04  6.025340e+04
1.230269e-04  5.946770e+04
1.258925e-04  5.896344e+04
1.300000e-04  5.874800e+04
1.350000e-04  5.900660e+04
1.430000e-04  6.002260e+04
1.566751e-04  6.195565e+04
1.659587e-04  6.277894e+04
1.737801e-04  6.307040e+04
1.820000e-04  6.300040e+04
1.927525e-04  6.243067e+04
2.041738e-04  6.141555e+04
2.187762e-04  5.978827e+04
2.371374e-04  5.752440e+04
2.570396e-04  5.495034e+04
2.754229e-04  5.249998e+04
2.951209e-04  4.983655e+04
3.200000e-04  4.651640e+04
3.507519e-04  4.267286e+04
3.890451e-04  3.844260e+04
4.265795e-04  3.482508e+04
4.700000e-04  3.116360e+04
5.308844e-04  2.688016e+04
6.095369e-04  2.256237e+04
6.918310e-04  1.906386e+04
8.128305e-04  1.526487e+04
9.500000e-04  1.221704e+04
1.135011e-03  9.405953e+03
1.380384e-03  6.995661e+03
1.678804e-03  5.160779e+03
2.041738e-03  3.776483e+03
2.454709e-03  2.793474e+03
2.951209e-03  2.050817e+03
3.548134e-03  1.494278e+03
4.265795e-03  1.080739e+03
5.128614e-03  7.759953e+02
6.165950e-03  5.529983e+02
7.498942e-03  3.828157e+02
9.120108e-03  2.630164e+02
1.109175e-02  1.793333e+02
1.348963e-02  1.213161e+02
1.640590e-02  8.141798e+01
1.972423e-02  5.551895e+01
2.371374e-02  3.756668e+01
2.851018e-02  2.522115e+01
3.388442e-02  1.723211e+01
4.073803e-02  1.138984e+01
4.897788e-02  7.469887e+00
5.888437e-02  4.861965e+00
7.079458e-02  3.140682e+00
8.317638e-02  2.128547e+00
1.011580e-01  1.315033e+00
1.273503e-01  7.400487e-01
1.603245e-01  4.136874e-01
2.511886e-01  1.322579e-01
3.126079e-01  7.638406e-02
3.715352e-01  4.985139e-02
4.315191e-01  3.468524e-02
4.954502e-01  2.499279e-02
5.623413e-01  1.863023e-02
6.309573e-01  1.435248e-02
7.161434e-01  1.085062e-02
8.128305e-01  8.264671e-03
9.120108e-01  6.494399e-03
1.011579e+00  5.264430e-03
1.174898e+00  3.921299e-03
1.318257e+00  3.146720e-03
1.496236e+00  2.489547e-03
1.698244e+00  1.987262e-03
1.972423e+00  1.535641e-03
2.213095e+00  1.266665e-03
2.511886e+00  1.032924e-03
2.884032e+00  8.336021e-04
3.349654e+00  6.656766e-04
3.890451e+00  5.355015e-04
4.570882e+00  4.269739e-04
5.370318e+00  3.429897e-04
6.382635e+00  2.732848e-04
7.762471e+00  2.129693e-04
9.332543e+00  1.696507e-04
1.188502e+01  1.270228e-04
1.548817e+01  9.351375e-05
2.000000e+01  7.013700e-05
2.660725e+01  5.126252e-05
3.672823e+01  3.625848e-05
5.432503e+01  2.400633e-05
8.609938e+01  1.490466e-05
1.717908e+02  7.365436e-06
3.427678e+02  3.665016e-06
1.364583e+03  9.157453e-07
4.315191e+04  2.890199e-08
1.000000e+05  1.247200e-08
-1  -1
7.334000e-05  0.000000e+00
7.334000e-05  1.249450e+06
7.380000e-05  1.280046e+06
7.420000e-05  1.300544e+06
7.480000e-05  1.323082e+06
7.550000e-05  1.338424e+06
7.620000e-05  1.345438e+06
7.700000e-05  1.344902e+06
7.810000e-05  1.333252e+06
7.920000e-05  1.313240e+06
8.035261e-05  1.285653e+06
8.171000e-05  1.247137e+06
8.350000e-05  1.190300e+06
8.511380e-05  1.136106e+06
8.730000e-05  1.061306e+06
9.000000e-05  9.702340e+05
9.300000e-05  8.739960e+05
9.660509e-05  7.680664e+05
1.011579e-04  6.513696e+05
1.083927e-04  5.038000e+05
1.220000e-04  3.231340e+05
1.303167e-04  2.536914e+05
1.396368e-04  1.982636e+05
1.480000e-04  1.621138e+05
1.566751e-04  1.340231e+05
1.650000e-04  1.135446e+05
1.732100e-04  9.789346e+04
1.800000e-04  8.753140e+04
1.883649e-04  7.722739e+04
1.950000e-04  7.057140e+04
2.018366e-04  6.481841e+04
2.089296e-04  5.980091e+04
2.187762e-04  5.408811e+04
2.290868e-04  4.929364e+04
2.400000e-04  4.520540e+04
2.511886e-04  4.180907e+04
2.630268e-04  3.887779e+04
2.754229e-04  3.636588e+04
2.917427e-04  3.370752e+04
3.100000e-04  3.136000e+04
3.311311e-04  2.920335e+04
3.600000e-04  2.688500e+04
4.120975e-04  2.375255e+04
5.500000e-04  1.836244e+04
6.309573e-04  1.614499e+04
7.244360e-04  1.407445e+04
8.222426e-04  1.232839e+04
9.332543e-04  1.071893e+04
1.059254e-03  9.258417e+03
1.202264e-03  7.938459e+03
1.364583e-03  6.760889e+03
1.548817e-03  5.716477e+03
1.737801e-03  4.878291e+03
1.972423e-03  4.069406e+03
2.238721e-03  3.369553e+03
2.540973e-03  2.769449e+03
2.884032e-03  2.259065e+03
3.273407e-03  1.829024e+03
3.715352e-03  1.469906e+03
4.216965e-03  1.172623e+03
4.786301e-03  9.286537e+02
5.432503e-03  7.301506e+02
6.165950e-03  5.699818e+02
7.000000e-03  4.416000e+02
8.000000e-03  3.350360e+02
9.120108e-03  2.535764e+02
1.035142e-02  1.923958e+02
1.174898e-02  1.449742e+02
1.333521e-02  1.085011e+02
1.531087e-02  7.848889e+01
1.757924e-02  5.633114e+01
2.018366e-02  4.011936e+01
2.317395e-02  2.835662e+01
2.660725e-02  1.989861e+01
3.090295e-02  1.345219e+01
3.589219e-02  9.024327e+00
4.120975e-02  6.222437e+00
4.786301e-02  4.122556e+00
5.623413e-02  2.624898e+00
6.918310e-02  1.456272e+00
8.709636e-02  7.501835e-01
1.135011e-01  3.470401e-01
1.737801e-01  1.000438e-01
2.187762e-01  5.141231e-02
2.600160e-01  3.141002e-02
3.054921e-01  1.997464e-02
3.507519e-01  1.364413e-02
4.000000e-01  9.561700e-03
4.518559e-01  6.922355e-03
5.069907e-01  5.136568e-03
5.688529e-01  3.838716e-03
6.309573e-01  2.973143e-03
6.998420e-01  2.318014e-03
7.762471e-01  1.819329e-03
8.709636e-01  1.397715e-03
9.440609e-01  1.170182e-03
1.011579e+00  1.011563e-03
1.109175e+00  8.395718e-04
1.230269e+00  6.860629e-04
1.364583e+00  5.654205e-04
1.584893e+00  4.319212e-04
1.840772e+00  3.323984e-04
2.113489e+00  2.628550e-04
2.371374e+00  2.177084e-04
2.691535e+00  1.782628e-04
3.126079e+00  1.418989e-04
3.630781e+00  1.137564e-04
4.216965e+00  9.186572e-05
4.954502e+00  7.352874e-05
5.888437e+00  5.837884e-05
7.079458e+00  4.600934e-05
8.511380e+00  3.652046e-05
1.035142e+01  2.879364e-05
1.258925e+01  2.283818e-05
1.621810e+01  1.706550e-05
2.113489e+01  1.268629e-05
2.917427e+01  8.921785e-06
4.168694e+01  6.096961e-06
6.095369e+01  4.095198e-06
9.549926e+01  2.577491e-06
1.819701e+02  1.336179e-06
3.630781e+02  6.651132e-07
1.445440e+03  1.662368e-07
1.000000e+05  2.398500e-09
-1  -1
5.774000e-05  0.000000e+00
5.774000e-05  3.111804e+06
5.830000e-05  3.123224e+06
5.890000e-05  3.113928e+06
5.970000e-05  3.075856e+06
6.070000e-05  3.001452e+06
6.180000e-05  2.899728e+06
6.309573e-05  2.765953e+06
6.456542e-05  2.607665e+06
6.650000e-05  2.400284e+06
6.900000e-05  2.146528e+06
7.161434e-05  1.905359e+06
7.500000e-05  1.632460e+06
8.912509e-05  8.971169e+05
9.440609e-05  7.394918e+05
9.900000e-05  6.346360e+05
1.040000e-04  5.456600e+05
1.083927e-04  4.837479e+05
1.135011e-04  4.261132e+05
1.188502e-04  3.782916e+05
1.244515e-04  3.385146e+05
1.303167e-04  3.053494e+05
1.364583e-04  2.776359e+05
1.428894e-04  2.544347e+05
1.496236e-04  2.349730e+05
1.566751e-04  2.185842e+05
1.650000e-04  2.030996e+05
1.737801e-04  1.900133e+05
1.850000e-04  1.766328e+05
2.000000e-04  1.625468e+05
2.238721e-04  1.454118e+05
3.100000e-04  1.068268e+05
3.589219e-04  9.230256e+04
4.073803e-04  8.079056e+04
4.623810e-04  7.019666e+04
5.308844e-04  5.973026e+04
6.095369e-04  5.043302e+04
7.000000e-04  4.220800e+04
8.128305e-04  3.454530e+04
9.332543e-04  2.848033e+04
1.071519e-03  2.332837e+04
1.230269e-03  1.897435e+04
1.412538e-03  1.533187e+04
1.621810e-03  1.229985e+04
1.862087e-03  9.799770e+03
2.137962e-03  7.747582e+03
2.454709e-03  6.078993e+03
2.818383e-03  4.732720e+03
3.198895e-03  3.735842e+03
3.630781e-03  2.928895e+03
4.120975e-03  2.280625e+03
4.677351e-03  1.763673e+03
5.308844e-03  1.354578e+03
6.025596e-03  1.033301e+03
6.839116e-03  7.829284e+02
7.762471e-03  5.891046e+02
8.810489e-03  4.402271e+02
1.000000e-02  3.267552e+02
1.135011e-02  2.408632e+02
1.288250e-02  1.763318e+02
1.462177e-02  1.282098e+02
1.659587e-02  9.258598e+01
1.905461e-02  6.442268e+01
2.162719e-02  4.587492e+01
2.483133e-02  3.143191e+01
2.851018e-02  2.137594e+01
3.311311e-02  1.396662e+01
3.845918e-02  9.054225e+00
4.466836e-02  5.824907e+00
5.248075e-02  3.594242e+00
6.165950e-02  2.201752e+00
7.413102e-02  1.247347e+00
9.332543e-02  6.077831e-01
1.717908e-01  8.853123e-02
2.113489e-01  4.631339e-02
2.483133e-01  2.816242e-02
2.851018e-01  1.851000e-02
3.235937e-01  1.268350e-02
3.672823e-01  8.756395e-03
4.120975e-01  6.298925e-03
4.570882e-01  4.714503e-03
5.069907e-01  3.552398e-03
5.623413e-01  2.695948e-03
6.165950e-01  2.123110e-03
6.839117e-01  1.635131e-03
7.585776e-01  1.269160e-03
8.609938e-01  9.378945e-04
9.225714e-01  7.999239e-04
9.772372e-01  7.044851e-04
1.047129e+00  6.094321e-04
1.135011e+00  5.180511e-04
1.244515e+00  4.334832e-04
1.380384e+00  3.579995e-04
1.678804e+00  2.526585e-04
1.949845e+00  1.949912e-04
2.187762e+00  1.607212e-04
2.483133e+00  1.309691e-04
2.851018e+00  1.056288e-04
3.349654e+00  8.288122e-05
3.890451e+00  6.667342e-05
4.570882e+00  5.316161e-05
5.370318e+00  4.270450e-05
6.382635e+00  3.402536e-05
7.762471e+00  2.651505e-05
9.332543e+00  2.112319e-05
1.200000e+01  1.563700e-05
1.566751e+01  1.149128e-05
2.018366e+01  8.644195e-06
2.691535e+01  6.303179e-06
3.715352e+01  4.459589e-06
5.495409e+01  2.953264e-06
8.709636e+01  1.833919e-06
1.717908e+02  9.170336e-07
3.427678e+02  4.563125e-07
1.364583e+03  1.140110e-07
4.315191e+04  3.598533e-09
1.000000e+05  1.552900e-09
-1  -1
1.102000e-05  0.000000e+00
1.102000e-05  4.535676e+06
1.135011e-05  4.629273e+06
1.180000e-05  4.795272e+06
1.230269e-05  5.024144e+06
1.288250e-05  5.331032e+06
1.370000e-05  5.818932e+06
1.500000e-05  6.691068e+06
1.862087e-05  9.416366e+06
2.041738e-05  1.083034e+07
2.190000e-05  1.197626e+07
2.317395e-05  1.291403e+07
2.426610e-05  1.365886e+07
2.540973e-05  1.436092e+07
2.660725e-05  1.499190e+07
2.770000e-05  1.545314e+07
2.851018e-05  1.571291e+07
2.951209e-05  1.592939e+07
3.054921e-05  1.602968e+07
3.162278e-05  1.600461e+07
3.260000e-05  1.587352e+07
3.350000e-05  1.566522e+07
3.450000e-05  1.534860e+07
3.548134e-05  1.496123e+07
3.650000e-05  1.449299e+07
3.770000e-05  1.387616e+07
3.900000e-05  1.315613e+07
4.027170e-05  1.242542e+07
4.168694e-05  1.160625e+07
4.315191e-05  1.077233e+07
4.500000e-05  9.765036e+06
4.677351e-05  8.863624e+06
4.900000e-05  7.836336e+06
5.150000e-05  6.821784e+06
5.432503e-05  5.838059e+06
5.754399e-05  4.902073e+06
6.095369e-05  4.089840e+06
6.456542e-05  3.389351e+06
6.839116e-05  2.789473e+06
7.244360e-05  2.279466e+06
7.673615e-05  1.848019e+06
8.128305e-05  1.486191e+06
8.511380e-05  1.241264e+06
9.000000e-05  9.907884e+05
9.549926e-05  7.736009e+05
1.011579e-04  6.040015e+05
1.071519e-04  4.682998e+05
1.135011e-04  3.609860e+05
1.216186e-04  2.622150e+05
1.330000e-04  1.718608e+05
1.480000e-04  1.034003e+05
1.560000e-04  8.097480e+04
1.621810e-04  6.805736e+04
1.678804e-04  5.874026e+04
1.720000e-04  5.325084e+04
1.760000e-04  4.875588e+04
1.800000e-04  4.496652e+04
1.844600e-04  4.144774e+04
1.890000e-04  3.851028e+04
1.930000e-04  3.637692e+04
1.972423e-04  3.450933e+04
2.018366e-04  3.287733e+04
2.065380e-04  3.156058e+04
2.113489e-04  3.052003e+04
2.162719e-04  2.972042e+04
2.213095e-04  2.913159e+04
2.264644e-04  2.872731e+04
2.330000e-04  2.844479e+04
2.400000e-04  2.835860e+04
2.483133e-04  2.846893e+04
2.580000e-04  2.879867e+04
2.730000e-04  2.952724e+04
3.090295e-04  3.141584e+04
3.305660e-04  3.226734e+04
3.507519e-04  3.280873e+04
3.715352e-04  3.312713e+04
3.935501e-04  3.323151e+04
4.168694e-04  3.309834e+04
4.415704e-04  3.274421e+04
4.677351e-04  3.219125e+04
5.000000e-04  3.132594e+04
5.308844e-04  3.037191e+04
5.688529e-04  2.909105e+04
6.095369e-04  2.765056e+04
6.531306e-04  2.608772e+04
7.000000e-04  2.444170e+04
7.498942e-04  2.276906e+04
8.128305e-04  2.079764e+04
8.810489e-04  1.885046e+04
9.549926e-04  1.696919e+04
1.035142e-03  1.517414e+04
1.122018e-03  1.347911e+04
1.224700e-03  1.176521e+04
1.333521e-03  1.023571e+04
1.462177e-03  8.737463e+03
1.603245e-03  7.403351e+03
1.757924e-03  6.226643e+03
1.927525e-03  5.198624e+03
2.113489e-03  4.309042e+03
2.317395e-03  3.546503e+03
2.540973e-03  2.898862e+03
2.786121e-03  2.353609e+03
3.054921e-03  1.898414e+03
3.388442e-03  1.479309e+03
3.758374e-03  1.143733e+03
4.168694e-03  8.776356e+02
4.623810e-03  6.685255e+02
5.188000e-03  4.900379e+02
5.754399e-03  3.677112e+02
6.456542e-03  2.650726e+02
7.161434e-03  1.961010e+02
8.035261e-03  1.392463e+02
9.015711e-03  9.814159e+01
1.011579e-02  6.865194e+01
1.135011e-02  4.766789e+01
1.273503e-02  3.284936e+01
1.428894e-02  2.247967e+01
1.621810e-02  1.470038e+01
1.840772e-02  9.541835e+00
2.089296e-02  6.149195e+00
2.398833e-02  3.778163e+00
2.754229e-02  2.304339e+00
3.198895e-02  1.338456e+00
3.758374e-02  7.397367e-01
4.466836e-02  3.889118e-01
5.370318e-02  1.944579e-01
6.998420e-02  7.111270e-02
1.135011e-01  1.125345e-02
1.412538e-01  4.917837e-03
1.698244e-01  2.465381e-03
1.972423e-01  1.416542e-03
2.238721e-01  8.926903e-04
2.540973e-01  5.664783e-04
2.884032e-01  3.621539e-04
3.273407e-01  2.333241e-04
3.672823e-01  1.576497e-04
4.073803e-01  1.115508e-04
4.518559e-01  7.949859e-05
5.011872e-01  5.708420e-05
5.495409e-01  4.280291e-05
6.025596e-01  3.232402e-05
6.606935e-01  2.463073e-05
7.244360e-01  1.891249e-05
8.709636e-01  1.129212e-05
9.225714e-01  9.675701e-06
9.660509e-01  8.601589e-06
1.011579e+00  7.695990e-06
1.059254e+00  6.934642e-06
1.109175e+00  6.290041e-06
1.174898e+00  5.610945e-06
1.258925e+00  4.934187e-06
1.364583e+00  4.275458e-06
1.531087e+00  3.508639e-06
1.862087e+00  2.488898e-06
2.089296e+00  2.045493e-06
2.344229e+00  1.693039e-06
2.660725e+00  1.385381e-06
3.090295e+00  1.102152e-06
3.589219e+00  8.830317e-07
4.168694e+00  7.127091e-07
4.897788e+00  5.701406e-07
5.821032e+00  4.524382e-07
7.000000e+00  3.563100e-07
8.413951e+00  2.827720e-07
1.023293e+01  2.228531e-07
1.258925e+01  1.743329e-07
1.640590e+01  1.285721e-07
2.162719e+01  9.440738e-08
3.000000e+01  6.608700e-08
4.315191e+01  4.487369e-08
6.456542e+01  2.944676e-08
1.000000e+02  1.877100e-08
1.905461e+02  9.734824e-09
3.801894e+02  4.847331e-09
1.513561e+03  1.211729e-09
1.000000e+05  1.830900e-11
-1  -1
9.540000e-06  0.000000e+00
9.540000e-06  7.965002e+06
1.000000e-05  8.354556e+06
1.059254e-05  8.923701e+06
1.150000e-05  9.889776e+06
1.462177e-05  1.349286e+07
1.659587e-05  1.578771e+07
1.850000e-05  1.794290e+07
2.018366e-05  1.974984e+07
2.162719e-05  2.117561e+07
2.290868e-05  2.229578e+07
2.400000e-05  2.310957e+07
2.511886e-05  2.378726e+07
2.610000e-05  2.423309e+07
2.691535e-05  2.448636e+07
2.800000e-05  2.464765e+07
2.900000e-05  2.462135e+07
3.000000e-05  2.442604e+07
3.090295e-05  2.411494e+07
3.198895e-05  2.358962e+07
3.311311e-05  2.289554e+07
3.427678e-05  2.204425e+07
3.548134e-05  2.105472e+07
3.672823e-05  1.995435e+07
3.801894e-05  1.877523e+07
3.950000e-05  1.741630e+07
4.073803e-05  1.630092e+07
4.220000e-05  1.502966e+07
4.400000e-05  1.355773e+07
4.623810e-05  1.189885e+07
4.841724e-05  1.047197e+07
5.069907e-05  9.163796e+06
5.370318e-05  7.702131e+06
5.688529e-05  6.431326e+06
6.025596e-05  5.334723e+06
6.400000e-05  4.354614e+06
6.800000e-05  3.524105e+06
7.161434e-05  2.921512e+06
7.585776e-05  2.354112e+06
8.000000e-05  1.914781e+06
8.413951e-05  1.563220e+06
8.912509e-05  1.230861e+06
9.332543e-05  1.010875e+06
9.900000e-05  7.795710e+05
1.047129e-04  6.051412e+05
1.109175e-04  4.636491e+05
1.202264e-04  3.168025e+05
1.380384e-04  1.634118e+05
1.450000e-04  1.297172e+05
1.500000e-04  1.111984e+05
1.548817e-04  9.667272e+04
1.600000e-04  8.446734e+04
1.640590e-04  7.660337e+04
1.678804e-04  7.042748e+04
1.720000e-04  6.489396e+04
1.760000e-04  6.045894e+04
1.800000e-04  5.680260e+04
1.840772e-04  5.375957e+04
1.883649e-04  5.119270e+04
1.927525e-04  4.912570e+04
1.972423e-04  4.749055e+04
2.018366e-04  4.623215e+04
2.065380e-04  4.530870e+04
2.113489e-04  4.467853e+04
2.162719e-04  4.429410e+04
2.230000e-04  4.409451e+04
2.300000e-04  4.419830e+04
2.400000e-04  4.471913e+04
2.511886e-04  4.559358e+04
2.884032e-04  4.892068e+04
3.054921e-04  5.011260e+04
3.235937e-04  5.100175e+04
3.427678e-04  5.157326e+04
3.630781e-04  5.181416e+04
3.845918e-04  5.171776e+04
4.073803e-04  5.126795e+04
4.315191e-04  5.046342e+04
4.570882e-04  4.936872e+04
4.841724e-04  4.801638e+04
5.188000e-04  4.610776e+04
5.559043e-04  4.394141e+04
5.956621e-04  4.157110e+04
6.382635e-04  3.905150e+04
6.839116e-04  3.644422e+04
7.413102e-04  3.336561e+04
8.035261e-04  3.030867e+04
8.709636e-04  2.732631e+04
9.549926e-04  2.408227e+04
1.035142e-03  2.141447e+04
1.122018e-03  1.891843e+04
1.216186e-03  1.660852e+04
1.333521e-03  1.420526e+04
1.462177e-03  1.205619e+04
1.603245e-03  1.015798e+04
1.757924e-03  8.496582e+03
1.927525e-03  7.055741e+03
2.113489e-03  5.817787e+03
2.317395e-03  4.763741e+03
2.540973e-03  3.874124e+03
2.786121e-03  3.129629e+03
3.090295e-03  2.443041e+03
3.427678e-03  1.892278e+03
3.758374e-03  1.497921e+03
4.073803e-03  1.213464e+03
4.466836e-03  9.463360e+02
5.011872e-03  6.880171e+02
5.623413e-03  4.976186e+02
6.237348e-03  3.692582e+02
6.918310e-03  2.720619e+02
7.673615e-03  1.991287e+02
8.609938e-03  1.397443e+02
9.660509e-03  9.731993e+01
1.083927e-02  6.725699e+01
1.202264e-02  4.791389e+01
1.348963e-02  3.263558e+01
1.513561e-02  2.207458e+01
1.717908e-02  1.425051e+01
1.949845e-02  9.129390e+00
2.213095e-02  5.805155e+00
2.540973e-02  3.514704e+00
2.917427e-02  2.111949e+00
3.388442e-02  1.206576e+00
3.981072e-02  6.549843e-01
4.731513e-02  3.377460e-01
5.623413e-02  1.729020e-01
7.413102e-02  5.867447e-02
1.122019e-01  1.155971e-02
1.364583e-01  5.401164e-03
1.621810e-01  2.779842e-03
1.862087e-01  1.645445e-03
2.089296e-01  1.070112e-03
2.344229e-01  7.011209e-04
2.600160e-01  4.823964e-04
2.884032e-01  3.341787e-04
3.198895e-01  2.331778e-04
3.507519e-01  1.704617e-04
3.845918e-01  1.254573e-04
4.216965e-01  9.300805e-05
4.623810e-01  6.947831e-05
5.011872e-01  5.417675e-05
5.432503e-01  4.251018e-05
5.888437e-01  3.357244e-05
6.382635e-01  2.670557e-05
6.918310e-01  2.139018e-05
7.498942e-01  1.724438e-05
8.609938e-01  1.202834e-05
9.120108e-01  1.041282e-05
9.660509e-01  9.076545e-06
1.011579e+00  8.180739e-06
1.071519e+00  7.232908e-06
1.148154e+00  6.287487e-06
1.230269e+00  5.504486e-06
1.333521e+00  4.747389e-06
1.798871e+00  2.803363e-06
2.065380e+00  2.212896e-06
2.317395e+00  1.830255e-06
2.630268e+00  1.496677e-06
3.054921e+00  1.190055e-06
3.548134e+00  9.528946e-07
4.120975e+00  7.686739e-07
4.841724e+00  6.145773e-07
5.754399e+00  4.874489e-07
6.918310e+00  3.838060e-07
8.317638e+00  3.043724e-07
1.011579e+01  2.397699e-07
1.244515e+01  1.874962e-07
1.603245e+01  1.400571e-07
2.089296e+01  1.040856e-07
2.851018e+01  7.409033e-08
4.027170e+01  5.122723e-08
5.888437e+01  3.438531e-08
9.120108e+01  2.188707e-08
1.798871e+02  1.095049e-08
3.589219e+02  5.450552e-09
1.428894e+03  1.362182e-09
1.000000e+05  1.942900e-11
-1  -1
8.070000e-06  0.000000e+00
8.070000e-06  3.877410e+06
8.511380e-06  3.154111e+06
9.700000e-06  1.873040e+06
1.109175e-05  1.088214e+06
1.258925e-05  6.461788e+05
1.428894e-05  3.807619e+05
1.972423e-05  9.706282e+04
2.137962e-05  6.935376e+04
2.270000e-05  5.436990e+04
2.388200e-05  4.452480e+04
2.500000e-05  3.744690e+04
2.610000e-05  3.205370e+04
2.691535e-05  2.883483e+04
2.786121e-05  2.575876e+04
2.884032e-05  2.317427e+04
2.985383e-05  2.101045e+04
3.080000e-05  1.936610e+04
3.162278e-05  1.817595e+04
3.260000e-05  1.700000e+04
3.350000e-05  1.610550e+04
3.450000e-05  1.528480e+04
3.548134e-05  1.462487e+04
3.672823e-05  1.395291e+04
3.801894e-05  1.341202e+04
3.950000e-05  1.293910e+04
4.073803e-05  1.263635e+04
4.220000e-05  1.236110e+04
4.415704e-05  1.209628e+04
4.677351e-05  1.186797e+04
5.011872e-05  1.169665e+04
6.165950e-05  1.136014e+04
6.760830e-05  1.114113e+04
7.328245e-05  1.087519e+04
7.852356e-05  1.058386e+04
8.413951e-05  1.023222e+04
9.015711e-05  9.830981e+03
9.660509e-05  9.386855e+03
1.040000e-04  8.875530e+03
1.135011e-04  8.237462e+03
1.244515e-04  7.556129e+03
1.364583e-04  6.883175e+03
1.548817e-04  6.004947e+03
1.778279e-04  5.132426e+03
3.126079e-04  2.645328e+03
3.589219e-04  2.229754e+03
4.027170e-04  1.920521e+03
4.623810e-04  1.587326e+03
5.821032e-04  1.142607e+03
7.413102e-04  8.072375e+02
8.413951e-04  6.688261e+02
1.059254e-03  4.696490e+02
1.380384e-03  3.109919e+02
1.678804e-03  2.277843e+02
2.065380e-03  1.625801e+02
2.511886e-03  1.173804e+02
3.054921e-03  8.412601e+01
4.466836e-03  4.335812e+01
5.011872e-03  3.521969e+01
5.754399e-03  2.723377e+01
7.413102e-03  1.692078e+01
9.015711e-03  1.162740e+01
1.109175e-02  7.752434e+00
1.348963e-02  5.245356e+00
1.621810e-02  3.605217e+00
1.949845e-02  2.459843e+00
2.344229e-02  1.665421e+00
2.818383e-02  1.118726e+00
3.349654e-02  7.647967e-01
3.981072e-02  5.191221e-01
4.731513e-02  3.498183e-01
5.623413e-02  2.339592e-01
6.760830e-02  1.511494e-01
8.128305e-02  9.691812e-02
9.885531e-02  5.990799e-02
1.244515e-01  3.374495e-02
1.584893e-01  1.833902e-02
2.483133e-01  5.862606e-03
3.090295e-01  3.385116e-03
3.672823e-01  2.208627e-03
4.265795e-01  1.536152e-03
4.897788e-01  1.106511e-03
5.559043e-01  8.245855e-04
6.237348e-01  6.350873e-04
7.079458e-01  4.800823e-04
8.035261e-01  3.657359e-04
9.015711e-01  2.874631e-04
1.000000e+00  2.330900e-04
1.188502e+00  1.659597e-04
1.318257e+00  1.361344e-04
1.496236e+00  1.077206e-04
1.698244e+00  8.599548e-05
1.972423e+00  6.645049e-05
2.213095e+00  5.480578e-05
2.511886e+00  4.469225e-05
2.884032e+00  3.607060e-05
3.388442e+00  2.831949e-05
3.935501e+00  2.279443e-05
4.623810e+00  1.818515e-05
5.495409e+00  1.439238e-05
6.531306e+00  1.147865e-05
7.943282e+00  8.953486e-06
9.549926e+00  7.138957e-06
1.216186e+01  5.349858e-06
1.584893e+01  3.941610e-06
2.041738e+01  2.966028e-06
2.754229e+01  2.136530e-06
3.801894e+01  1.512438e-06
5.623413e+01  1.002056e-06
8.810489e+01  6.298769e-07
1.757924e+02  3.113612e-07
3.507519e+02  1.549570e-07
1.396368e+03  3.872181e-08
4.415704e+04  1.222179e-09
1.000000e+05  5.396800e-10
-1  -1
-2  0.0
-2  -2
