1.192000e-01  0.000000e+00
1.192000e-01  1.329684e+03
1.218000e-01  1.263312e+03
1.225000e-01  1.242390e+03
1.250000e-01  1.186258e+03
1.288250e-01  1.097106e+03
1.333521e-01  1.010531e+03
2.576800e-01  1.916363e+02
3.090295e-01  1.219317e+02
3.630781e-01  8.224351e+01
4.120975e-01  6.073332e+01
4.731513e-01  4.398077e+01
5.432503e-01  3.209575e+01
6.095369e-01  2.484285e+01
6.918310e-01  1.888870e+01
7.943282e-01  1.411471e+01
9.332543e-01  1.013681e+01
1.035142e+00  8.245902e+00
1.230269e+00  5.885824e+00
1.380384e+00  4.735474e+00
1.548817e+00  3.835082e+00
1.757924e+00  3.064752e+00
2.044000e+00  2.366163e+00
2.317395e+00  1.921364e+00
2.660725e+00  1.540158e+00
3.090295e+00  1.222014e+00
3.589219e+00  9.765372e-01
4.168694e+00  7.862095e-01
4.897788e+00  6.273649e-01
5.821032e+00  4.963942e-01
6.918310e+00  3.957383e-01
8.413951e+00  3.086098e-01
1.011579e+01  2.459521e-01
1.244515e+01  1.918661e-01
1.566751e+01  1.467579e-01
2.065380e+01  1.073600e-01
2.600160e+01  8.324042e-02
3.589219e+01  5.873983e-02
5.188000e+01  3.976411e-02
8.222427e+01  2.463496e-02
1.531087e+02  1.303287e-02
3.054921e+02  6.476800e-03
6.095369e+02  3.231786e-03
4.841724e+03  4.053452e-04
1.000000e+05  1.961400e-05
-1  -1
2.244000e-02  0.000000e+00
2.244000e-02  4.563374e+03
2.265000e-02  4.470631e+03
2.344229e-02  4.218230e+03
2.380000e-02  4.118320e+03
2.450000e-02  3.904520e+03
2.570396e-02  3.608495e+03
2.722701e-02  3.248228e+03
3.070000e-02  2.618660e+03
3.311311e-02  2.274582e+03
3.589219e-02  1.947692e+03
4.415704e-02  1.291029e+03
5.128614e-02  9.467460e+02
5.688529e-02  7.610525e+02
6.839116e-02  5.101203e+02
8.222426e-02  3.378784e+02
9.885531e-02  2.215277e+02
1.202264e-01  1.400962e+02
1.496236e-01  8.320389e+01
2.722701e-01  1.963615e+01
3.388442e-01  1.166974e+01
4.027170e-01  7.791571e+00
4.731513e-01  5.386537e+00
5.495409e-01  3.850980e+00
6.309573e-01  2.845181e+00
7.244360e-01  2.117493e+00
8.413951e-01  1.549682e+00
9.549926e-01  1.198179e+00
1.148154e+00  8.335855e-01
1.288250e+00  6.678418e-01
1.462177e+00  5.273475e-01
1.640590e+00  4.285531e-01
1.883649e+00  3.367726e-01
2.162719e+00  2.665393e-01
2.454709e+00  2.167293e-01
2.818383e+00  1.742803e-01
3.311311e+00  1.362770e-01
3.845918e+00  1.092774e-01
4.466836e+00  8.827345e-02
5.308844e+00  6.955847e-02
6.309573e+00  5.523377e-02
7.585776e+00  4.353940e-02
9.225714e+00  3.407408e-02
1.148154e+01  2.613576e-02
1.445440e+01  1.993799e-02
1.800000e+01  1.551300e-02
2.400000e+01  1.124800e-02
3.349654e+01  7.830897e-03
4.786301e+01  5.357581e-03
7.498942e+01  3.354105e-03
1.333521e+02  1.857389e-03
2.570396e+02  9.543421e-04
5.128614e+02  4.758826e-04
4.073803e+03  5.964041e-05
1.000000e+05  2.428100e-06
-1  -1
2.170200e-02  0.000000e+00
2.170200e-02  9.455277e+03
2.200000e-02  9.202900e+03
2.275000e-02  8.512000e+03
2.371374e-02  7.681800e+03
2.454709e-02  7.073200e+03
3.019952e-02  4.197100e+03
3.349654e-02  3.208600e+03
4.120975e-02  1.853500e+03
5.128614e-02  1.023400e+03
6.456542e-02  5.410500e+02
8.128305e-02  2.833900e+02
1.083927e-01  1.252800e+02
1.698244e-01  3.496700e+01
2.137962e-01  1.828800e+01
2.570396e-01  1.096783e+01
3.019952e-01  7.061957e+00
3.507519e-01  4.725926e+00
4.027170e-01  3.286103e+00
4.570882e-01  2.372257e+00
5.188000e-01  1.726114e+00
5.821032e-01  1.302026e+00
6.531306e-01  9.893650e-01
7.328245e-01  7.580815e-01
8.222427e-01  5.851337e-01
9.440609e-01  4.324946e-01
1.022000e+00  3.661197e-01
1.122018e+00  3.034675e-01
1.244515e+00  2.484677e-01
1.396368e+00  2.006673e-01
1.659587e+00  1.472094e-01
1.905461e+00  1.157315e-01
2.162719e+00  9.343853e-02
2.454709e+00  7.599370e-02
2.818383e+00  6.112263e-02
3.311311e+00  4.779992e-02
3.845918e+00  3.833014e-02
4.466836e+00  3.096228e-02
5.308844e+00  2.439753e-02
6.309573e+00  1.937316e-02
7.498942e+00  1.549686e-02
9.120108e+00  1.212292e-02
1.135011e+01  9.294486e-03
1.428894e+01  7.087158e-03
1.800000e+01  5.441100e-03
2.400000e+01  3.945100e-03
3.388442e+01  2.712926e-03
4.841724e+01  1.856546e-03
7.585776e+01  1.162552e-03
1.348963e+02  6.438730e-04
2.600160e+02  3.308698e-04
5.188000e+02  1.649939e-04
4.120975e+03  2.067959e-05
1.000000e+05  8.516500e-07
-1  -1
1.762600e-02  0.000000e+00
1.762600e-02  2.282825e+04
1.790000e-02  2.203060e+04
1.865000e-02  1.973940e+04
1.927525e-02  1.801148e+04
2.018366e-02  1.589171e+04
2.483133e-02  8.879963e+03
2.754229e-02  6.594753e+03
3.311311e-02  3.854602e+03
4.168694e-02  1.941451e+03
5.188000e-02  9.993856e+02
6.382635e-02  5.278219e+02
8.000000e-02  2.610824e+02
1.083927e-01  1.004625e+02
1.603245e-01  2.926764e+01
2.000000e-01  1.467660e+01
2.400000e-01  8.368246e+00
2.800000e-01  5.249656e+00
3.198895e-01  3.533506e+00
3.630781e-01  2.441748e+00
4.073803e-01  1.756487e+00
4.570882e-01  1.272594e+00
5.069907e-01  9.587227e-01
5.623413e-01  7.275784e-01
6.237348e-01  5.558931e-01
6.998420e-01  4.153681e-01
7.762471e-01  3.218973e-01
8.609938e-01  2.513373e-01
9.440609e-01  2.026624e-01
1.000000e+00  1.782991e-01
1.071519e+00  1.542010e-01
1.148154e+00  1.342751e-01
1.250000e+00  1.141295e-01
1.380384e+00  9.514322e-02
1.757924e+00  6.194294e-02
2.018366e+00  4.881465e-02
2.290868e+00  3.953363e-02
2.600160e+00  3.224758e-02
3.000000e+00  2.581600e-02
3.467369e+00  2.074877e-02
4.027170e+00  1.667612e-02
4.731513e+00  1.328504e-02
5.623413e+00  1.049568e-02
6.683439e+00  8.355146e-03
8.035261e+00  6.601665e-03
9.660509e+00  5.252003e-03
1.202264e+01  4.034877e-03
1.513561e+01  3.083190e-03
1.927525e+01  2.341870e-03
2.511886e+01  1.745010e-03
3.507519e+01  1.215457e-03
5.011872e+01  8.324233e-04
7.943282e+01  5.154028e-04
1.428894e+02  2.823063e-04
2.786121e+02  1.434816e-04
5.559043e+02  7.157047e-05
4.415704e+03  8.973183e-06
1.000000e+05  3.959800e-07
-1  -1
5.712200e-03  0.000000e+00
5.712200e-03  1.166110e+04
5.890000e-03  1.117950e+04
6.025596e-03  1.088296e+04
6.500000e-03  9.864300e+03
6.918310e-03  9.030925e+03
7.500000e-03  8.105280e+03
8.128305e-03  7.197862e+03
8.609938e-03  6.579250e+03
9.332543e-03  5.836873e+03
1.000000e-02  5.229920e+03
1.230269e-02  3.715187e+03
1.364583e-02  3.103838e+03
1.584893e-02  2.380677e+03
1.819701e-02  1.845990e+03
2.041738e-02  1.487368e+03
2.454709e-02  1.041453e+03
2.951209e-02  7.210998e+02
3.548134e-02  4.940417e+02
4.216965e-02  3.434078e+02
5.011872e-02  2.366904e+02
5.888437e-02  1.660007e+02
6.918310e-02  1.156481e+02
8.317638e-02  7.591144e+01
1.011580e-01  4.810781e+01
1.273503e-01  2.789457e+01
1.610000e-01  1.589969e+01
2.600160e-01  4.998972e+00
3.198895e-01  3.049377e+00
3.845918e-01  1.978649e+00
4.518559e-01  1.364299e+00
5.188000e-01  9.982820e-01
6.025596e-01  7.173293e-01
6.918310e-01  5.323933e-01
8.000000e-01  3.920707e-01
9.120108e-01  2.994264e-01
1.023293e+00  2.379770e-01
1.216186e+00  1.697980e-01
1.364583e+00  1.364984e-01
1.531087e+00  1.104507e-01
1.737801e+00  8.820175e-02
2.018366e+00  6.817609e-02
2.290868e+00  5.521391e-02
2.600160e+00  4.503830e-02
3.000000e+00  3.605600e-02
3.467369e+00  2.897870e-02
4.027170e+00  2.329052e-02
4.731513e+00  1.855440e-02
5.623413e+00  1.465847e-02
6.683439e+00  1.166932e-02
8.035261e+00  9.220187e-03
9.660509e+00  7.335063e-03
1.202264e+01  5.635199e-03
1.513561e+01  4.306105e-03
1.927525e+01  3.270670e-03
2.511886e+01  2.437175e-03
3.507519e+01  1.697572e-03
5.011872e+01  1.162600e-03
7.943282e+01  7.198292e-04
1.445440e+02  3.896735e-04
2.818383e+02  1.980770e-04
5.623413e+02  9.880659e-05
4.466836e+03  1.238920e-05
1.000000e+05  5.530400e-07
-1  -1
5.365500e-03  0.000000e+00
5.365500e-03  1.871779e+04
5.821032e-03  1.721474e+04
6.095369e-03  1.629974e+04
6.800000e-03  1.420502e+04
7.328245e-03  1.276907e+04
8.222426e-03  1.073853e+04
8.912509e-03  9.457355e+03
9.400000e-03  8.668660e+03
1.109175e-02  6.496375e+03
1.190000e-02  5.705600e+03
1.400000e-02  4.172660e+03
1.513561e-02  3.568025e+03
1.757924e-02  2.615874e+03
1.927525e-02  2.146347e+03
2.213095e-02  1.583100e+03
2.540973e-02  1.155604e+03
2.851018e-02  8.832248e+02
3.273407e-02  6.349008e+02
3.801894e-02  4.400862e+02
4.415704e-02  3.025173e+02
5.188000e-02  2.003609e+02
6.095369e-02  1.316860e+02
7.328245e-02  8.083252e+01
9.015711e-02  4.628900e+01
1.122019e-01  2.550780e+01
2.041738e-01  4.931657e+00
2.540973e-01  2.721494e+00
3.054921e-01  1.661642e+00
3.589219e-01  1.087090e+00
4.120975e-01  7.609552e-01
4.731513e-01  5.368072e-01
5.370318e-01  3.927387e-01
6.025596e-01  2.975923e-01
6.760830e-01  2.270603e-01
7.585776e-01  1.745002e-01
8.609938e-01  1.315545e-01
9.332543e-01  1.105504e-01
1.011579e+00  9.355926e-02
1.135011e+00  7.438181e-02
1.258925e+00  6.089199e-02
1.412538e+00  4.916436e-02
1.640590e+00  3.755793e-02
1.883649e+00  2.950906e-02
2.137962e+00  2.380580e-02
2.426610e+00  1.934559e-02
2.786121e+00  1.554816e-02
3.273407e+00  1.215140e-02
3.801894e+00  9.738426e-03
4.415704e+00  7.862235e-03
5.248075e+00  6.192018e-03
6.237348e+00  4.914362e-03
7.413102e+00  3.929128e-03
9.015711e+00  3.072171e-03
1.122018e+01  2.354569e-03
1.400000e+01  1.813200e-03
1.757924e+01  1.396343e-03
2.344229e+01  1.011675e-03
3.235937e+01  7.122533e-04
4.570882e+01  4.928829e-04
6.998420e+01  3.157476e-04
1.202264e+02  1.809500e-04
2.317395e+02  9.285910e-05
4.623810e+02  4.628573e-05
1.840772e+03  1.157943e-05
1.000000e+05  2.127900e-07
-1  -1
4.421600e-03  0.000000e+00
4.421600e-03  7.028345e+04
4.540000e-03  6.739642e+04
5.188000e-03  5.386082e+04
5.688529e-03  4.584110e+04
6.531306e-03  3.532916e+04
7.328245e-03  2.826681e+04
7.852356e-03  2.461559e+04
9.225714e-03  1.765758e+04
1.000000e-02  1.483656e+04
1.174898e-02  1.039008e+04
1.300000e-02  8.237240e+03
1.479108e-02  6.089782e+03
1.678804e-02  4.485719e+03
1.883649e-02  3.377351e+03
2.162719e-02  2.382123e+03
2.483133e-02  1.665616e+03
2.818383e-02  1.191352e+03
3.198895e-02  8.466424e+02
3.672823e-02  5.791276e+02
4.216965e-02  3.933626e+02
4.897788e-02  2.568302e+02
5.688529e-02  1.665183e+02
6.760830e-02  1.002081e+02
8.128305e-02  5.783418e+01
1.000000e-01  3.092280e+01
1.905461e-01  4.318933e+00
2.344229e-01  2.307558e+00
2.754229e-01  1.426660e+00
3.198895e-01  9.195617e-01
3.672823e-01  6.177953e-01
4.168694e-01  4.322766e-01
4.677351e-01  3.146658e-01
5.188000e-01  2.380113e-01
5.754399e-01  1.812407e-01
6.456542e-01  1.348987e-01
7.161434e-01  1.041329e-01
7.943282e-01  8.094159e-02
8.709636e-01  6.485750e-02
9.332543e-01  5.527671e-02
9.885531e-01  4.866021e-02
1.059254e+00  4.207630e-02
1.148154e+00  3.579233e-02
1.250000e+00  3.040991e-02
1.380384e+00  2.534120e-02
1.737801e+00  1.682679e-02
2.000000e+00  1.319948e-02
2.264644e+00  1.072566e-02
2.570396e+00  8.743762e-03
2.951209e+00  7.048537e-03
3.427678e+00  5.619800e-03
4.000000e+00  4.483400e-03
4.677351e+00  3.594233e-03
5.559043e+00  2.838113e-03
6.606934e+00  2.258199e-03
7.943282e+00  1.783433e-03
9.549926e+00  1.418187e-03
1.188502e+01  1.089085e-03
1.500000e+01  8.294900e-04
1.905461e+01  6.316499e-04
2.511886e+01  4.646251e-04
3.507519e+01  3.236320e-04
5.011872e+01  2.216371e-04
7.943282e+01  1.372246e-04
1.445440e+02  7.428737e-05
2.786121e+02  3.820338e-05
5.559043e+02  1.905578e-05
4.415704e+03  2.389159e-06
1.000000e+05  1.054300e-07
-1  -1
3.859200e-03  0.000000e+00
3.859200e-03  1.743400e+05
3.970000e-03  1.640163e+05
4.027170e-03  1.587460e+05
4.230000e-03  1.393388e+05
4.570882e-03  1.137753e+05
4.954502e-03  9.135994e+04
5.623413e-03  6.414674e+04
6.309573e-03  4.621690e+04
7.161434e-03  3.192734e+04
7.852356e-03  2.424150e+04
9.549926e-03  1.329659e+04
1.059254e-02  9.593961e+03
1.216186e-02  6.177358e+03
1.462177e-02  3.385548e+03
1.698244e-02  2.055109e+03
1.905461e-02  1.391941e+03
2.187762e-02  8.666377e+02
2.570396e-02  4.943174e+02
3.054921e-02  2.684288e+02
3.630781e-02  1.445812e+02
4.365158e-02  7.412748e+01
5.370318e-02  3.468346e+01
7.000000e-02  1.301368e+01
1.230269e-01  1.603963e+00
1.513561e-01  7.475526e-01
1.798871e-01  3.988686e-01
2.000000e-01  2.723952e-01
2.398833e-01  1.429675e-01
2.722701e-01  9.180432e-02
3.090295e-01  5.937915e-02
3.467369e-01  4.024334e-02
3.890451e-01  2.747794e-02
4.365158e-01  1.889739e-02
4.786301e-01  1.410815e-02
5.128614e-01  1.139747e-02
5.623413e-01  8.646455e-03
6.531306e-01  5.578718e-03
7.244360e-01  4.149036e-03
8.609938e-01  2.568118e-03
9.120108e-01  2.204049e-03
9.549926e-01  1.962200e-03
1.000000e+00  1.758374e-03
1.047129e+00  1.586654e-03
1.109175e+00  1.405437e-03
1.174898e+00  1.253470e-03
1.258925e+00  1.100673e-03
1.364583e+00  9.527899e-04
1.531087e+00  7.805123e-04
1.862087e+00  5.528801e-04
2.089296e+00  4.541816e-04
2.371374e+00  3.685781e-04
2.722701e+00  2.958254e-04
3.198895e+00  2.309101e-04
3.715352e+00  1.848420e-04
4.315191e+00  1.490683e-04
5.069907e+00  1.191396e-04
6.025596e+00  9.440884e-05
7.161434e+00  7.537490e-05
8.810489e+00  5.802133e-05
1.083927e+01  4.504781e-05
1.333521e+01  3.522705e-05
1.698244e+01  2.665168e-05
2.238721e+01  1.954336e-05
2.917427e+01  1.462221e-05
4.120975e+01  1.009530e-05
6.095369e+01  6.690411e-06
9.885531e+01  4.058571e-06
1.905461e+02  2.077865e-06
3.801894e+02  1.034525e-06
7.585776e+02  5.166228e-07
1.202264e+04  3.249316e-08
1.000000e+05  3.905600e-09
-1  -1
3.668100e-03  0.000000e+00
3.668100e-03  2.754900e+05
3.713000e-03  2.677966e+05
3.780000e-03  2.580764e+05
3.790000e-03  2.569914e+05
3.870000e-03  2.417286e+05
4.315191e-03  1.806182e+05
4.677351e-03  1.444970e+05
5.370318e-03  9.752874e+04
5.956621e-03  7.219674e+04
6.606934e-03  5.312185e+04
7.328245e-03  3.882257e+04
8.000000e-03  2.956956e+04
9.332543e-03  1.822900e+04
1.059254e-02  1.211369e+04
1.188502e-02  8.316715e+03
1.380384e-02  5.048272e+03
1.548817e-02  3.415466e+03
1.757924e-02  2.208594e+03
2.041738e-02  1.307981e+03
2.371374e-02  7.679718e+02
2.754229e-02  4.473120e+02
3.235937e-02  2.478958e+02
3.801894e-02  1.363388e+02
4.570882e-02  6.830187e+01
5.500000e-02  3.385869e+01
7.244360e-02  1.179894e+01
1.216186e-01  1.614533e+00
1.462177e-01  8.015148e-01
1.698244e-01  4.568860e-01
1.949845e-01  2.738103e-01
2.213095e-01  1.723540e-01
2.483133e-01  1.138888e-01
2.786121e-01  7.580000e-02
3.090295e-01  5.291398e-02
3.427678e-01  3.720997e-02
3.758374e-01  2.738889e-02
4.168694e-01  1.955048e-02
4.570882e-01  1.459593e-02
4.954502e-01  1.137952e-02
5.370318e-01  8.942658e-03
5.888437e-01  6.843153e-03
6.531306e-01  5.103526e-03
7.161434e-01  3.959387e-03
8.222427e-01  2.731032e-03
8.810489e-01  2.272114e-03
9.332543e-01  1.962965e-03
9.772372e-01  1.756768e-03
1.023293e+00  1.582364e-03
1.083927e+00  1.398854e-03
1.148154e+00  1.244927e-03
1.230269e+00  1.090375e-03
1.333521e+00  9.413724e-04
1.840772e+00  5.343682e-04
2.089296e+00  4.303307e-04
2.371374e+00  3.492342e-04
2.722701e+00  2.803084e-04
3.198895e+00  2.188073e-04
3.715352e+00  1.751587e-04
4.315191e+00  1.412553e-04
5.069907e+00  1.128899e-04
6.025596e+00  8.945986e-05
7.161434e+00  7.142334e-05
8.810489e+00  5.497902e-05
1.083927e+01  4.268649e-05
1.318257e+01  3.383430e-05
1.678804e+01  2.558760e-05
2.213095e+01  1.875749e-05
2.818383e+01  1.438432e-05
4.000000e+01  9.873400e-06
5.888437e+01  6.572069e-06
9.549926e+01  3.984608e-06
1.840772e+02  2.039184e-06
3.672823e+02  1.014977e-06
7.328245e+02  5.068125e-07
1.161449e+04  3.187266e-08
1.000000e+05  3.700800e-09
-1  -1
1.478900e-03  0.000000e+00
1.478900e-03  2.591410e+04
1.584893e-03  2.406105e+04
1.717908e-03  2.217903e+04
1.800000e-03  2.119820e+04
1.905461e-03  1.989975e+04
2.238721e-03  1.648088e+04
2.570396e-03  1.392741e+04
2.786121e-03  1.251856e+04
3.388442e-03  9.556595e+03
3.758374e-03  8.216378e+03
4.415704e-03  6.450245e+03
5.188000e-03  5.009161e+03
5.821032e-03  4.160480e+03
6.928200e-03  3.114715e+03
8.317638e-03  2.275414e+03
9.885531e-03  1.676190e+03
1.174898e-02  1.224568e+03
1.400000e-02  8.832060e+02
1.678804e-02  6.243110e+02
2.000000e-02  4.434500e+02
2.371374e-02  3.155887e+02
2.818383e-02  2.219244e+02
3.349654e-02  1.548833e+02
4.000000e-02  1.062250e+02
4.786301e-02  7.198048e+01
5.688529e-02  4.912897e+01
6.839116e-02  3.244061e+01
8.222426e-02  2.125995e+01
1.011580e-01  1.309983e+01
1.258925e-01  7.796489e+00
2.600160e-01  1.357938e+00
3.235937e-01  8.061640e-01
3.890451e-01  5.232824e-01
4.570882e-01  3.611908e-01
5.308844e-01  2.577798e-01
6.095369e-01  1.900684e-01
6.998420e-01  1.411561e-01
8.128305e-01  1.030667e-01
9.225714e-01  7.948240e-02
1.047129e+00  6.178467e-02
1.230269e+00  4.511356e-02
1.380384e+00  3.629325e-02
1.548817e+00  2.938933e-02
1.757924e+00  2.348457e-02
2.044000e+00  1.813001e-02
2.317395e+00  1.472082e-02
2.660725e+00  1.179923e-02
3.090295e+00  9.361143e-03
3.589219e+00  7.480584e-03
4.168694e+00  6.022545e-03
4.897788e+00  4.805750e-03
5.821032e+00  3.802493e-03
6.918310e+00  3.031466e-03
8.413951e+00  2.364003e-03
1.023293e+01  1.857859e-03
1.258925e+01  1.449972e-03
1.584893e+01  1.109424e-03
2.089296e+01  8.119040e-04
2.630268e+01  6.296661e-04
3.630781e+01  4.444521e-04
5.248075e+01  3.009420e-04
8.317638e+01  1.864861e-04
1.548817e+02  9.866923e-05
3.090295e+02  4.904106e-05
6.165950e+02  2.447098e-05
4.897788e+03  3.069468e-06
1.000000e+05  1.502500e-07
-1  -1
1.319500e-03  0.000000e+00
1.319500e-03  2.228245e+04
1.440000e-03  2.216683e+04
1.621810e-03  2.149937e+04
1.737801e-03  2.088787e+04
1.883649e-03  2.003591e+04
2.030000e-03  1.916518e+04
2.187762e-03  1.818331e+04
2.400000e-03  1.686614e+04
2.570396e-03  1.582544e+04
2.900000e-03  1.402064e+04
3.126079e-03  1.292113e+04
3.427678e-03  1.158041e+04
3.801894e-03  1.017323e+04
4.150000e-03  9.052240e+03
4.731513e-03  7.522977e+03
5.188000e-03  6.560029e+03
5.888437e-03  5.384859e+03
6.500000e-03  4.583720e+03
7.328245e-03  3.742980e+03
8.317638e-03  2.993782e+03
9.225714e-03  2.478439e+03
1.047129e-02  1.952741e+03
1.202264e-02  1.491613e+03
1.364583e-02  1.155745e+03
1.548817e-02  8.888952e+02
1.757924e-02  6.787339e+02
2.000000e-02  5.119380e+02
2.264644e-02  3.875644e+02
2.600160e-02  2.823058e+02
3.000000e-02  2.017080e+02
3.467369e-02  1.424057e+02
4.027170e-02  9.857557e+01
4.731513e-02  6.578472e+01
5.495409e-02  4.487197e+01
6.531306e-02  2.863231e+01
7.852356e-02  1.759234e+01
9.660509e-02  1.009075e+01
1.258925e-01  4.915950e+00
2.018366e-01  1.354805e+00
2.600160e-01  6.839746e-01
3.126079e-01  4.189722e-01
3.630781e-01  2.832135e-01
4.168694e-01  1.986154e-01
4.731513e-01  1.444240e-01
5.370318e-01  1.057704e-01
6.095369e-01  7.805867e-02
6.760830e-01  6.128186e-02
7.585776e-01  4.717300e-02
8.511380e-01  3.656066e-02
9.549926e-01  2.849979e-02
1.035142e+00  2.410630e-02
1.135011e+00  2.005654e-02
1.258925e+00  1.643328e-02
1.412538e+00  1.327660e-02
1.659587e+00  9.941936e-03
1.905461e+00  7.814937e-03
2.162719e+00  6.308204e-03
2.454709e+00  5.129327e-03
2.818383e+00  4.124551e-03
3.311311e+00  3.225173e-03
3.845918e+00  2.586247e-03
4.466836e+00  2.089081e-03
5.308844e+00  1.646143e-03
6.309573e+00  1.307184e-03
7.585776e+00  1.030403e-03
9.225714e+00  8.064075e-04
1.148154e+01  6.185364e-04
1.445440e+01  4.718519e-04
1.819701e+01  3.626276e-04
2.426610e+01  2.629881e-04
3.388442e+01  1.830422e-04
4.841724e+01  1.252656e-04
7.585776e+01  7.843984e-05
1.348963e+02  4.344311e-05
2.630268e+02  2.206636e-05
5.248075e+02  1.100493e-05
4.168694e+03  1.379332e-06
1.000000e+05  5.746200e-08
-1  -1
1.070800e-03  0.000000e+00
1.070800e-03  1.535600e+05
1.161449e-03  1.412254e+05
1.190000e-03  1.380292e+05
1.333521e-03  1.222152e+05
1.584893e-03  9.942375e+04
1.730000e-03  8.892080e+04
1.950000e-03  7.552720e+04
2.162719e-03  6.498649e+04
2.454709e-03  5.381945e+04
2.691535e-03  4.658125e+04
3.150000e-03  3.605308e+04
3.500000e-03  3.013212e+04
4.000000e-03  2.384092e+04
4.518559e-03  1.909147e+04
5.069907e-03  1.538685e+04
5.821032e-03  1.177678e+04
6.606934e-03  9.143966e+03
7.413102e-03  7.219984e+03
8.413951e-03  5.529457e+03
9.660509e-03  4.099090e+03
1.109175e-02  3.013095e+03
1.273503e-02  2.196175e+03
1.462177e-02  1.587606e+03
1.678804e-02  1.138282e+03
1.927525e-02  8.095547e+02
2.213095e-02  5.713352e+02
2.540973e-02  4.000300e+02
2.900000e-02  2.824304e+02
3.273407e-02  2.040517e+02
3.801894e-02  1.355500e+02
4.365158e-02  9.227349e+01
5.069907e-02  6.038645e+01
5.956621e-02  3.795887e+01
7.079458e-02  2.289754e+01
8.511380e-02  1.325172e+01
1.059254e-01  6.865433e+00
1.584893e-01  2.018588e+00
2.065380e-01  9.046413e-01
2.483133e-01  5.209742e-01
2.917427e-01  3.234849e-01
3.349654e-01  2.164359e-01
3.801894e-01  1.507519e-01
4.265795e-01  1.092421e-01
4.786301e-01  7.971262e-02
5.370318e-01  5.858690e-02
5.956621e-01  4.471113e-02
6.606935e-01  3.434634e-02
7.328245e-01  2.656139e-02
8.511380e-01  1.845557e-02
9.120108e-01  1.570151e-02
9.660509e-01  1.380195e-02
1.023293e+00  1.220757e-02
1.109175e+00  1.035594e-02
1.202264e+00  8.843299e-03
1.303167e+00  7.598934e-03
1.462177e+00  6.170737e-03
1.757924e+00  4.450711e-03
2.018366e+00  3.507779e-03
2.290868e+00  2.840870e-03
2.600160e+00  2.317333e-03
3.000000e+00  1.855200e-03
3.467369e+00  1.491062e-03
4.027170e+00  1.198395e-03
4.731513e+00  9.547084e-04
5.623413e+00  7.542444e-04
6.683439e+00  6.004161e-04
8.035261e+00  4.744099e-04
9.660509e+00  3.774168e-04
1.202264e+01  2.899517e-04
1.513561e+01  2.215653e-04
1.927525e+01  1.682899e-04
2.540973e+01  1.238337e-04
3.548134e+01  8.627765e-05
5.069907e+01  5.910077e-05
8.035261e+01  3.660045e-05
1.462177e+02  1.981682e-05
2.851018e+02  1.007442e-05
5.688529e+02  5.025645e-06
4.518559e+03  6.301508e-07
1.000000e+05  2.845600e-08
-1  -1
8.129400e-04  0.000000e+00
8.129400e-04  1.842100e+05
8.237000e-04  1.894034e+05
8.480000e-04  1.991582e+05
8.750000e-04  2.067155e+05
8.810489e-04  2.079540e+05
9.120108e-04  2.116537e+05
9.332543e-04  2.123624e+05
9.772372e-04  2.111548e+05
1.030000e-03  2.081516e+05
1.083927e-03  2.037719e+05
1.135011e-03  1.986507e+05
1.202264e-03  1.909888e+05
1.270000e-03  1.827884e+05
1.350000e-03  1.727256e+05
1.428894e-03  1.628211e+05
1.513561e-03  1.524860e+05
1.610000e-03  1.413056e+05
1.737801e-03  1.275296e+05
1.862087e-03  1.155667e+05
1.972423e-03  1.057933e+05
2.150000e-03  9.187640e+04
2.344229e-03  7.923973e+04
2.511886e-03  6.993003e+04
2.754229e-03  5.872942e+04
3.000000e-03  4.964840e+04
3.273407e-03  4.148330e+04
3.630781e-03  3.325106e+04
3.935501e-03  2.780862e+04
4.365158e-03  2.193370e+04
4.786301e-03  1.763348e+04
5.308844e-03  1.369092e+04
5.888437e-03  1.054497e+04
6.531306e-03  8.062171e+03
7.244360e-03  6.118528e+03
8.035261e-03  4.611503e+03
9.015711e-03  3.341433e+03
1.011579e-02  2.401386e+03
1.122018e-02  1.771805e+03
1.244515e-02  1.299486e+03
1.380384e-02  9.474892e+02
1.548817e-02  6.625098e+02
1.737801e-02  4.601467e+02
1.949845e-02  3.175508e+02
2.213095e-02  2.096604e+02
2.511886e-02  1.374650e+02
2.884032e-02  8.608738e+01
3.311311e-02  5.351966e+01
3.845918e-02  3.174304e+01
4.518559e-02  1.794982e+01
5.432503e-02  9.280993e+00
6.760830e-02  4.203890e+00
1.396368e-01  2.969553e-01
1.698244e-01  1.461938e-01
1.972423e-01  8.559429e-02
2.344229e-01  4.650934e-02
2.660725e-01  2.993607e-02
3.019952e-01  1.940949e-02
3.427678e-01  1.268016e-02
3.890451e-01  8.350533e-03
4.315191e-01  5.969870e-03
4.786301e-01  4.299705e-03
5.128614e-01  3.472676e-03
5.623413e-01  2.631506e-03
6.165950e-01  2.007964e-03
6.760830e-01  1.542395e-03
7.244360e-01  1.269209e-03
7.852356e-01  1.005946e-03
8.317638e-01  8.567666e-04
8.810489e-01  7.342151e-04
9.332543e-01  6.339427e-04
9.772372e-01  5.672587e-04
1.023293e+00  5.108344e-04
1.083927e+00  4.514865e-04
1.148154e+00  4.017595e-04
1.230269e+00  3.518777e-04
1.333521e+00  3.038272e-04
1.548817e+00  2.338745e-04
1.840772e+00  1.724888e-04
2.065380e+00  1.416301e-04
2.344229e+00  1.148661e-04
2.691535e+00  9.212491e-05
3.126079e+00  7.312509e-05
3.630781e+00  5.846896e-05
4.216965e+00  4.709979e-05
4.954502e+00  3.760414e-05
5.888437e+00  2.976811e-05
7.000000e+00  2.373700e-05
8.511380e+00  1.852459e-05
1.035142e+01  1.456509e-05
1.273503e+01  1.137166e-05
1.603245e+01  8.703579e-06
2.113489e+01  6.372109e-06
2.630268e+01  5.005684e-06
3.672823e+01  3.490014e-06
5.308844e+01  2.363677e-06
8.413951e+01  1.465028e-06
1.548817e+02  7.844063e-07
3.090295e+02  3.898542e-07
6.165950e+02  1.945344e-07
4.897788e+03  2.440097e-08
1.000000e+05  1.194400e-09
-1  -1
7.672900e-04  0.000000e+00
7.672900e-04  3.405715e+05
7.950000e-04  3.522121e+05
8.350000e-04  3.618495e+05
8.609938e-04  3.643816e+05
8.912509e-04  3.629903e+05
9.332543e-04  3.583017e+05
9.850000e-04  3.501036e+05
1.035142e-03  3.403882e+05
1.090000e-03  3.285258e+05
1.161449e-03  3.120209e+05
1.230269e-03  2.957346e+05
1.303167e-03  2.785085e+05
1.380384e-03  2.607232e+05
1.479108e-03  2.392128e+05
1.570000e-03  2.206170e+05
1.701200e-03  1.966161e+05
1.800000e-03  1.803780e+05
1.927525e-03  1.612881e+05
2.137962e-03  1.349376e+05
2.300000e-03  1.182408e+05
2.500000e-03  1.008504e+05
2.722701e-03  8.522214e+04
2.951209e-03  7.219124e+04
3.273407e-03  5.784883e+04
3.548134e-03  4.838385e+04
3.935501e-03  3.814958e+04
4.300000e-03  3.092508e+04
4.800000e-03  2.362770e+04
5.248075e-03  1.885911e+04
5.821032e-03  1.441988e+04
6.531306e-03  1.060128e+04
7.161434e-03  8.235156e+03
7.943282e-03  6.159334e+03
9.015711e-03  4.277257e+03
1.023293e-02  2.940632e+03
1.161449e-02  2.002383e+03
1.318257e-02  1.350826e+03
1.500000e-02  8.959140e+02
1.698244e-02  5.986780e+02
1.905461e-02  4.090466e+02
2.137962e-02  2.776854e+02
2.398833e-02  1.873116e+02
2.754229e-02  1.158885e+02
3.162278e-02  7.114940e+01
3.630781e-02  4.336025e+01
4.216965e-02  2.516839e+01
5.000000e-02  1.344126e+01
6.025596e-02  6.706778e+00
7.585776e-02  2.819054e+00
1.318257e-01  3.488826e-01
1.548817e-01  1.907729e-01
1.840772e-01  1.007441e-01
2.113489e-01  6.081481e-02
2.398833e-01  3.856107e-02
2.691535e-01  2.566207e-02
3.000060e-01  1.760346e-02
3.349654e-01  1.209649e-02
3.672823e-01  8.896531e-03
4.027170e-01  6.587462e-03
4.415705e-01  4.914338e-03
4.841724e-01  3.699083e-03
5.308844e-01  2.805737e-03
5.821032e-01  2.143559e-03
6.382635e-01  1.649605e-03
6.998420e-01  1.278813e-03
7.673615e-01  9.991188e-04
8.413951e-01  7.861118e-04
9.549926e-01  5.704848e-04
1.000000e+00  5.102117e-04
1.047129e+00  4.593366e-04
1.096478e+00  4.162367e-04
1.161449e+00  3.708471e-04
1.230269e+00  3.326626e-04
1.333521e+00  2.876260e-04
1.496236e+00  2.358572e-04
1.862087e+00  1.604276e-04
2.089296e+00  1.317740e-04
2.371374e+00  1.069315e-04
2.722701e+00  8.582321e-05
3.198895e+00  6.699127e-05
3.715352e+00  5.362720e-05
4.315191e+00  4.324756e-05
5.069907e+00  3.456362e-05
6.025596e+00  2.739002e-05
7.161434e+00  2.186761e-05
8.810489e+00  1.683252e-05
1.083927e+01  1.306950e-05
1.318257e+01  1.035894e-05
1.678804e+01  7.834036e-06
2.213095e+01  5.742987e-06
2.818383e+01  4.404147e-06
3.935501e+01  3.075633e-06
5.754399e+01  2.061134e-06
9.332543e+01  1.249150e-06
1.778279e+02  6.466115e-07
3.548134e+02  3.217642e-07
7.079458e+02  1.606444e-07
5.623413e+03  2.016003e-08
1.000000e+05  1.133100e-09
-1  -1
4.267500e-04  0.000000e+00
4.267500e-04  5.553852e+04
4.270000e-04  5.609856e+04
4.277000e-04  5.704194e+04
4.290000e-04  5.820264e+04
4.307000e-04  5.930226e+04
4.330000e-04  6.043740e+04
4.365158e-04  6.161828e+04
4.400000e-04  6.264120e+04
4.422000e-04  6.365760e+04
4.440000e-04  6.496440e+04
4.450000e-04  6.594540e+04
4.465000e-04  6.782100e+04
4.480000e-04  7.025640e+04
4.495000e-04  7.332660e+04
4.508000e-04  7.655940e+04
4.523000e-04  8.100480e+04
4.535000e-04  8.516640e+04
4.550000e-04  9.118380e+04
4.565000e-04  9.819060e+04
4.585000e-04  1.091952e+05
4.607000e-04  1.237038e+05
4.630000e-04  1.417866e+05
4.690000e-04  2.038416e+05
4.715000e-04  2.359590e+05
4.740000e-04  2.713794e+05
4.765000e-04  3.096720e+05
4.790000e-04  3.505380e+05
4.815000e-04  3.934878e+05
4.841724e-04  4.415005e+05
4.865000e-04  4.847430e+05
4.890000e-04  5.325156e+05
4.923700e-04  5.987786e+05
4.954502e-04  6.607330e+05
4.990000e-04  7.329840e+05
5.020000e-04  7.942920e+05
5.050000e-04  8.548500e+05
5.080000e-04  9.141600e+05
5.110000e-04  9.716460e+05
5.135000e-04  1.017864e+06
5.170000e-04  1.079520e+06
5.200000e-04  1.129458e+06
5.245000e-04  1.199076e+06
5.280000e-04  1.249110e+06
5.320000e-04  1.302036e+06
5.370318e-04  1.362800e+06
5.400000e-04  1.395558e+06
5.450000e-04  1.445676e+06
5.500000e-04  1.489722e+06
5.560000e-04  1.534656e+06
5.623413e-04  1.573639e+06
5.690000e-04  1.605312e+06
5.760000e-04  1.630602e+06
5.850000e-04  1.652688e+06
5.956621e-04  1.668360e+06
6.050000e-04  1.674546e+06
6.165950e-04  1.673483e+06
6.313200e-04  1.660999e+06
6.500000e-04  1.632750e+06
6.700000e-04  1.592712e+06
6.930000e-04  1.538916e+06
7.161434e-04  1.480190e+06
7.413102e-04  1.413954e+06
7.762471e-04  1.321233e+06
8.128305e-04  1.226646e+06
8.511380e-04  1.132155e+06
9.000000e-04  1.020252e+06
9.549926e-04  9.064388e+05
1.015000e-03  7.972740e+05
1.083927e-03  6.880192e+05
1.174898e-03  5.698785e+05
1.244515e-03  4.954351e+05
1.333521e-03  4.157959e+05
1.462177e-03  3.266006e+05
1.570000e-03  2.694090e+05
1.717908e-03  2.093649e+05
1.883649e-03  1.606968e+05
2.070000e-03  1.215144e+05
2.290868e-03  8.933077e+04
2.511886e-03  6.704436e+04
2.754229e-03  5.001797e+04
3.054921e-03  3.569679e+04
3.388442e-03  2.528695e+04
3.758374e-03  1.777712e+04
4.168694e-03  1.240929e+04
4.650000e-03  8.432340e+03
5.248075e-03  5.448791e+03
5.956621e-03  3.417433e+03
6.760830e-03  2.123349e+03
7.673615e-03  1.307242e+03
8.709636e-03  7.976649e+02
9.800000e-03  4.996356e+02
1.096478e-02  3.179511e+02
1.244515e-02  1.896247e+02
1.412538e-02  1.122737e+02
1.621810e-02  6.286948e+01
1.862087e-02  3.493894e+01
2.113489e-02  2.025635e+01
2.454709e-02  1.055439e+01
2.884032e-02  5.190018e+00
3.467369e-02  2.287650e+00
4.315191e-02  8.574279e-01
8.128305e-02  4.908717e-02
1.396368e-01  4.339405e-03
1.548817e-01  2.752768e-03
1.717908e-01  1.759135e-03
1.927525e-01  1.077779e-03
2.187762e-01  6.337848e-04
2.483133e-01  3.743831e-04
2.786121e-01  2.336294e-04
3.235937e-01  1.277959e-04
3.548134e-01  8.873381e-05
3.890451e-01  6.205431e-05
4.216965e-01  4.569302e-05
4.518559e-01  3.537020e-05
4.897788e-01  2.641280e-05
5.308844e-01  1.986162e-05
5.754399e-01  1.503888e-05
6.237348e-01  1.146461e-05
6.760830e-01  8.798448e-06
7.328245e-01  6.796985e-06
8.035261e-01  5.096073e-06
8.413951e-01  4.389415e-06
8.810489e-01  3.802595e-06
9.225714e-01  3.317451e-06
9.549926e-01  3.010788e-06
9.885531e-01  2.746705e-06
1.023293e+00  2.520157e-06
1.059254e+00  2.324674e-06
1.109175e+00  2.102685e-06
1.161449e+00  1.915594e-06
1.230269e+00  1.718954e-06
1.318257e+00  1.521315e-06
1.513561e+00  1.208683e-06
1.927525e+00  7.901752e-07
2.162719e+00  6.503057e-07
2.454709e+00  5.287754e-07
2.818383e+00  4.252007e-07
3.311311e+00  3.324832e-07
3.845918e+00  2.666148e-07
4.466836e+00  2.153696e-07
5.308844e+00  1.697088e-07
6.309573e+00  1.347601e-07
7.585776e+00  1.062254e-07
9.225714e+00  8.313429e-08
1.148154e+01  6.376562e-08
1.445440e+01  4.864417e-08
1.819701e+01  3.738387e-08
2.426610e+01  2.711189e-08
3.388442e+01  1.887069e-08
4.841724e+01  1.291348e-08
7.585776e+01  8.086403e-09
1.348963e+02  4.478574e-09
2.600160e+02  2.301498e-09
5.188000e+02  1.147708e-09
4.120975e+03  1.438390e-10
1.000000e+05  5.923900e-12
-1  -1
4.146000e-04  0.000000e+00
4.146000e-04  8.211840e+04
4.170000e-04  8.174720e+04
4.195000e-04  8.192080e+04
4.255000e-04  8.351120e+04
4.280000e-04  8.457040e+04
4.300000e-04  8.594640e+04
4.317000e-04  8.771920e+04
4.332000e-04  8.989520e+04
4.344000e-04  9.213040e+04
4.355000e-04  9.461760e+04
4.370000e-04  9.876320e+04
4.385000e-04  1.038688e+05
4.400000e-04  1.100368e+05
4.415704e-04  1.177435e+05
4.430000e-04  1.259736e+05
4.445000e-04  1.359648e+05
4.465000e-04  1.516344e+05
4.485000e-04  1.702232e+05
4.515400e-04  2.045492e+05
4.570882e-04  2.871343e+05
4.600000e-04  3.404440e+05
4.623810e-04  3.885581e+05
4.640000e-04  4.233264e+05
4.665000e-04  4.798584e+05
4.690000e-04  5.394160e+05
4.715000e-04  6.015088e+05
4.740000e-04  6.658296e+05
4.765000e-04  7.320568e+05
4.790000e-04  7.999096e+05
4.815000e-04  8.690800e+05
4.841724e-04  9.440578e+05
4.871500e-04  1.028246e+06
4.900000e-04  1.108704e+06
4.930000e-04  1.192448e+06
4.965000e-04  1.287736e+06
5.000000e-04  1.379280e+06
5.030000e-04  1.454032e+06
5.060000e-04  1.525160e+06
5.100000e-04  1.613864e+06
5.135000e-04  1.685904e+06
5.188000e-04  1.785533e+06
5.230000e-04  1.856864e+06
5.280000e-04  1.933464e+06
5.320000e-04  1.988536e+06
5.380000e-04  2.061016e+06
5.450000e-04  2.130456e+06
5.500000e-04  2.170672e+06
5.580000e-04  2.220376e+06
5.650000e-04  2.251464e+06
5.760000e-04  2.282464e+06
5.850000e-04  2.295624e+06
5.956621e-04  2.300134e+06
6.095369e-04  2.290130e+06
6.237348e-04  2.265726e+06
6.430000e-04  2.217440e+06
6.683439e-04  2.137725e+06
6.930000e-04  2.050096e+06
7.244360e-04  1.933099e+06
7.585776e-04  1.804524e+06
8.000000e-04  1.653976e+06
8.500000e-04  1.483360e+06
9.000000e-04  1.328448e+06
9.549926e-04  1.176773e+06
1.000000e-03  1.066016e+06
1.070000e-03  9.143920e+05
1.161449e-03  7.532992e+05
1.230269e-03  6.539522e+05
1.318257e-03  5.479713e+05
1.428894e-03  4.431296e+05
1.548817e-03  3.556763e+05
1.698244e-03  2.744740e+05
1.850000e-03  2.142432e+05
2.041738e-03  1.597493e+05
2.220000e-03  1.237720e+05
2.483133e-03  8.720663e+04
2.722701e-03  6.491116e+04
3.019952e-03  4.624426e+04
3.349654e-03  3.267248e+04
3.672823e-03  2.385152e+04
4.120975e-03  1.596539e+04
4.677351e-03  1.016216e+04
5.308844e-03  6.403230e+03
6.000000e-03  4.060000e+03
6.760830e-03  2.581029e+03
7.585776e-03  1.654478e+03
8.511380e-03  1.052706e+03
9.660509e-03  6.348726e+02
1.096478e-02  3.796119e+02
1.230269e-02  2.362167e+02
1.412538e-02  1.325718e+02
1.603245e-02  7.751280e+01
1.840772e-02  4.282580e+01
2.089296e-02  2.468811e+01
2.398833e-02  1.343824e+01
2.786121e-02  6.902791e+00
3.311311e-02  3.175020e+00
4.027170e-02  1.305875e+00
5.248075e-02  3.887399e-01
8.128305e-02  5.207560e-02
1.188502e-01  9.220573e-03
1.396368e-01  4.434568e-03
1.548817e-01  2.789054e-03
1.717908e-01  1.767789e-03
1.905461e-01  1.128622e-03
2.162719e-01  6.577186e-04
2.398833e-01  4.254186e-04
2.630268e-01  2.908396e-04
2.851018e-01  2.098448e-04
3.126079e-01  1.455600e-04
3.427678e-01  1.017511e-04
3.758374e-01  7.166824e-05
4.073803e-01  5.309882e-05
4.415705e-01  3.961860e-05
4.786301e-01  2.978453e-05
5.188000e-01  2.256142e-05
5.559043e-01  1.789459e-05
6.025596e-01  1.375870e-05
6.531306e-01  1.065981e-05
7.161434e-01  8.030321e-06
7.762471e-01  6.316411e-06
8.317638e-01  5.176248e-06
9.120108e-01  3.996137e-06
9.549926e-01  3.533594e-06
9.885531e-01  3.237986e-06
1.023293e+00  2.981809e-06
1.071519e+00  2.689355e-06
1.122018e+00  2.441469e-06
1.188502e+00  2.180194e-06
1.273503e+00  1.919541e-06
1.380384e+00  1.667027e-06
1.513561e+00  1.426313e-06
1.883649e+00  9.703592e-07
2.113489e+00  7.974744e-07
2.398833e+00  6.475788e-07
2.754229e+00  5.200905e-07
3.235937e+00  4.062099e-07
3.758374e+00  3.253594e-07
4.365158e+00  2.625347e-07
5.128614e+00  2.099279e-07
6.095369e+00  1.664378e-07
7.244360e+00  1.329407e-07
8.912509e+00  1.023816e-07
1.109175e+01  7.843287e-08
1.380384e+01  6.055996e-08
1.737801e+01  4.647736e-08
2.317395e+01  3.366473e-08
3.198895e+01  2.369304e-08
4.518559e+01  1.639109e-08
6.918310e+01  1.049818e-08
1.188502e+02  6.015274e-09
2.317395e+02  3.050933e-09
4.623810e+02  1.520659e-09
1.840772e+03  3.804260e-10
1.000000e+05  6.991000e-12
-1  -1
3.362500e-04  0.000000e+00
3.362500e-04  4.947851e+04
4.315191e-04  4.099550e+04
4.786301e-04  3.798825e+04
5.128614e-04  3.576352e+04
6.025596e-04  3.088178e+04
6.531306e-04  2.849588e+04
7.500000e-04  2.453960e+04
8.317638e-04  2.181298e+04
9.332543e-04  1.896039e+04
1.059254e-03  1.614901e+04
1.216186e-03  1.343278e+04
1.380384e-03  1.128011e+04
1.650000e-03  8.735080e+03
2.000000e-03  6.566500e+03
2.426610e-03  4.885173e+03
2.951209e-03  3.593645e+03
3.589219e-03  2.623677e+03
4.315191e-03  1.937951e+03
5.188000e-03  1.421216e+03
6.237348e-03  1.034603e+03
7.413102e-03  7.630674e+02
8.912509e-03  5.475702e+02
1.071519e-02  3.900663e+02
1.288250e-02  2.758953e+02
1.548817e-02  1.937243e+02
1.862087e-02  1.350045e+02
2.238721e-02  9.338046e+01
2.691535e-02  6.410053e+01
3.235937e-02  4.366112e+01
3.890451e-02  2.950584e+01
4.677351e-02  1.978191e+01
5.623413e-02  1.315744e+01
6.760830e-02  8.684514e+00
8.128305e-02  5.690729e+00
1.000000e-01  3.507980e+00
1.244515e-01  2.088204e+00
1.584893e-01  1.170037e+00
2.570396e-01  3.639254e-01
3.198895e-01  2.159327e-01
3.845918e-01  1.401103e-01
4.518559e-01  9.660596e-02
5.188000e-01  7.068542e-02
6.025596e-01  5.078713e-02
6.998420e-01  3.677545e-02
8.128305e-01  2.684612e-02
9.225714e-01  2.070265e-02
1.047129e+00  1.609251e-02
1.230269e+00  1.175086e-02
1.396368e+00  9.253234e-03
1.566751e+00  7.498431e-03
1.778279e+00  5.995908e-03
2.065380e+00  4.640001e-03
2.344229e+00  3.762777e-03
2.691535e+00  3.018084e-03
3.126079e+00  2.395921e-03
3.630781e+00  1.915677e-03
4.216965e+00  1.543166e-03
4.954502e+00  1.232070e-03
5.888437e+00  9.753399e-04
7.000000e+00  7.777200e-04
8.511380e+00  6.069331e-04
1.035142e+01  4.771981e-04
1.273503e+01  3.725798e-04
1.603245e+01  2.851674e-04
2.113489e+01  2.087766e-04
2.630268e+01  1.640025e-04
3.672823e+01  1.143470e-04
5.308844e+01  7.744499e-05
8.511380e+01  4.743279e-05
1.584893e+02  2.510573e-05
3.162278e+02  1.248005e-05
6.309573e+02  6.228138e-06
5.011872e+03  7.812939e-07
1.000000e+05  3.913400e-08
-1  -1
2.729500e-04  0.000000e+00
2.729500e-04  1.398282e+05
2.830000e-04  1.280998e+05
2.860000e-04  1.244634e+05
2.900000e-04  1.192922e+05
2.970000e-04  1.099916e+05
3.090295e-04  9.561509e+04
3.328000e-04  7.535800e+04
3.370000e-04  7.251340e+04
3.600000e-04  5.996160e+04
3.801894e-04  5.156489e+04
3.935501e-04  4.709472e+04
4.100000e-04  4.258860e+04
4.265795e-04  3.893925e+04
4.430000e-04  3.599060e+04
4.623810e-04  3.313153e+04
4.850000e-04  3.040980e+04
5.080000e-04  2.815300e+04
5.308844e-04  2.631342e+04
5.559043e-04  2.467075e+04
5.888437e-04  2.294176e+04
6.309573e-04  2.120518e+04
6.839116e-04  1.949070e+04
7.585776e-04  1.763712e+04
1.059254e-03  1.299703e+04
1.202264e-03  1.150729e+04
1.380384e-03  1.000195e+04
1.584893e-03  8.621616e+03
1.800000e-03  7.462140e+03
2.041738e-03  6.421071e+03
2.317395e-03  5.483213e+03
2.630268e-03  4.648908e+03
3.019952e-03  3.852588e+03
3.427678e-03  3.219147e+03
3.935501e-03  2.624849e+03
4.500000e-03  2.135680e+03
5.128614e-03  1.732522e+03
5.821032e-03  1.404185e+03
6.606934e-03  1.129678e+03
7.413102e-03  9.211475e+02
8.413951e-03  7.308919e+02
9.549926e-03  5.758713e+02
1.083927e-02  4.505820e+02
1.230269e-02  3.501119e+02
1.396368e-02  2.701885e+02
1.584893e-02  2.071028e+02
1.819701e-02  1.537830e+02
2.089296e-02  1.133074e+02
2.398833e-02  8.285129e+01
2.754229e-02  6.013708e+01
3.162278e-02  4.333741e+01
3.672823e-02  3.015377e+01
4.265795e-02  2.082183e+01
5.011872e-02  1.386389e+01
5.888437e-02  9.162217e+00
7.000000e-02  5.830340e+00
8.413951e-02  3.577929e+00
1.059254e-01  1.925787e+00
2.113489e-01  2.944569e-01
2.630268e-01  1.632621e-01
3.126079e-01  1.031606e-01
3.672823e-01  6.769658e-02
4.216965e-01  4.751182e-02
4.841724e-01  3.360151e-02
5.495409e-01  2.463977e-02
6.165950e-01  1.870963e-02
6.918310e-01  1.430505e-02
7.762471e-01  1.101633e-02
8.709636e-01  8.532553e-03
9.440609e-01  7.178525e-03
1.023293e+00  6.082521e-03
1.148154e+00  4.839209e-03
1.273503e+00  3.964714e-03
1.428894e+00  3.203117e-03
1.659587e+00  2.448329e-03
1.905461e+00  1.924687e-03
2.162719e+00  1.553480e-03
2.454709e+00  1.263148e-03
2.818383e+00  1.015772e-03
3.311311e+00  7.942946e-04
3.845918e+00  6.369309e-04
4.466836e+00  5.145021e-04
5.308844e+00  4.054203e-04
6.309573e+00  3.219331e-04
7.585776e+00  2.537662e-04
9.225714e+00  1.986002e-04
1.148154e+01  1.523335e-04
1.445440e+01  1.162068e-04
1.800000e+01  9.041500e-05
2.400000e+01  6.555700e-05
3.349654e+01  4.564257e-05
4.786301e+01  3.122624e-05
7.498942e+01  1.954928e-05
1.348963e+02  1.069940e-05
2.600160e+02  5.498143e-06
5.188000e+02  2.741763e-06
4.120975e+03  3.436347e-07
1.000000e+05  1.415200e-08
-1  -1
2.125600e-04  0.000000e+00
2.125600e-04  3.628402e+05
2.350000e-04  3.115560e+05
2.454709e-04  2.906706e+05
2.600160e-04  2.675434e+05
2.917427e-04  2.309423e+05
3.090295e-04  2.160152e+05
3.429800e-04  1.937374e+05
4.677351e-04  1.407935e+05
5.370318e-04  1.213169e+05
6.095369e-04  1.051040e+05
6.918310e-04  9.042730e+04
7.852356e-04  7.722674e+04
8.912509e-04  6.548777e+04
1.023293e-03  5.428155e+04
1.174898e-03  4.464629e+04
1.350000e-03  3.641220e+04
1.548817e-03  2.956157e+04
1.800000e-03  2.336324e+04
2.089296e-03  1.836382e+04
2.426610e-03  1.431770e+04
2.818383e-03  1.108089e+04
3.235937e-03  8.689796e+03
3.715352e-03  6.769924e+03
4.300000e-03  5.159320e+03
4.954502e-03  3.933916e+03
5.688529e-03  2.996929e+03
6.456542e-03  2.319826e+03
7.413102e-03  1.741538e+03
8.413951e-03  1.329852e+03
9.660509e-03  9.835612e+02
1.096478e-02  7.409808e+02
1.258925e-02  5.399242e+02
1.445440e-02  3.903407e+02
1.659587e-02  2.799873e+02
1.905461e-02  1.992881e+02
2.187762e-02  1.407791e+02
2.511886e-02  9.869530e+01
2.884032e-02  6.867962e+01
3.311311e-02  4.744193e+01
3.845918e-02  3.152567e+01
4.466836e-02  2.078517e+01
5.188000e-02  1.360362e+01
6.095369e-02  8.551954e+00
7.244360e-02  5.155735e+00
8.810489e-02  2.881883e+00
1.083927e-01  1.545191e+00
1.927525e-01  2.697379e-01
2.371374e-01  1.446934e-01
2.786121e-01  8.971449e-02
3.235937e-01  5.796820e-02
3.715352e-01  3.902660e-02
4.216965e-01  2.735565e-02
4.731513e-01  1.994344e-02
5.248075e-01  1.510613e-02
5.888437e-01  1.118031e-02
6.606935e-01  8.338579e-03
7.328245e-01  6.448489e-03
8.609938e-01  4.368450e-03
9.225714e-01  3.719022e-03
9.772372e-01  3.270045e-03
1.047129e+00  2.823851e-03
1.135011e+00  2.399355e-03
1.230269e+00  2.053557e-03
1.348963e+00  1.731460e-03
1.698244e+00  1.148347e-03
1.949845e+00  9.033588e-04
2.213095e+00  7.300759e-04
2.511886e+00  5.944087e-04
2.884032e+00  4.785788e-04
3.349654e+00  3.811604e-04
3.890451e+00  3.058182e-04
4.518559e+00  2.471677e-04
5.370318e+00  1.948663e-04
6.382635e+00  1.548156e-04
7.673615e+00  1.220947e-04
9.332543e+00  9.559996e-05
1.161449e+01  7.335651e-05
1.462177e+01  5.598600e-05
1.840772e+01  4.303912e-05
2.454709e+01  3.122469e-05
3.427678e+01  2.173914e-05
4.897788e+01  1.488060e-05
7.673615e+01  9.319881e-06
1.380384e+02  5.102313e-06
2.660725e+02  2.622667e-06
5.308844e+02  1.307961e-06
4.216965e+03  1.639542e-07
1.000000e+05  6.909300e-09
-1  -1
1.184800e-04  0.000000e+00
1.184800e-04  7.290602e+05
1.186000e-04  7.464160e+05
1.192000e-04  8.238080e+05
1.205000e-04  1.025432e+06
1.212000e-04  1.146564e+06
1.218000e-04  1.254088e+06
1.225000e-04  1.380540e+06
1.230269e-04  1.474064e+06
1.235000e-04  1.555512e+06
1.240000e-04  1.637804e+06
1.245000e-04  1.715372e+06
1.252000e-04  1.814080e+06
1.257000e-04  1.876800e+06
1.262000e-04  1.932460e+06
1.267000e-04  1.980852e+06
1.273503e-04  2.032779e+06
1.280000e-04  2.072444e+06
1.287000e-04  2.102440e+06
1.295000e-04  2.122188e+06
1.303167e-04  2.127941e+06
1.310000e-04  2.123504e+06
1.320000e-04  2.104620e+06
1.330000e-04  2.074516e+06
1.345000e-04  2.015252e+06
1.364583e-04  1.924110e+06
1.390000e-04  1.798972e+06
1.428894e-04  1.614167e+06
1.480000e-04  1.396744e+06
1.531087e-04  1.205701e+06
1.580000e-04  1.043864e+06
1.635000e-04  8.853560e+05
1.862087e-04  4.624875e+05
1.980000e-04  3.429376e+05
2.080000e-04  2.714664e+05
2.168100e-04  2.244716e+05
2.240000e-04  1.945892e+05
2.300000e-04  1.743220e+05
2.350000e-04  1.601304e+05
2.400000e-04  1.480232e+05
2.454709e-04  1.368162e+05
2.511886e-04  1.270351e+05
2.570396e-04  1.187427e+05
2.630268e-04  1.117580e+05
2.691535e-04  1.059167e+05
2.754229e-04  1.010714e+05
2.818383e-04  9.709040e+04
2.884032e-04  9.385825e+04
2.951209e-04  9.127272e+04
3.030000e-04  8.899480e+04
3.100000e-04  8.752400e+04
3.200000e-04  8.612880e+04
3.320000e-04  8.527520e+04
3.430000e-04  8.504000e+04
3.600000e-04  8.529360e+04
4.365158e-04  8.811239e+04
4.677351e-04  8.859233e+04
5.000000e-04  8.840640e+04
5.308844e-04  8.767050e+04
5.650000e-04  8.635640e+04
6.025596e-04  8.441290e+04
6.456542e-04  8.173299e+04
6.918310e-04  7.855498e+04
7.413102e-04  7.494231e+04
8.000000e-04  7.058120e+04
8.609938e-04  6.613529e+04
9.332543e-04  6.108427e+04
1.011579e-03  5.599692e+04
1.096478e-03  5.094654e+04
1.190000e-03  4.597080e+04
1.300000e-03  4.082080e+04
1.412538e-03  3.627635e+04
1.566751e-03  3.103069e+04
1.717908e-03  2.679761e+04
1.862087e-03  2.344076e+04
2.070000e-03  1.950800e+04
2.300000e-03  1.610968e+04
2.570396e-03  1.304554e+04
2.851018e-03  1.062814e+04
3.162278e-03  8.591503e+03
3.507519e-03  6.890502e+03
3.890451e-03  5.483034e+03
4.315191e-03  4.330167e+03
4.786301e-03  3.394241e+03
5.308844e-03  2.640380e+03
5.888437e-03  2.038695e+03
6.531306e-03  1.562941e+03
7.244360e-03  1.189952e+03
8.035261e-03  8.998567e+02
9.000000e-03  6.577849e+02
1.000000e-02  4.882206e+02
1.122018e-02  3.498585e+02
1.258925e-02  2.488254e+02
1.412538e-02  1.756844e+02
1.584893e-02  1.231754e+02
1.798871e-02  8.269932e+01
2.041738e-02  5.508771e+01
2.317395e-02  3.641458e+01
2.630268e-02  2.389711e+01
3.019952e-02  1.498025e+01
3.507519e-02  8.958313e+00
4.073803e-02  5.316999e+00
4.841724e-02  2.888900e+00
5.821032e-02  1.494120e+00
7.328245e-02  6.496061e-01
1.380384e-01  6.468753e-02
1.698244e-01  3.060547e-02
2.018366e-01  1.651908e-02
2.344229e-01  9.744400e-03
2.691535e-01  6.029168e-03
3.054921e-01  3.910173e-03
3.427678e-01  2.655211e-03
3.845918e-01  1.816002e-03
4.315191e-01  1.251030e-03
4.731513e-01  9.348259e-04
5.069907e-01  7.552900e-04
5.559043e-01  5.731185e-04
6.382635e-01  3.827451e-04
7.079458e-01  2.846061e-04
8.128305e-01  1.937648e-04
8.709636e-01  1.600442e-04
9.225714e-01  1.374804e-04
9.660509e-01  1.225247e-04
1.011579e+00  1.099620e-04
1.059254e+00  9.933018e-05
1.122018e+00  8.809716e-05
1.188502e+00  7.866211e-05
1.273503e+00  6.915514e-05
1.380384e+00  5.993247e-05
1.531087e+00  5.010878e-05
1.862087e+00  3.549422e-05
2.089296e+00  2.915635e-05
2.371374e+00  2.366024e-05
2.722701e+00  1.898960e-05
3.198895e+00  1.482244e-05
3.715352e+00  1.186534e-05
4.315191e+00  9.568961e-06
5.069907e+00  7.647787e-06
6.025596e+00  6.060412e-06
7.161434e+00  4.838569e-06
8.810489e+00  3.724516e-06
1.083927e+01  2.891772e-06
1.333521e+01  2.261322e-06
1.698244e+01  1.710908e-06
2.238721e+01  1.254573e-06
2.917427e+01  9.386178e-07
4.120975e+01  6.480307e-07
6.095369e+01  4.294721e-07
1.000000e+02  2.574700e-07
1.927525e+02  1.318421e-07
3.845918e+02  6.564383e-08
7.673615e+02  3.278263e-08
1.216186e+04  2.061903e-09
1.000000e+05  2.507100e-10
-1  -1
1.094700e-04  0.000000e+00
1.094700e-04  1.169677e+06
1.096478e-04  1.215015e+06
1.098000e-04  1.252746e+06
1.107000e-04  1.482594e+06
1.113000e-04  1.646730e+06
1.118500e-04  1.802256e+06
1.124000e-04  1.959348e+06
1.129500e-04  2.115690e+06
1.135011e-04  2.269570e+06
1.141000e-04  2.430714e+06
1.146000e-04  2.558442e+06
1.152000e-04  2.701056e+06
1.157700e-04  2.824041e+06
1.163000e-04  2.926248e+06
1.169000e-04  3.026754e+06
1.175000e-04  3.110664e+06
1.182500e-04  3.192111e+06
1.190000e-04  3.248550e+06
1.198000e-04  3.283218e+06
1.204000e-04  3.293814e+06
1.211000e-04  3.291426e+06
1.219000e-04  3.272238e+06
1.230269e-04  3.221615e+06
1.242800e-04  3.142168e+06
1.258925e-04  3.018377e+06
1.278000e-04  2.858046e+06
1.303167e-04  2.644715e+06
1.350000e-04  2.279586e+06
1.400000e-04  1.945512e+06
1.450000e-04  1.659150e+06
1.500000e-04  1.412190e+06
1.560000e-04  1.162680e+06
1.720000e-04  7.079580e+05
1.800000e-04  5.651292e+05
1.880000e-04  4.588686e+05
1.950000e-04  3.878304e+05
2.018366e-04  3.333958e+05
2.080000e-04  2.942826e+05
2.137962e-04  2.644380e+05
2.190000e-04  2.423676e+05
2.240000e-04  2.246838e+05
2.290868e-04  2.096853e+05
2.345100e-04  1.964986e+05
2.400000e-04  1.856226e+05
2.454709e-04  1.768492e+05
2.511886e-04  1.695100e+05
2.570396e-04  1.635958e+05
2.637900e-04  1.583951e+05
2.710000e-04  1.543602e+05
2.786121e-04  1.514131e+05
2.880000e-04  1.491624e+05
2.985383e-04  1.479368e+05
3.100000e-04  1.476618e+05
3.280000e-04  1.485372e+05
3.845918e-04  1.532532e+05
4.120975e-04  1.544050e+05
4.365158e-04  1.545304e+05
4.623810e-04  1.537702e+05
4.897788e-04  1.521197e+05
5.188000e-04  1.496226e+05
5.500000e-04  1.462680e+05
5.888437e-04  1.414126e+05
6.309573e-04  1.356430e+05
6.760830e-04  1.291707e+05
7.300000e-04  1.213806e+05
7.852356e-04  1.135722e+05
8.511380e-04  1.047221e+05
9.225714e-04  9.581582e+04
1.000000e-03  8.704440e+04
1.083927e-03  7.852830e+04
1.190000e-03  6.916260e+04
1.303167e-03  6.061579e+04
1.412538e-03  5.361188e+04
1.570000e-03  4.525326e+04
1.737801e-03  3.811484e+04
1.905461e-03  3.239010e+04
2.070000e-03  2.783424e+04
2.290868e-03  2.295893e+04
2.540973e-03  1.871007e+04
2.818383e-03  1.512894e+04
3.140000e-03  1.202214e+04
3.467369e-03  9.663344e+03
3.845918e-03  7.635500e+03
4.265795e-03  5.986414e+03
4.731513e-03  4.657385e+03
5.248075e-03  3.596467e+03
5.821032e-03  2.756868e+03
6.456542e-03  2.097890e+03
7.161434e-03  1.585127e+03
8.000000e-03  1.165896e+03
8.912509e-03  8.576543e+02
9.885531e-03  6.345367e+02
1.109175e-02  4.505534e+02
1.244515e-02  3.174322e+02
1.396368e-02  2.219595e+02
1.566751e-02  1.540698e+02
1.757924e-02  1.061899e+02
1.972423e-02  7.268834e+01
2.213095e-02  4.942502e+01
2.511886e-02  3.209060e+01
2.851018e-02  2.068672e+01
3.273407e-02  1.271900e+01
3.758374e-02  7.762887e+00
4.265795e-02  4.904068e+00
5.011872e-02  2.710545e+00
6.025596e-02  1.365099e+00
7.852356e-02  5.049418e-01
1.244515e-01  8.905373e-02
1.513561e-01  4.281882e-02
1.778279e-01  2.358748e-02
2.065380e-01  1.365992e-02
2.344229e-01  8.662635e-03
2.630268e-01  5.764487e-03
2.951209e-01  3.864361e-03
3.273407e-01  2.715771e-03
3.630781e-01  1.922607e-03
4.027170e-01  1.371814e-03
4.415705e-01  1.023101e-03
4.786301e-01  7.964740e-04
5.128614e-01  6.461011e-04
5.623413e-01  4.927329e-04
6.237348e-01  3.664050e-04
6.839117e-01  2.835030e-04
7.498942e-01  2.209309e-04
8.609938e-01  1.532832e-04
9.120108e-01  1.324098e-04
9.660509e-01  1.152184e-04
1.011579e+00  1.037518e-04
1.071519e+00  9.167989e-05
1.135011e+00  8.152929e-05
1.216186e+00  7.132145e-05
1.318257e+00  6.147952e-05
1.840772e+00  3.413699e-05
2.089296e+00  2.749102e-05
2.371374e+00  2.230877e-05
2.722701e+00  1.790466e-05
3.198895e+00  1.397551e-05
3.715352e+00  1.118751e-05
4.315191e+00  9.022285e-06
5.069907e+00  7.210792e-06
6.025596e+00  5.714169e-06
7.161434e+00  4.562104e-06
8.810489e+00  3.511779e-06
1.083927e+01  2.726564e-06
1.333521e+01  2.132120e-06
1.698244e+01  1.613177e-06
2.264644e+01  1.167801e-06
3.019952e+01  8.525031e-07
4.265795e+01  5.890353e-07
6.382635e+01  3.859804e-07
1.059254e+02  2.288399e-07
2.065380e+02  1.159025e-07
4.120975e+02  5.773490e-08
1.640590e+03  1.443414e-08
1.000000e+05  2.363900e-10
-1  -1
1.012000e-05  0.000000e+00
1.012000e-05  2.301091e+05
1.035142e-05  2.292332e+05
1.060000e-05  2.292057e+05
1.090000e-05  2.304109e+05
1.122018e-05  2.331102e+05
1.150000e-05  2.367554e+05
1.175000e-05  2.409366e+05
1.210000e-05  2.483080e+05
1.245000e-05  2.575069e+05
1.280000e-05  2.684201e+05
1.320000e-05  2.829779e+05
1.364583e-05  3.017982e+05
1.412538e-05  3.250992e+05
1.470000e-05  3.570592e+05
1.531087e-05  3.957877e+05
1.610000e-05  4.529034e+05
1.698244e-05  5.263659e+05
1.840772e-05  6.661150e+05
2.162719e-05  1.074977e+06
2.317395e-05  1.311992e+06
2.454709e-05  1.538650e+06
2.580000e-05  1.754199e+06
2.691535e-05  1.950404e+06
2.818383e-05  2.174232e+06
2.917427e-05  2.346025e+06
3.040000e-05  2.552064e+06
3.162278e-05  2.748050e+06
3.300000e-05  2.955436e+06
3.450000e-05  3.164168e+06
3.589219e-05  3.340982e+06
3.758374e-05  3.533731e+06
3.950000e-05  3.725375e+06
4.168694e-05  3.914267e+06
4.400000e-05  4.081450e+06
4.623810e-05  4.211137e+06
4.850000e-05  4.310771e+06
5.080000e-05  4.378674e+06
5.300000e-05  4.409171e+06
5.500000e-05  4.406720e+06
5.688529e-05  4.379232e+06
5.900000e-05  4.321451e+06
6.095369e-05  4.244603e+06
6.309573e-05  4.137425e+06
6.531306e-05  4.006012e+06
6.760830e-05  3.853999e+06
7.000000e-05  3.683666e+06
7.244360e-05  3.501286e+06
7.500000e-05  3.305648e+06
7.800000e-05  3.075162e+06
8.035261e-05  2.896453e+06
8.317638e-05  2.685829e+06
8.609938e-05  2.473530e+06
8.912509e-05  2.261718e+06
9.225714e-05  2.053071e+06
9.500000e-05  1.879633e+06
9.800000e-05  1.700224e+06
1.011579e-04  1.524021e+06
1.040000e-04  1.377283e+06
1.071519e-04  1.227549e+06
1.100000e-04  1.103495e+06
1.135011e-04  9.651358e+05
1.174898e-04  8.258321e+05
1.208500e-04  7.224358e+05
1.244515e-04  6.242173e+05
1.280000e-04  5.389573e+05
1.318257e-04  4.586899e+05
1.350000e-04  4.003176e+05
1.380384e-04  3.506286e+05
1.415000e-04  3.006008e+05
1.450000e-04  2.564475e+05
1.480000e-04  2.232503e+05
1.513561e-04  1.906514e+05
1.548817e-04  1.609594e+05
1.580000e-04  1.381327e+05
1.610000e-04  1.188939e+05
1.640590e-04  1.017487e+05
1.670000e-04  8.736948e+04
1.705000e-04  7.262761e+04
1.740000e-04  6.013815e+04
1.770000e-04  5.100578e+04
1.800000e-04  4.315982e+04
1.840772e-04  3.430666e+04
1.953400e-04  1.833719e+04
1.980000e-04  1.598270e+04
2.000000e-04  1.449718e+04
2.020000e-04  1.323408e+04
2.040000e-04  1.217497e+04
2.055000e-04  1.150412e+04
2.070000e-04  1.093150e+04
2.085000e-04  1.045071e+04
2.100000e-04  1.005577e+04
2.115000e-04  9.741041e+03
2.128000e-04  9.529018e+03
2.142000e-04  9.359852e+03
2.155000e-04  9.254389e+03
2.170000e-04  9.190566e+03
2.185000e-04  9.184652e+03
2.198000e-04  9.223240e+03
2.213095e-04  9.315531e+03
2.230900e-04  9.485192e+03
2.250000e-04  9.734219e+03
2.270000e-04  1.006237e+04
2.290868e-04  1.047080e+04
2.317395e-04  1.107591e+04
2.350000e-04  1.193226e+04
2.483133e-04  1.630241e+04
2.540973e-04  1.845780e+04
2.580000e-04  1.994834e+04
2.635000e-04  2.206086e+04
2.691535e-04  2.421820e+04
2.750000e-04  2.641138e+04
2.800000e-04  2.823727e+04
2.851018e-04  3.003310e+04
2.917427e-04  3.225134e+04
2.985383e-04  3.438272e+04
3.054921e-04  3.641927e+04
3.126079e-04  3.835284e+04
3.198895e-04  4.016802e+04
3.273407e-04  4.184937e+04
3.349654e-04  4.338425e+04
3.429800e-04  4.479780e+04
3.507519e-04  4.597888e+04
3.589219e-04  4.702835e+04
3.715352e-04  4.828959e+04
3.845918e-04  4.918408e+04
3.981072e-04  4.973257e+04
4.137700e-04  5.014548e+04
4.265795e-04  5.022134e+04
4.415704e-04  5.003728e+04
4.570882e-04  4.958969e+04
4.731513e-04  4.890629e+04
4.954502e-04  4.768059e+04
5.188000e-04  4.622207e+04
5.432503e-04  4.453184e+04
5.688529e-04  4.264459e+04
6.025596e-04  4.008569e+04
6.382635e-04  3.740187e+04
6.760830e-04  3.464273e+04
7.161434e-04  3.187214e+04
7.585776e-04  2.914128e+04
8.035261e-04  2.648695e+04
8.609938e-04  2.344816e+04
9.225714e-04  2.060525e+04
9.885530e-04  1.798286e+04
1.059254e-03  1.559317e+04
1.135011e-03  1.343794e+04
1.230269e-03  1.121327e+04
1.333521e-03  9.286126e+03
1.445440e-03  7.635405e+03
1.584893e-03  6.057662e+03
1.717908e-03  4.914193e+03
1.883649e-03  3.840297e+03
2.065380e-03  2.977930e+03
2.264644e-03  2.292285e+03
2.483133e-03  1.751755e+03
2.722701e-03  1.329349e+03
3.000000e-03  9.871928e+02
3.311311e-03  7.236289e+02
3.630781e-03  5.378825e+02
4.000000e-03  3.910024e+02
4.415704e-03  2.801815e+02
4.841724e-03  2.037776e+02
5.370318e-03  1.413027e+02
6.000000e-03  9.472993e+01
6.683439e-03  6.383302e+01
7.498942e-03  4.156681e+01
8.317638e-03  2.805872e+01
9.332543e-03  1.799279e+01
1.047129e-02  1.145097e+01
1.174898e-02  7.234850e+00
1.318257e-02  4.539556e+00
1.496236e-02  2.698114e+00
1.698244e-02  1.591502e+00
1.927525e-02  9.321924e-01
2.213095e-02  5.162565e-01
2.570396e-02  2.699591e-01
3.019952e-02  1.332230e-01
3.589219e-02  6.202323e-02
4.415704e-02  2.458376e-02
9.015711e-02  9.916453e-04
1.122019e-01  3.730653e-04
1.348963e-01  1.647628e-04
1.513561e-01  9.943758e-05
1.717908e-01  5.754573e-05
1.949845e-01  3.355904e-05
2.238721e-01  1.876111e-05
2.511886e-01  1.163429e-05
2.818383e-01  7.267783e-06
3.126079e-01  4.792230e-06
3.467369e-01  3.182920e-06
3.845918e-01  2.130533e-06
4.265795e-01  1.437534e-06
4.677351e-01  1.021094e-06
5.011872e-01  7.944114e-07
5.432503e-01  5.986112e-07
5.888437e-01  4.544384e-07
6.382635e-01  3.473577e-07
6.998420e-01  2.574626e-07
7.673615e-01  1.922240e-07
8.000000e-01  1.687900e-07
8.413951e-01  1.427228e-07
8.810489e-01  1.232012e-07
9.225714e-01  1.071227e-07
9.549926e-01  9.699922e-08
9.885531e-01  8.831512e-08
1.023293e+00  8.089851e-08
1.059254e+00  7.453817e-08
1.096478e+00  6.903585e-08
1.148154e+00  6.276687e-08
1.202264e+00  5.745371e-08
1.288250e+00  5.076184e-08
1.396368e+00  4.431375e-08
1.513561e+00  3.883949e-08
1.927525e+00  2.539059e-08
2.162719e+00  2.089554e-08
2.454709e+00  1.699077e-08
2.818383e+00  1.366283e-08
3.311311e+00  1.068360e-08
3.845918e+00  8.567020e-09
4.466836e+00  6.920329e-09
5.308844e+00  5.453085e-09
6.309573e+00  4.330080e-09
7.585776e+00  3.413310e-09
9.225714e+00  2.671339e-09
1.148154e+01  2.048940e-09
1.445440e+01  1.563050e-09
1.819701e+01  1.201215e-09
2.426610e+01  8.711540e-10
3.388442e+01  6.063590e-10
4.841724e+01  4.149510e-10
7.585776e+01  2.598410e-10
1.348963e+02  1.439040e-10
2.600160e+02  7.395230e-11
5.188000e+02  3.687800e-11
4.120975e+03  4.621990e-12
1.000000e+05  1.903500e-13
-1  -1
9.030000e-06  0.000000e+00
9.030000e-06  3.810986e+05
9.120108e-06  3.787280e+05
9.440609e-06  3.747115e+05
9.772372e-06  3.737525e+05
1.010000e-05  3.761227e+05
1.035142e-05  3.799717e+05
1.060000e-05  3.855878e+05
1.085000e-05  3.928358e+05
1.120000e-05  4.056907e+05
1.150000e-05  4.191535e+05
1.190000e-05  4.404312e+05
1.230269e-05  4.654946e+05
1.273503e-05  4.962571e+05
1.318257e-05  5.322107e+05
1.365000e-05  5.740744e+05
1.428894e-05  6.381994e+05
1.513561e-05  7.351178e+05
1.621810e-05  8.781455e+05
2.070000e-05  1.682909e+06
2.238721e-05  2.060764e+06
2.378500e-05  2.393550e+06
2.511886e-05  2.719478e+06
2.630268e-05  3.010040e+06
2.754229e-05  3.309135e+06
2.884032e-05  3.611846e+06
3.000000e-05  3.868564e+06
3.126079e-05  4.129335e+06
3.273407e-05  4.408487e+06
3.427678e-05  4.671980e+06
3.589219e-05  4.916548e+06
3.758374e-05  5.139155e+06
3.950000e-05  5.355190e+06
4.168694e-05  5.562075e+06
4.400000e-05  5.735852e+06
4.623810e-05  5.859683e+06
4.850000e-05  5.942480e+06
5.080000e-05  5.980423e+06
5.300000e-05  5.969497e+06
5.500000e-05  5.920857e+06
5.688529e-05  5.844185e+06
5.900000e-05  5.725086e+06
6.095369e-05  5.586590e+06
6.309573e-05  5.408924e+06
6.531306e-05  5.204312e+06
6.760830e-05  4.977255e+06
7.000000e-05  4.729317e+06
7.244360e-05  4.469447e+06
7.500000e-05  4.196792e+06
7.800000e-05  3.881410e+06
8.035261e-05  3.639347e+06
8.317638e-05  3.355776e+06
8.609938e-05  3.073674e+06
8.912509e-05  2.796075e+06
9.225714e-05  2.523941e+06
9.500000e-05  2.298944e+06
9.800000e-05  2.068826e+06
1.011579e-04  1.845387e+06
1.040000e-04  1.660127e+06
1.071519e-04  1.471669e+06
1.100000e-04  1.316772e+06
1.135011e-04  1.145717e+06
1.170000e-04  9.941581e+05
1.205000e-04  8.599732e+05
1.240000e-04  7.418889e+05
1.273503e-04  6.426127e+05
1.303167e-04  5.646563e+05
1.333521e-04  4.934636e+05
1.365000e-04  4.279741e+05
1.400000e-04  3.642439e+05
1.430000e-04  3.164383e+05
1.465000e-04  2.676452e+05
1.500000e-04  2.254814e+05
1.531087e-04  1.930019e+05
1.560000e-04  1.665688e+05
1.590000e-04  1.425718e+05
1.621810e-04  1.204947e+05
1.650000e-04  1.034935e+05
1.680000e-04  8.775984e+04
1.705000e-04  7.632649e+04
1.740000e-04  6.259943e+04
1.778279e-04  5.024040e+04
1.820000e-04  3.944861e+04
1.890000e-04  2.645938e+04
1.915000e-04  2.310807e+04
1.940000e-04  2.032565e+04
1.957000e-04  1.872742e+04
1.973000e-04  1.742237e+04
1.990000e-04  1.623208e+04
2.007000e-04  1.522964e+04
2.023000e-04  1.444541e+04
2.035000e-04  1.395200e+04
2.050000e-04  1.344226e+04
2.065380e-04  1.303541e+04
2.080000e-04  1.275006e+04
2.095000e-04  1.255296e+04
2.107000e-04  1.246055e+04
2.123000e-04  1.242144e+04
2.140000e-04  1.247765e+04
2.158000e-04  1.263776e+04
2.173000e-04  1.284361e+04
2.190000e-04  1.314967e+04
2.213095e-04  1.367740e+04
2.240000e-04  1.443574e+04
2.265000e-04  1.526052e+04
2.300000e-04  1.657990e+04
2.420000e-04  2.211205e+04
2.460000e-04  2.415813e+04
2.511886e-04  2.687736e+04
2.550000e-04  2.889937e+04
2.600160e-04  3.156304e+04
2.650000e-04  3.417456e+04
2.703130e-04  3.688290e+04
2.754229e-04  3.940271e+04
2.818383e-04  4.243074e+04
2.884032e-04  4.534840e+04
2.951209e-04  4.812453e+04
3.019952e-04  5.076094e+04
3.090295e-04  5.329867e+04
3.162278e-04  5.565850e+04
3.235937e-04  5.782114e+04
3.311311e-04  5.977140e+04
3.388442e-04  6.149835e+04
3.467369e-04  6.299533e+04
3.548134e-04  6.425984e+04
3.672823e-04  6.572497e+04
3.801894e-04  6.669119e+04
3.935501e-04  6.719402e+04
4.120975e-04  6.746766e+04
4.265795e-04  6.731978e+04
4.415704e-04  6.681114e+04
4.570882e-04  6.597532e+04
4.786301e-04  6.441687e+04
5.011872e-04  6.244262e+04
5.248075e-04  6.021933e+04
5.495409e-04  5.772156e+04
5.754399e-04  5.501481e+04
6.095369e-04  5.143997e+04
6.456542e-04  4.775791e+04
6.839116e-04  4.403121e+04
7.244360e-04  4.033571e+04
7.673615e-04  3.672789e+04
8.222426e-04  3.257608e+04
8.810489e-04  2.867308e+04
9.440609e-04  2.505738e+04
1.011579e-03  2.175120e+04
1.083927e-03  1.876719e+04
1.174898e-03  1.568193e+04
1.273503e-03  1.300409e+04
1.380384e-03  1.070567e+04
1.513561e-03  8.502512e+03
1.640590e-03  6.905258e+03
1.778279e-03  5.572550e+03
1.949845e-03  4.328887e+03
2.137962e-03  3.337676e+03
2.344229e-03  2.554660e+03
2.570396e-03  1.941395e+03
2.818383e-03  1.465305e+03
3.090295e-03  1.098662e+03
3.388442e-03  8.182766e+02
3.693000e-03  6.176356e+02
3.758374e-03  5.849197e+02
3.845918e-03  5.413704e+02
3.890451e-03  5.192682e+02
4.073803e-03  4.337993e+02
4.265795e-03  3.654766e+02
4.466836e-03  3.100044e+02
4.731513e-03  2.542116e+02
5.128614e-03  1.942476e+02
5.405000e-03  1.633964e+02
5.956621e-03  1.149508e+02
6.606934e-03  7.845451e+01
7.328245e-03  5.317284e+01
8.128305e-03  3.579682e+01
9.120108e-03  2.288897e+01
1.023293e-02  1.452257e+01
1.148154e-02  9.145574e+00
1.288250e-02  5.718411e+00
1.462177e-02  3.384749e+00
1.659587e-02  1.987646e+00
1.883649e-02  1.158622e+00
2.162719e-02  6.380155e-01
2.483133e-02  3.486363e-01
2.884032e-02  1.797751e-01
3.388442e-02  8.742355e-02
4.073803e-02  3.805541e-02
5.188000e-02  1.266342e-02
9.120108e-02  9.617855e-04
1.174898e-01  3.040166e-04
1.348963e-01  1.632917e-04
1.513561e-01  9.788898e-05
1.717908e-01  5.625588e-05
1.927525e-01  3.423930e-05
2.187762e-01  1.996340e-05
2.426610e-01  1.292897e-05
2.660725e-01  8.847123e-06
2.917427e-01  6.099486e-06
3.198895e-01  4.235407e-06
3.507519e-01  2.962867e-06
3.801894e-01  2.181498e-06
4.216965e-01  1.483904e-06
4.518559e-01  1.154979e-06
4.841724e-01  9.052095e-07
5.069907e-01  7.733597e-07
5.432503e-01  6.160163e-07
5.888437e-01  4.761166e-07
6.606935e-01  3.311192e-07
7.161434e-01  2.582933e-07
7.762471e-01  2.028201e-07
8.511380e-01  1.544054e-07
8.912509e-01  1.353688e-07
9.332543e-01  1.193789e-07
9.772372e-01  1.060241e-07
1.011579e+00  9.752504e-08
1.059254e+00  8.783861e-08
1.109175e+00  7.963928e-08
1.174898e+00  7.101124e-08
1.250000e+00  6.325300e-08
1.348963e+00  5.524001e-08
1.513561e+00  4.540606e-08
1.883649e+00  3.089059e-08
2.113489e+00  2.539010e-08
2.398833e+00  2.061839e-08
2.754229e+00  1.655871e-08
3.235937e+00  1.293251e-08
3.758374e+00  1.035846e-08
4.365158e+00  8.358250e-09
5.128614e+00  6.683388e-09
6.095369e+00  5.298906e-09
7.244360e+00  4.232603e-09
8.912509e+00  3.259612e-09
1.109175e+01  2.497042e-09
1.380384e+01  1.928046e-09
1.757924e+01  1.460547e-09
2.344229e+01  1.058158e-09
3.235937e+01  7.450160e-10
4.570882e+01  5.155450e-10
6.998420e+01  3.302660e-10
1.202264e+02  1.892660e-10
2.344229e+02  9.600840e-11
4.677351e+02  4.785620e-11
1.862087e+03  1.197300e-11
1.000000e+05  2.225700e-13
-1  -1
5.439000e-05  0.000000e+00
5.439000e-05  3.416380e+05
5.495409e-05  3.295221e+05
5.623413e-05  3.017552e+05
5.920000e-05  2.465100e+05
6.165950e-05  2.115740e+05
6.382635e-05  1.872396e+05
6.580000e-05  1.692220e+05
6.800000e-05  1.527658e+05
7.000000e-05  1.404156e+05
7.244360e-05  1.279418e+05
7.500000e-05  1.172506e+05
7.800000e-05  1.069932e+05
8.150000e-05  9.730400e+04
8.511380e-05  8.915872e+04
9.000000e-05  8.030200e+04
9.500000e-05  7.310220e+04
1.000000e-04  6.731080e+04
1.047129e-04  6.285778e+04
1.100000e-04  5.877060e+04
1.161449e-04  5.493329e+04
1.244515e-04  5.082547e+04
1.380384e-04  4.568172e+04
2.137962e-04  2.954565e+04
2.426610e-04  2.585088e+04
2.917427e-04  2.110410e+04
3.311311e-04  1.824396e+04
4.000000e-04  1.453802e+04
4.623810e-04  1.213075e+04
5.559043e-04  9.557378e+03
6.606934e-04  7.579281e+03
7.852356e-04  5.965527e+03
9.332543e-04  4.660295e+03
1.109175e-03  3.615560e+03
1.333521e-03  2.738515e+03
1.640590e-03  1.987892e+03
2.089296e-03  1.356427e+03
2.660725e-03  9.184171e+02
3.427678e-03  6.054822e+02
4.265795e-03  4.194573e+02
5.248075e-03  2.941246e+02
6.456542e-03  2.046292e+02
7.852356e-03  1.441496e+02
9.332543e-03  1.051061e+02
1.122018e-02  7.440218e+01
1.380384e-02  5.004176e+01
1.698244e-02  3.340080e+01
2.137962e-02  2.117621e+01
2.570396e-02  1.460252e+01
3.019952e-02  1.048005e+01
3.589219e-02  7.279195e+00
4.265795e-02  5.018874e+00
5.128614e-02  3.349628e+00
6.165950e-02  2.218563e+00
7.498942e-02  1.420845e+00
8.912509e-02  9.521451e-01
1.109175e-01  5.688387e-01
1.445440e-01  3.023757e-01
2.600160e-01  7.327883e-02
3.235937e-01  4.349941e-02
3.890451e-01  2.823714e-02
4.570882e-01  1.947888e-02
5.248075e-01  1.426070e-02
6.095369e-01  1.025230e-02
6.998420e-01  7.612701e-03
8.128305e-01  5.557347e-03
9.225714e-01  4.285558e-03
1.047129e+00  3.331588e-03
1.230269e+00  2.432661e-03
1.380384e+00  1.957034e-03
1.548817e+00  1.584720e-03
1.757924e+00  1.266261e-03
2.018366e+00  9.986953e-04
2.290868e+00  8.088823e-04
2.630268e+00  6.479064e-04
3.054921e+00  5.137106e-04
3.548134e+00  4.102719e-04
4.120975e+00  3.301197e-04
4.841724e+00  2.632829e-04
5.754399e+00  2.082104e-04
6.839116e+00  1.659080e-04
8.317638e+00  1.293254e-04
1.000000e+01  1.030200e-04
1.230269e+01  8.033330e-05
1.548817e+01  6.142673e-05
2.018366e+01  4.550041e-05
2.570396e+01  3.481691e-05
3.548134e+01  2.456341e-05
5.128614e+01  1.662373e-05
8.128305e+01  1.029748e-05
1.479108e+02  5.575981e-06
2.917427e+02  2.802357e-06
5.821032e+02  1.398089e-06
4.623810e+03  1.753241e-07
1.000000e+05  8.101400e-09
-1  -1
3.552000e-05  0.000000e+00
3.552000e-05  6.569319e+06
3.630781e-05  6.271772e+06
3.740000e-05  5.846560e+06
3.900000e-05  5.259480e+06
4.168694e-05  4.413414e+06
4.415704e-05  3.767269e+06
4.677351e-05  3.194912e+06
5.000000e-05  2.618340e+06
5.400000e-05  2.063160e+06
6.531306e-05  1.132922e+06
7.328245e-05  7.940730e+05
8.511380e-05  5.054382e+05
1.161449e-04  1.993640e+05
1.350000e-04  1.279214e+05
1.531087e-04  8.889513e+04
1.698244e-04  6.633338e+04
1.883649e-04  4.987971e+04
2.065380e-04  3.899933e+04
2.238721e-04  3.167085e+04
2.400000e-04  2.663480e+04
2.580000e-04  2.241040e+04
2.754229e-04  1.929699e+04
2.951209e-04  1.658447e+04
3.162278e-04  1.435825e+04
3.350000e-04  1.280556e+04
3.550000e-04  1.147960e+04
3.801894e-04  1.015783e+04
4.073803e-04  9.041374e+03
4.365158e-04  8.101127e+03
4.700000e-04  7.254020e+03
5.150000e-04  6.383120e+03
5.688529e-04  5.602097e+03
6.309573e-04  4.928112e+03
7.244360e-04  4.186801e+03
1.122018e-03  2.541734e+03
1.348963e-03  2.045683e+03
1.584893e-03  1.680050e+03
1.862087e-03  1.369467e+03
2.187762e-03  1.107729e+03
2.540973e-03  9.030468e+02
2.951209e-03  7.306920e+02
3.388442e-03  5.967495e+02
3.890451e-03  4.839369e+02
4.466836e-03  3.895779e+02
5.069907e-03  3.171735e+02
5.754399e-03  2.564703e+02
6.531306e-03  2.059851e+02
7.413102e-03  1.642966e+02
8.511380e-03  1.273793e+02
9.660509e-03  1.001708e+02
1.109175e-02  7.648512e+01
1.273503e-02  5.793839e+01
1.462177e-02  4.354358e+01
1.757924e-02  2.946346e+01
1.995262e-02  2.231419e+01
2.290868e-02  1.635053e+01
2.630268e-02  1.189675e+01
3.019952e-02  8.594862e+00
3.507519e-02  5.995620e+00
4.073803e-02  4.150349e+00
4.731513e-02  2.852034e+00
5.559043e-02  1.890047e+00
6.531306e-02  1.243605e+00
7.852356e-02  7.649183e-01
9.772372e-02  4.259924e-01
1.288250e-01  2.013499e-01
2.113489e-01  5.228808e-02
2.630268e-01  2.899394e-02
3.162278e-01  1.777488e-02
3.672823e-01  1.202397e-02
4.216965e-01  8.438986e-03
4.841724e-01  5.968349e-03
5.495409e-01  4.376586e-03
6.165950e-01  3.323241e-03
6.918310e-01  2.540837e-03
7.762471e-01  1.956681e-03
8.709636e-01  1.515568e-03
9.440609e-01  1.275100e-03
1.023293e+00  1.080443e-03
1.148154e+00  8.596043e-04
1.273503e+00  7.042608e-04
1.428894e+00  5.689623e-04
1.659587e+00  4.348792e-04
1.905461e+00  3.418724e-04
2.162719e+00  2.759520e-04
2.454709e+00  2.243812e-04
2.818383e+00  1.804338e-04
3.311311e+00  1.410918e-04
3.845918e+00  1.131403e-04
4.466836e+00  9.139184e-05
5.308844e+00  7.201412e-05
6.309573e+00  5.718361e-05
7.498942e+00  4.574111e-05
9.120108e+00  3.578154e-05
1.135011e+01  2.743394e-05
1.428894e+01  2.091866e-05
1.800000e+01  1.606000e-05
2.400000e+01  1.164500e-05
3.349654e+01  8.107273e-06
4.786301e+01  5.546676e-06
7.498942e+01  3.472569e-06
1.333521e+02  1.922896e-06
2.570396e+02  9.880301e-07
5.128614e+02  4.926874e-07
4.073803e+03  6.174642e-08
1.000000e+05  2.513800e-09
-1  -1
2.525000e-05  0.000000e+00
2.525000e-05  1.541624e+07
2.800000e-05  1.092264e+07
3.090295e-05  7.927414e+06
3.672823e-05  4.546007e+06
4.800000e-05  1.896700e+06
5.248075e-05  1.425669e+06
5.688529e-05  1.109265e+06
6.095369e-05  9.003216e+05
6.531306e-05  7.357806e+05
7.000000e-05  6.055000e+05
7.413102e-05  5.185143e+05
7.852356e-05  4.464279e+05
8.317638e-05  3.867423e+05
8.810489e-05  3.371423e+05
9.332543e-05  2.956966e+05
1.000000e-04  2.545288e+05
1.071519e-04  2.207669e+05
1.150000e-04  1.922864e+05
1.230269e-04  1.696764e+05
1.318257e-04  1.502981e+05
1.412538e-04  1.340494e+05
1.531087e-04  1.182066e+05
1.678804e-04  1.032197e+05
1.883649e-04  8.785958e+04
2.137962e-04  7.418943e+04
2.500000e-04  6.077120e+04
4.073803e-04  3.307409e+04
5.011872e-04  2.538135e+04
5.956621e-04  2.022299e+04
7.079458e-04  1.599635e+04
8.317638e-04  1.276115e+04
9.772372e-04  1.010828e+04
1.148154e-03  7.946754e+03
1.348963e-03  6.201006e+03
1.584893e-03  4.802598e+03
1.862087e-03  3.692920e+03
2.213095e-03  2.765547e+03
2.600160e-03  2.095960e+03
3.054921e-03  1.576535e+03
3.548134e-03  1.201768e+03
4.120975e-03  9.094043e+02
4.731513e-03  6.982320e+02
5.432503e-03  5.323760e+02
6.237348e-03  4.029985e+02
7.161434e-03  3.027908e+02
8.222426e-03  2.258052e+02
9.440609e-03  1.671307e+02
1.096478e-02  1.197336e+02
1.261910e-02  8.691087e+01
1.445440e-02  6.329690e+01
1.621810e-02  4.804705e+01
1.840772e-02  3.523551e+01
2.113489e-02  2.493283e+01
2.426610e-02  1.751044e+01
2.786121e-02  1.220770e+01
3.198895e-02  8.448567e+00
3.672823e-02  5.805442e+00
4.216965e-02  3.962059e+00
4.897788e-02  2.600095e+00
5.754399e-02  1.639160e+00
6.760830e-02  1.025458e+00
8.128305e-02  5.952747e-01
1.000000e-01  3.203666e-01
1.972423e-01  4.092237e-02
2.426610e-01  2.197100e-02
2.851018e-01  1.363779e-02
3.311311e-01  8.823581e-03
3.758374e-01  6.145779e-03
4.265795e-01  4.311423e-03
4.786301e-01  3.145883e-03
5.308844e-01  2.384858e-03
5.956621e-01  1.766636e-03
6.683439e-01  1.318770e-03
7.413102e-01  1.020748e-03
8.609938e-01  7.114636e-04
9.225714e-01  6.058065e-04
9.772372e-01  5.327418e-04
1.047129e+00  4.601033e-04
1.135011e+00  3.909623e-04
1.230269e+00  3.346157e-04
1.348963e+00  2.821169e-04
1.678804e+00  1.909140e-04
1.927525e+00  1.501032e-04
2.187762e+00  1.212453e-04
2.483133e+00  9.865249e-05
2.851018e+00  7.937325e-05
3.311311e+00  6.318034e-05
3.845918e+00  5.066338e-05
4.466836e+00  4.092499e-05
5.308844e+00  3.224823e-05
6.309573e+00  2.560716e-05
7.498942e+00  2.048326e-05
9.120108e+00  1.602271e-05
1.148154e+01  1.211713e-05
1.445440e+01  9.243600e-06
1.819701e+01  7.103889e-06
2.426610e+01  5.151862e-06
3.388442e+01  3.585895e-06
4.841724e+01  2.453916e-06
7.585776e+01  1.536649e-06
1.333521e+02  8.610891e-07
2.600160e+02  4.373332e-07
5.188000e+02  2.180855e-07
4.120975e+03  2.733312e-08
1.000000e+05  1.125700e-09
-1  -1
4.750000e-06  0.000000e+00
4.750000e-06  2.942973e+06
4.800000e-06  2.996280e+06
4.960000e-06  3.121992e+06
5.150000e-06  3.252960e+06
5.420000e-06  3.409620e+06
5.700000e-06  3.539868e+06
5.956621e-06  3.636843e+06
6.350000e-06  3.750052e+06
6.700000e-06  3.823132e+06
7.100000e-06  3.877504e+06
7.585776e-06  3.912078e+06
8.128305e-06  3.918713e+06
8.609938e-06  3.900156e+06
9.200000e-06  3.850248e+06
9.772372e-06  3.778175e+06
1.035142e-05  3.685870e+06
1.096478e-05  3.570868e+06
1.161449e-05  3.431639e+06
1.230269e-05  3.271593e+06
1.290000e-05  3.125960e+06
1.350000e-05  2.974860e+06
1.420000e-05  2.796684e+06
1.496236e-05  2.603866e+06
1.570000e-05  2.422640e+06
1.659587e-05  2.213054e+06
1.757924e-05  1.998515e+06
1.862087e-05  1.791259e+06
1.980000e-05  1.582756e+06
2.113489e-05  1.378060e+06
2.290868e-05  1.151790e+06
2.511886e-05  9.307862e+05
2.800000e-05  7.177960e+05
3.126079e-05  5.474126e+05
3.467369e-05  4.212853e+05
3.801894e-05  3.313815e+05
4.120975e-05  2.668391e+05
4.466836e-05  2.132355e+05
4.800000e-05  1.734292e+05
5.188000e-05  1.377401e+05
5.623413e-05  1.077016e+05
6.165950e-05  8.070950e+04
6.839116e-05  5.787663e+04
7.585776e-05  4.117456e+04
8.317638e-05  3.018721e+04
8.912509e-05  2.377506e+04
9.549926e-05  1.862017e+04
1.035142e-04  1.389066e+04
1.122018e-04  1.028404e+04
1.421350e-04  4.179560e+03
1.500000e-04  3.419752e+03
1.566751e-04  2.925555e+03
1.640590e-04  2.497391e+03
1.698244e-04  2.229374e+03
1.757924e-04  1.999771e+03
1.819701e-04  1.803196e+03
1.883649e-04  1.635066e+03
1.949845e-04  1.491494e+03
2.000000e-04  1.399660e+03
2.065380e-04  1.314627e+03
2.137962e-04  1.237570e+03
2.213095e-04  1.172879e+03
2.290868e-04  1.118570e+03
2.371374e-04  1.073029e+03
2.454709e-04  1.034923e+03
2.540973e-04  1.003146e+03
2.660725e-04  9.690325e+02
2.786121e-04  9.426863e+02
2.917427e-04  9.225769e+02
3.090295e-04  9.039452e+02
3.311311e-04  8.884692e+02
4.027170e-04  8.601808e+02
4.415704e-04  8.367424e+02
4.786301e-04  8.120032e+02
5.128614e-04  7.870564e+02
5.559043e-04  7.534632e+02
6.025596e-04  7.159036e+02
6.531306e-04  6.747344e+02
7.079458e-04  6.313208e+02
7.673615e-04  5.866505e+02
8.317638e-04  5.416094e+02
9.015711e-04  4.968097e+02
9.772372e-04  4.526223e+02
1.071519e-03  4.038935e+02
1.174898e-03  3.577065e+02
1.288250e-03  3.144873e+02
1.412538e-03  2.745404e+02
1.548817e-03  2.380474e+02
1.698244e-03  2.050620e+02
1.883649e-03  1.720652e+02
2.089296e-03  1.432557e+02
2.317395e-03  1.185109e+02
2.511886e-03  1.016583e+02
2.754229e-03  8.470263e+01
3.090295e-03  6.685790e+01
3.427678e-03  5.368625e+01
3.801894e-03  4.280529e+01
4.168694e-03  3.477829e+01
4.623810e-03  2.733276e+01
5.128614e-03  2.132363e+01
5.688529e-03  1.651375e+01
6.309573e-03  1.269649e+01
6.998420e-03  9.693533e+00
7.762471e-03  7.350478e+00
8.609938e-03  5.536900e+00
9.660509e-03  4.010846e+00
1.083927e-02  2.882614e+00
1.216186e-02  2.055984e+00
1.364583e-02  1.455617e+00
1.531087e-02  1.023234e+00
1.717908e-02  7.143496e-01
1.949845e-02  4.774275e-01
2.213095e-02  3.166193e-01
2.511886e-02  2.083903e-01
2.884032e-02  1.310197e-01
3.311311e-02  8.176783e-02
3.845918e-02  4.869376e-02
4.518559e-02  2.764132e-02
5.370318e-02  1.495201e-02
6.456542e-02  7.707460e-03
8.413951e-02  2.946157e-03
1.348963e-01  5.277043e-04
1.659587e-01  2.495759e-04
1.972423e-01  1.346162e-04
2.290868e-01  7.933472e-05
2.630268e-01  4.903000e-05
3.000000e-01  3.123600e-05
3.388442e-01  2.072741e-05
3.801894e-01  1.416727e-05
4.265795e-01  9.752648e-06
4.677351e-01  7.281246e-06
5.069907e-01  5.675096e-06
5.559043e-01  4.307266e-06
6.382635e-01  2.877922e-06
7.079458e-01  2.141116e-06
8.128305e-01  1.459754e-06
8.709636e-01  1.207445e-06
9.225714e-01  1.038381e-06
9.660509e-01  9.261290e-07
1.011579e+00  8.316475e-07
1.071519e+00  7.333127e-07
1.135011e+00  6.514655e-07
1.202264e+00  5.824110e-07
1.288250e+00  5.125082e-07
1.412538e+00  4.356250e-07
1.531087e+00  3.789235e-07
1.862087e+00  2.684137e-07
2.089296e+00  2.204856e-07
2.371374e+00  1.789223e-07
2.722701e+00  1.436063e-07
3.198895e+00  1.120955e-07
3.715352e+00  8.973153e-08
4.315191e+00  7.236331e-08
5.069907e+00  5.783328e-08
6.025596e+00  4.582969e-08
7.161434e+00  3.658975e-08
8.810489e+00  2.816576e-08
1.083927e+01  2.186786e-08
1.333521e+01  1.710054e-08
1.698244e+01  1.293822e-08
2.264644e+01  9.366188e-09
3.054921e+01  6.752775e-09
4.315191e+01  4.667004e-09
6.456542e+01  3.058884e-09
1.083927e+02  1.792552e-09
2.113489e+02  9.081590e-10
4.216965e+02  4.524420e-10
1.678804e+03  1.131320e-10
1.000000e+05  1.895900e-12
-1  -1
4.110000e-06  0.000000e+00
4.110000e-06  6.172208e+06
4.180000e-06  6.262800e+06
4.365158e-06  6.428768e+06
4.600000e-06  6.588240e+06
4.900000e-06  6.721260e+06
5.248075e-06  6.803603e+06
5.600000e-06  6.831120e+06
6.025596e-06  6.810310e+06
6.500000e-06  6.740580e+06
7.000000e-06  6.626580e+06
7.585776e-06  6.458010e+06
8.222426e-06  6.244796e+06
8.810489e-06  6.027365e+06
9.440609e-06  5.777694e+06
1.000000e-05  5.546304e+06
1.059254e-05  5.292395e+06
1.122018e-05  5.018112e+06
1.188502e-05  4.726694e+06
1.258925e-05  4.420016e+06
1.333521e-05  4.102646e+06
1.412538e-05  3.777808e+06
1.496236e-05  3.451499e+06
1.584893e-05  3.130089e+06
1.678804e-05  2.817814e+06
1.778279e-05  2.518933e+06
1.905461e-05  2.184464e+06
2.041738e-05  1.879825e+06
2.213095e-05  1.564579e+06
2.400000e-05  1.292016e+06
2.660725e-05  1.004494e+06
2.951209e-05  7.745624e+05
3.300000e-05  5.808798e+05
3.672823e-05  4.369562e+05
3.981072e-05  3.501105e+05
4.315191e-05  2.786433e+05
4.677351e-05  2.199150e+05
5.011872e-05  1.784516e+05
5.500000e-05  1.335402e+05
6.025596e-05  9.957586e+04
6.606934e-05  7.354295e+04
7.244360e-05  5.398481e+04
7.943282e-05  3.938284e+04
8.709636e-05  2.851734e+04
9.549926e-05  2.047630e+04
1.060000e-04  1.393404e+04
1.273503e-04  7.012074e+03
1.348963e-04  5.680493e+03
1.421100e-04  4.723967e+03
1.479108e-04  4.122959e+03
1.513561e-04  3.827182e+03
1.566751e-04  3.447443e+03
1.621810e-04  3.122095e+03
1.678804e-04  2.842961e+03
1.737801e-04  2.603250e+03
1.798871e-04  2.397319e+03
1.862087e-04  2.220472e+03
1.927525e-04  2.068801e+03
2.000000e-04  1.930884e+03
2.065380e-04  1.846215e+03
2.137962e-04  1.770177e+03
2.213095e-04  1.707144e+03
2.290868e-04  1.655078e+03
2.398833e-04  1.599799e+03
2.511886e-04  1.557623e+03
2.660725e-04  1.519073e+03
2.818383e-04  1.491931e+03
3.019952e-04  1.467525e+03
3.801894e-04  1.372700e+03
4.168694e-04  1.327925e+03
4.466836e-04  1.286462e+03
4.841724e-04  1.231456e+03
5.248075e-04  1.170678e+03
5.688529e-04  1.105020e+03
6.165950e-04  1.035560e+03
6.683439e-04  9.633555e+02
7.244360e-04  8.901324e+02
7.943282e-04  8.068941e+02
8.709636e-04  7.257979e+02
9.549926e-04  6.477534e+02
1.035142e-03  5.826444e+02
1.135011e-03  5.125500e+02
1.244515e-03  4.477249e+02
1.380384e-03  3.815572e+02
1.513561e-03  3.287100e+02
1.659587e-03  2.810873e+02
1.819701e-03  2.387410e+02
2.018366e-03  1.972203e+02
2.238721e-03  1.619613e+02
2.483133e-03  1.320574e+02
2.754229e-03  1.068933e+02
3.054921e-03  8.588195e+01
3.388442e-03  6.847394e+01
3.758374e-03  5.418782e+01
4.168694e-03  4.256130e+01
4.623810e-03  3.317923e+01
5.128614e-03  2.567454e+01
5.688529e-03  1.972017e+01
6.309573e-03  1.503579e+01
6.998420e-03  1.138296e+01
7.762471e-03  8.557871e+00
8.609938e-03  6.390498e+00
9.549926e-03  4.740374e+00
1.059254e-02  3.493333e+00
1.188502e-02  2.469840e+00
1.333521e-02  1.732850e+00
1.500000e-02  1.197151e+00
1.678804e-02  8.343087e-01
1.883649e-02  5.727892e-01
2.137962e-02  3.758186e-01
2.426610e-02  2.446526e-01
2.754229e-02  1.580913e-01
3.162278e-02  9.742127e-02
3.630781e-02  5.958959e-02
4.216965e-02  3.471867e-02
4.954502e-02  1.925125e-02
5.956621e-02  9.733404e-03
7.413102e-02  4.289875e-03
1.273503e-01  5.588806e-04
1.548817e-01  2.690780e-04
1.819701e-01  1.484475e-04
2.113489e-01  8.611309e-05
2.398833e-01  5.470851e-05
2.691535e-01  3.647353e-05
3.000000e-01  2.506400e-05
3.311311e-01  1.793288e-05
3.672823e-01  1.271208e-05
4.073803e-01  9.083129e-06
4.466836e-01  6.784342e-06
4.841724e-01  5.290207e-06
5.188000e-01  4.299778e-06
5.623413e-01  3.398711e-06
6.237348e-01  2.532107e-06
6.839117e-01  1.961915e-06
7.498942e-01  1.531602e-06
8.511380e-01  1.100362e-06
9.015711e-01  9.521095e-07
9.549926e-01  8.293224e-07
1.000000e+00  7.468400e-07
1.059254e+00  6.599477e-07
1.135011e+00  5.733850e-07
1.216186e+00  5.017130e-07
1.333521e+00  4.232975e-07
1.798871e+00  2.492852e-07
2.044000e+00  2.001500e-07
2.317395e+00  1.625065e-07
2.660725e+00  1.302508e-07
3.090295e+00  1.033367e-07
3.589219e+00  8.257965e-08
4.168694e+00  6.648577e-08
4.897788e+00  5.305340e-08
5.821032e+00  4.197708e-08
6.918310e+00  3.346501e-08
8.413951e+00  2.609741e-08
1.023293e+01  2.050991e-08
1.258925e+01  1.600621e-08
1.603245e+01  1.208593e-08
2.113489e+01  8.848710e-09
2.630268e+01  6.951145e-09
3.672823e+01  4.846447e-09
5.308844e+01  3.282393e-09
8.511380e+01  2.010397e-09
1.566751e+02  1.076598e-09
3.126079e+02  5.351330e-10
6.237348e+02  2.670450e-10
4.954502e+03  3.349790e-11
1.000000e+05  1.658600e-12
-1  -1
5.880000e-06  0.000000e+00
5.880000e-06  9.821140e+06
5.956621e-06  9.455710e+06
6.918310e-06  5.754537e+06
8.317638e-06  3.144845e+06
9.772372e-06  1.866154e+06
1.161449e-05  1.075220e+06
1.333521e-05  6.965009e+05
1.513561e-05  4.708543e+05
1.698244e-05  3.323048e+05
1.883649e-05  2.445951e+05
2.070000e-05  1.863984e+05
2.238721e-05  1.497484e+05
2.426610e-05  1.204403e+05
2.600160e-05  1.005947e+05
2.800000e-05  8.355880e+04
3.000000e-05  7.079380e+04
3.198895e-05  6.106635e+04
3.427678e-05  5.246985e+04
3.672823e-05  4.541724e+04
3.935501e-05  3.958231e+04
4.265795e-05  3.398070e+04
4.623810e-05  2.939622e+04
5.011872e-05  2.562367e+04
5.500000e-05  2.203520e+04
6.095369e-05  1.879535e+04
6.760830e-05  1.614213e+04
7.673615e-05  1.350622e+04
8.709636e-05  1.138146e+04
1.011579e-04  9.357328e+03
1.161449e-04  7.872180e+03
1.303167e-04  6.863498e+03
1.717908e-04  5.010295e+03
1.949845e-04  4.303576e+03
2.213095e-04  3.667370e+03
3.054921e-04  2.396044e+03
3.801894e-04  1.803510e+03
4.216965e-04  1.568988e+03
6.095369e-04  9.412060e+02
7.079458e-04  7.620173e+02
9.440609e-04  4.996284e+02
1.109175e-03  3.926483e+02
1.348963e-03  2.907123e+02
1.717908e-03  1.988319e+02
2.187762e-03  1.349476e+02
2.884032e-03  8.595328e+01
5.495409e-03  2.877174e+01
6.165950e-03  2.356778e+01
7.585776e-03  1.628380e+01
9.225714e-03  1.140023e+01
1.122018e-02  7.922139e+00
1.364583e-02  5.463184e+00
1.659587e-02  3.738013e+00
1.995262e-02  2.596090e+00
2.398833e-02  1.789903e+00
2.884032e-02  1.224973e+00
3.427678e-02  8.519895e-01
4.120975e-02  5.740462e-01
4.954502e-02  3.838165e-01
5.956621e-02  2.545571e-01
7.244360e-02  1.632457e-01
8.511380e-02  1.125234e-01
1.059254e-01  6.733401e-02
1.364583e-01  3.684444e-02
2.570396e-01  7.998000e-03
3.198895e-01  4.746407e-03
3.845918e-01  3.079971e-03
4.518559e-01  2.124572e-03
5.248075e-01  1.515994e-03
6.025596e-01  1.118084e-03
6.918310e-01  8.306603e-04
7.943282e-01  6.217781e-04
9.015711e-01  4.800063e-04
1.023293e+00  3.731720e-04
1.230269e+00  2.605276e-04
1.396368e+00  2.050851e-04
1.548817e+00  1.696234e-04
1.757924e+00  1.355632e-04
2.044000e+00  1.046300e-04
2.317395e+00  8.493347e-05
2.630268e+00  6.932786e-05
3.054921e+00  5.498328e-05
3.548134e+00  4.391175e-05
4.120975e+00  3.533281e-05
4.841724e+00  2.817941e-05
5.754399e+00  2.228527e-05
6.839116e+00  1.775734e-05
8.317638e+00  1.384173e-05
1.000000e+01  1.102700e-05
1.230269e+01  8.598232e-06
1.548817e+01  6.574622e-06
2.018366e+01  4.869948e-06
2.570396e+01  3.726529e-06
3.548134e+01  2.629054e-06
5.128614e+01  1.779308e-06
8.128305e+01  1.102149e-06
1.479108e+02  5.968143e-07
2.884032e+02  3.034440e-07
5.754399e+02  1.513828e-07
4.570882e+03  1.898248e-08
1.000000e+05  8.671100e-10
-1  -1
-2  0.0
-2  -2
