7.185600e-02  0.000000e+00
7.185600e-02  2.522526e+03
7.270000e-02  2.445620e+03
7.380000e-02  2.355740e+03
7.450000e-02  2.306320e+03
7.700000e-02  2.114880e+03
8.000000e-02  1.926212e+03
8.800000e-02  1.502312e+03
1.000000e-01  1.081252e+03
1.303167e-01  5.362761e+02
2.317395e-01  1.144090e+02
2.800000e-01  6.928900e+01
3.235937e-01  4.750295e+01
3.715352e-01  3.334397e+01
4.216965e-01  2.427233e+01
4.786301e-01  1.780146e+01
5.370318e-01  1.351995e+01
6.025596e-01  1.034163e+01
6.760830e-01  7.967886e+00
7.585776e-01  6.183516e+00
8.413951e-01  4.953787e+00
9.332543e-01  3.995372e+00
1.035142e+00  3.245198e+00
1.202264e+00  2.421544e+00
1.364583e+00  1.904220e+00
1.548817e+00  1.508964e+00
1.737801e+00  1.229884e+00
1.949845e+00  1.009894e+00
2.264644e+00  7.895941e-01
2.630268e+00  6.220118e-01
3.019952e+00  5.026059e-01
3.507519e+00  4.024529e-01
4.073803e+00  3.246746e-01
4.786301e+00  2.596046e-01
5.688529e+00  2.059412e-01
6.839116e+00  1.621853e-01
8.222427e+00  1.286090e-01
1.000000e+01  1.013200e-01
1.288250e+01  7.511731e-02
1.640590e+01  5.693780e-02
2.162719e+01  4.182403e-02
2.985383e+01  2.944648e-02
4.216965e+01  2.038882e-02
6.606934e+01  1.275023e-02
1.148154e+02  7.227676e-03
2.290868e+02  3.584916e-03
4.570882e+02  1.787093e-03
1.819701e+03  4.471229e-04
1.000000e+05  8.126200e-06
-1  -1
1.250800e-02  0.000000e+00
1.250800e-02  9.318300e+03
1.305000e-02  8.677320e+03
1.335000e-02  8.331320e+03
1.380384e-02  7.896354e+03
1.531087e-02  6.561820e+03
1.640590e-02  5.816897e+03
1.737801e-02  5.231715e+03
1.862087e-02  4.586561e+03
1.980000e-02  4.088360e+03
2.511886e-02  2.551395e+03
2.818383e-02  2.010348e+03
3.198895e-02  1.541356e+03
3.758374e-02  1.086626e+03
4.216965e-02  8.416744e+02
4.897788e-02  5.996039e+02
5.821032e-02  4.014484e+02
6.918310e-02  2.662068e+02
8.222426e-02  1.749943e+02
9.800000e-02  1.133376e+02
1.188502e-01  6.977115e+01
1.513561e-01  3.765100e+01
2.511886e-01  1.022383e+01
3.090295e-01  6.036047e+00
3.672823e-01  3.917864e+00
4.265795e-01  2.713178e+00
4.841724e-01  2.001646e+00
5.495409e-01  1.486830e+00
6.237348e-01  1.112348e+00
7.079458e-01  8.384741e-01
7.943282e-01  6.529803e-01
8.912509e-01  5.124074e-01
9.885531e-01  4.148833e-01
1.148154e+00  3.088168e-01
1.303167e+00  2.421860e-01
1.479108e+00  1.913955e-01
1.659587e+00  1.555784e-01
1.862087e+00  1.273581e-01
2.089296e+00  1.050409e-01
2.426610e+00  8.240448e-02
2.818383e+00  6.515198e-02
3.198895e+00  5.376841e-02
3.715352e+00  4.318166e-02
4.365158e+00  3.437443e-02
5.128614e+00  2.757304e-02
6.095369e+00  2.194041e-02
7.413102e+00  1.707502e-02
8.912509e+00  1.358499e-02
1.083927e+01  1.073561e-02
1.348963e+01  8.306078e-03
1.717908e+01  6.304589e-03
2.264644e+01  4.637193e-03
3.126079e+01  3.268693e-03
4.518559e+01  2.211188e-03
6.918310e+01  1.417821e-03
1.230269e+02  7.856254e-04
2.454709e+02  3.899303e-04
4.897788e+02  1.944449e-04
3.890451e+03  2.438013e-05
1.000000e+05  9.477800e-07
-1  -1
1.199300e-02  0.000000e+00
1.199300e-02  1.854156e+04
1.210000e-02  1.818703e+04
1.224000e-02  1.765900e+04
1.240000e-02  1.713100e+04
1.333521e-02  1.425500e+04
1.462177e-02  1.122900e+04
1.603245e-02  8.819600e+03
1.778279e-02  6.668800e+03
2.264644e-02  3.432600e+03
2.511886e-02  2.561100e+03
2.917427e-02  1.673100e+03
3.630781e-02  8.863400e+02
4.518559e-02  4.643600e+02
5.688529e-02  2.328100e+02
7.328245e-02  1.080000e+02
1.412538e-01  1.455589e+01
1.757924e-01  7.509544e+00
2.137962e-01  4.184024e+00
2.511886e-01  2.602757e+00
2.917427e-01  1.687315e+00
3.349654e-01  1.139352e+00
3.801894e-01  8.006210e-01
4.315191e-01  5.668922e-01
4.841724e-01  4.172236e-01
5.432503e-01  3.093743e-01
6.025596e-01  2.379877e-01
6.683439e-01  1.843887e-01
7.413102e-01  1.438571e-01
8.609938e-01  1.015011e-01
9.332543e-01  8.472708e-02
1.000000e+00  7.309098e-02
1.096478e+00  6.059719e-02
1.202264e+00  5.059114e-02
1.318257e+00  4.252420e-02
1.479108e+00  3.449240e-02
1.717908e+00  2.641187e-02
1.927525e+00  2.166210e-02
2.213095e+00  1.724390e-02
2.570396e+00  1.357018e-02
2.951209e+00  1.095397e-02
3.388442e+00  8.909154e-03
3.935501e+00  7.175286e-03
4.623810e+00  5.727723e-03
5.432503e+00  4.606299e-03
6.456542e+00  3.674444e-03
7.852356e+00  2.865940e-03
9.549926e+00  2.253748e-03
1.230269e+01  1.668048e-03
1.566751e+01  1.262424e-03
2.041738e+01  9.379833e-04
2.754229e+01  6.760165e-04
3.801894e+01  4.787245e-04
6.000000e+01  2.965300e-04
9.885531e+01  1.772462e-04
1.905461e+02  9.089692e-05
3.801894e+02  4.526723e-05
1.513561e+03  1.131552e-05
1.000000e+05  1.710100e-07
-1  -1
1.053800e-02  0.000000e+00
1.053800e-02  4.211391e+04
1.080000e-02  3.931352e+04
1.161449e-02  3.233790e+04
1.380384e-02  2.005538e+04
1.548817e-02  1.445369e+04
2.041738e-02  6.469129e+03
2.600160e-02  3.131565e+03
3.235937e-02  1.600197e+03
3.935501e-02  8.682171e+02
4.841724e-02  4.499945e+02
5.888437e-02  2.399774e+02
7.413102e-02  1.136725e+02
1.445440e-01  1.277234e+01
1.800000e-01  6.265539e+00
2.113489e-01  3.745153e+00
2.454709e-01  2.334871e+00
2.818383e-01  1.520737e+00
3.198895e-01  1.034287e+00
3.590900e-01  7.327971e-01
4.027170e-01  5.247587e-01
4.466836e-01  3.908219e-01
4.954502e-01  2.931718e-01
5.495409e-01  2.216800e-01
6.095369e-01  1.689414e-01
6.683439e-01  1.335874e-01
7.328245e-01  1.063184e-01
8.035261e-01  8.516801e-02
9.015711e-01  6.509255e-02
9.660509e-01  5.567033e-02
1.023293e+00  4.918753e-02
1.096478e+00  4.267842e-02
1.188502e+00  3.642234e-02
1.303167e+00  3.062104e-02
1.462177e+00  2.486330e-02
1.737801e+00  1.828773e-02
1.949845e+00  1.500631e-02
2.238721e+00  1.195201e-02
2.600160e+00  9.409422e-03
3.000000e+00  7.542000e-03
3.467369e+00  6.080341e-03
4.027170e+00  4.902570e-03
4.731513e+00  3.917824e-03
5.623413e+00  3.106230e-03
6.760830e+00  2.445048e-03
8.128305e+00  1.938024e-03
1.000000e+01  1.505200e-03
1.288250e+01  1.115906e-03
1.640590e+01  8.458841e-04
2.162719e+01  6.213470e-04
3.000000e+01  4.351700e-04
4.265795e+01  2.992439e-04
6.606934e+01  1.894125e-04
1.148154e+02  1.073724e-04
2.290868e+02  5.325834e-05
4.570882e+02  2.654950e-05
1.819701e+03  6.642512e-06
1.000000e+05  1.207200e-07
-1  -1
2.911600e-03  0.000000e+00
2.911600e-03  2.709640e+04
3.015000e-03  2.583920e+04
3.054921e-03  2.549390e+04
3.350000e-03  2.253140e+04
3.507519e-03  2.123006e+04
3.720000e-03  1.950822e+04
4.650000e-03  1.398188e+04
5.011872e-03  1.246330e+04
5.500000e-03  1.070548e+04
6.531306e-03  8.039956e+03
7.413102e-03  6.443377e+03
8.511380e-03  5.037204e+03
1.023293e-02  3.584045e+03
1.174898e-02  2.755626e+03
1.350000e-02  2.103960e+03
1.603245e-02  1.494187e+03
1.905461e-02  1.050260e+03
2.238721e-02  7.499590e+02
2.650000e-02  5.231380e+02
3.126079e-02  3.647931e+02
3.672823e-02  2.547237e+02
4.315191e-02  1.766028e+02
5.069907e-02  1.215771e+02
6.025596e-02  8.084154e+01
7.161434e-02  5.335977e+01
8.413951e-02  3.597245e+01
1.023293e-01  2.210292e+01
1.288250e-01  1.236236e+01
1.603245e-01  7.073782e+00
2.483133e-01  2.301307e+00
3.090295e-01  1.321304e+00
3.672823e-01  8.584282e-01
4.216965e-01  6.118598e-01
4.841724e-01  4.391965e-01
5.495409e-01  3.262992e-01
6.165950e-01  2.506468e-01
6.998420e-01  1.889684e-01
7.943282e-01  1.435849e-01
8.912509e-01  1.125461e-01
9.885531e-01  9.104720e-02
1.148154e+00  6.775511e-02
1.303167e+00  5.313767e-02
1.479108e+00  4.199843e-02
1.659587e+00  3.413842e-02
1.862087e+00  2.794586e-02
2.089296e+00  2.305150e-02
2.426610e+00  1.808479e-02
2.818383e+00  1.429730e-02
3.198895e+00  1.179881e-02
3.715352e+00  9.475892e-03
4.365158e+00  7.543203e-03
5.128614e+00  6.050644e-03
6.095369e+00  4.814731e-03
7.413102e+00  3.747010e-03
8.810489e+00  3.023375e-03
1.059254e+01  2.421156e-03
1.318257e+01  1.871907e-03
1.678804e+01  1.419854e-03
2.213095e+01  1.043666e-03
3.054921e+01  7.352378e-04
4.365158e+01  5.031834e-04
6.760830e+01  3.186376e-04
1.188502e+02  1.785811e-04
2.371374e+02  8.860391e-05
4.731513e+02  4.417748e-05
3.758374e+03  5.538054e-06
1.000000e+05  2.079800e-07
-1  -1
2.677400e-03  0.000000e+00
2.677400e-03  4.392098e+04
2.718000e-03  4.320073e+04
2.729000e-03  4.293355e+04
3.070000e-03  3.745260e+04
3.220000e-03  3.525860e+04
3.467369e-03  3.185958e+04
3.845918e-03  2.741931e+04
4.150000e-03  2.443240e+04
4.466836e-03  2.172057e+04
4.800000e-03  1.923586e+04
5.688529e-03  1.420780e+04
6.150000e-03  1.227674e+04
7.079458e-03  9.316234e+03
7.673615e-03  7.915504e+03
8.709636e-03  6.066774e+03
9.549926e-03  4.976059e+03
1.083927e-02  3.753605e+03
1.202264e-02  2.963432e+03
1.380384e-02  2.142718e+03
1.548817e-02  1.623152e+03
1.737801e-02  1.222494e+03
2.000000e-02  8.578280e+02
2.317395e-02  5.864621e+02
2.691535e-02  3.950072e+02
3.150000e-02  2.584320e+02
3.672823e-02  1.693849e+02
4.300000e-02  1.089342e+02
5.069907e-02  6.818176e+01
6.095369e-02  4.005157e+01
7.585776e-02  2.111014e+01
9.885531e-02  9.635514e+00
1.678804e-01  1.992018e+00
2.018366e-01  1.157683e+00
2.540973e-01  5.940373e-01
2.951209e-01  3.874334e-01
3.388442e-01  2.629101e-01
3.845918e-01  1.855034e-01
4.365158e-01  1.318438e-01
4.897788e-01  9.733269e-02
5.495409e-01  7.236782e-02
6.095369e-01  5.579838e-02
6.760830e-01  4.333159e-02
7.498942e-01  3.388403e-02
8.609938e-01  2.461179e-02
9.332543e-01  2.056191e-02
1.000000e+00  1.774544e-02
1.096478e+00  1.471501e-02
1.202264e+00  1.228589e-02
1.318257e+00  1.032556e-02
1.479108e+00  8.372721e-03
1.717908e+00  6.409987e-03
1.927525e+00  5.257033e-03
2.213095e+00  4.184709e-03
2.570396e+00  3.292584e-03
2.951209e+00  2.657164e-03
3.388442e+00  2.161138e-03
3.935501e+00  1.740603e-03
4.623810e+00  1.389438e-03
5.432503e+00  1.117409e-03
6.456542e+00  8.913711e-04
7.852356e+00  6.952232e-04
9.549926e+00  5.467247e-04
1.230269e+01  4.046362e-04
1.566751e+01  3.062371e-04
2.065380e+01  2.246540e-04
2.818383e+01  1.599546e-04
3.935501e+01  1.119583e-04
6.237348e+01  6.909121e-05
1.059254e+02  4.006453e-05
2.089296e+02  2.008806e-05
4.168694e+02  1.000907e-05
1.659587e+03  2.503135e-06
1.000000e+05  4.148400e-08
-1  -1
2.360500e-03  0.000000e+00
2.360500e-03  1.302309e+05
2.445000e-03  1.248095e+05
2.722701e-03  1.062078e+05
2.884032e-03  9.698834e+04
3.235937e-03  7.989853e+04
3.650000e-03  6.486440e+04
4.000000e-03  5.487520e+04
4.315191e-03  4.742666e+04
5.011872e-03  3.534822e+04
5.432503e-03  2.996387e+04
6.309573e-03  2.181857e+04
6.918310e-03  1.783185e+04
8.000000e-03  1.284584e+04
8.912509e-03  9.987461e+03
1.000000e-02  7.590600e+03
1.135011e-02  5.566179e+03
1.273503e-02  4.170299e+03
1.450000e-02  2.988664e+03
1.659587e-02  2.095643e+03
1.905461e-02  1.445060e+03
2.187762e-02  9.883077e+02
2.511886e-02  6.707013e+02
2.917427e-02  4.369830e+02
3.400000e-02  2.794900e+02
3.935501e-02  1.809622e+02
4.623810e-02  1.111919e+02
5.432503e-02  6.780476e+01
6.500000e-02  3.879036e+01
8.000000e-02  2.015588e+01
1.047129e-01  8.542313e+00
1.659587e-01  1.954272e+00
2.018366e-01  1.050621e+00
2.426610e-01  5.911013e-01
2.786121e-01  3.865906e-01
3.162278e-01  2.637732e-01
3.548134e-01  1.875935e-01
3.981072e-01  1.343773e-01
4.415705e-01  1.002111e-01
4.897788e-01  7.524882e-02
5.432503e-01  5.692620e-02
6.025596e-01  4.339250e-02
6.683439e-01  3.333422e-02
7.413102e-01  2.581003e-02
8.609938e-01  1.803370e-02
9.225714e-01  1.538236e-02
9.772372e-01  1.354940e-02
1.047129e+00  1.172482e-02
1.135011e+00  9.971699e-03
1.250000e+00  8.278602e-03
1.380384e+00  6.890943e-03
1.698244e+00  4.755733e-03
1.905461e+00  3.896917e-03
2.137962e+00  3.218389e-03
2.483133e+00  2.527894e-03
2.884032e+00  2.000861e-03
3.311311e+00  1.625223e-03
3.845918e+00  1.307480e-03
4.518559e+00  1.042571e-03
5.308844e+00  8.375980e-04
6.309573e+00  6.675042e-04
7.762471e+00  5.127048e-04
9.440609e+00  4.030015e-04
1.202264e+01  3.021900e-04
1.513561e+01  2.315392e-04
1.972423e+01  1.718701e-04
2.630268e+01  1.253140e-04
3.589219e+01  8.973521e-05
5.559043e+01  5.662152e-05
8.709636e+01  3.558911e-05
1.659587e+02  1.843678e-05
3.311311e+02  9.172980e-06
1.318257e+03  2.291646e-06
1.000000e+05  3.015600e-08
-1  -1
1.961800e-03  0.000000e+00
1.961800e-03  2.169798e+05
2.065000e-03  2.602246e+05
2.110000e-03  2.757777e+05
2.187762e-03  2.840398e+05
2.238721e-03  2.878089e+05
2.300000e-03  2.800442e+05
2.344229e-03  2.682915e+05
2.350000e-03  2.672104e+05
2.630268e-03  1.996894e+05
2.951209e-03  1.468372e+05
3.273407e-03  1.104264e+05
3.589219e-03  8.513616e+04
4.073803e-03  5.909833e+04
4.518559e-03  4.340207e+04
5.069907e-03  3.067887e+04
5.623413e-03  2.226928e+04
6.382635e-03  1.497189e+04
7.328245e-03  9.607669e+03
8.128305e-03  6.853242e+03
9.440609e-03  4.167763e+03
1.083927e-02  2.609122e+03
1.216186e-02  1.755161e+03
1.380384e-02  1.127888e+03
1.603245e-02  6.632871e+02
1.862087e-02  3.868439e+02
2.187762e-02  2.145759e+02
2.540973e-02  1.232057e+02
2.985383e-02  6.729266e+01
3.589219e-02  3.343377e+01
4.415704e-02  1.508493e+01
5.623413e-02  5.909650e+00
1.035142e-01  5.488041e-01
1.273503e-01  2.464486e-01
1.513561e-01  1.273490e-01
1.757924e-01  7.235016e-02
2.041738e-01  4.141420e-02
2.317395e-01  2.598492e-02
2.600160e-01  1.713163e-02
2.951209e-01  1.091567e-02
3.311311e-01  7.298821e-03
3.672823e-01  5.115134e-03
4.073803e-01  3.609307e-03
4.518559e-01  2.565337e-03
5.011872e-01  1.837370e-03
5.495409e-01  1.374524e-03
6.000000e-01  1.049466e-03
6.531306e-01  8.162944e-04
7.161434e-01  6.263437e-04
8.035261e-01  4.539872e-04
8.609938e-01  3.731122e-04
9.120108e-01  3.188607e-04
9.549926e-01  2.828121e-04
1.000000e+00  2.524231e-04
1.047129e+00  2.269558e-04
1.096478e+00  2.055111e-04
1.148154e+00  1.872168e-04
1.216186e+00  1.677640e-04
1.318257e+00  1.449934e-04
1.531087e+00  1.119885e-04
1.819701e+00  8.256324e-05
2.000000e+00  7.029383e-05
2.317395e+00  5.524447e-05
2.691535e+00  4.356852e-05
3.090295e+00  3.524974e-05
3.589219e+00  2.825988e-05
4.168694e+00  2.282316e-05
4.897788e+00  1.826829e-05
5.821032e+00  1.450691e-05
7.000000e+00  1.143200e-05
8.413951e+00  9.076387e-06
1.023293e+01  7.157046e-06
1.303167e+01  5.381890e-06
1.659587e+01  4.080895e-06
2.187762e+01  2.998657e-06
3.019952e+01  2.111785e-06
4.315191e+01  1.444903e-06
6.683439e+01  9.147887e-07
1.174898e+02  5.126165e-07
2.344229e+02  2.543146e-07
4.677351e+02  1.267948e-07
3.715352e+03  1.589367e-08
1.000000e+05  5.900500e-10
-1  -1
1.892700e-03  0.000000e+00
1.892700e-03  6.461654e+05
1.952000e-03  5.970984e+05
2.018366e-03  5.557422e+05
2.110000e-03  5.009946e+05
2.371374e-03  3.703281e+05
2.600160e-03  2.902097e+05
2.884032e-03  2.190014e+05
3.162278e-03  1.694288e+05
3.548134e-03  1.218713e+05
4.027170e-03  8.410797e+04
4.415704e-03  6.368355e+04
5.069907e-03  4.170535e+04
5.623413e-03  3.010967e+04
6.382635e-03  2.010038e+04
7.244360e-03  1.329905e+04
8.128305e-03  9.078003e+03
9.225714e-03  5.919673e+03
1.047129e-02  3.830871e+03
1.188502e-02  2.461270e+03
1.350000e-02  1.566030e+03
1.548817e-02  9.545044e+02
1.778279e-02  5.758073e+02
2.065380e-02  3.303306e+02
2.371374e-02  1.963693e+02
2.754229e-02  1.109869e+02
3.198895e-02  6.230158e+01
3.801894e-02  3.175462e+01
4.623810e-02  1.467368e+01
5.821032e-02  5.867136e+00
1.000000e-01  6.738648e-01
1.216186e-01  3.096492e-01
1.428894e-01  1.643150e-01
1.659587e-01  9.190315e-02
1.883649e-01  5.660174e-02
2.137962e-01  3.512511e-02
2.398833e-01  2.293695e-02
2.660725e-01  1.574024e-02
2.951209e-01  1.088153e-02
3.235937e-01  7.890173e-03
3.548134e-01  5.759707e-03
3.890451e-01  4.234491e-03
4.265795e-01  3.136858e-03
4.677351e-01  2.342039e-03
5.069907e-01  1.825835e-03
5.495409e-01  1.432772e-03
6.025596e-01  1.094194e-03
6.606935e-01  8.415507e-04
7.161434e-01  6.732588e-04
7.762471e-01  5.421412e-04
8.609938e-01  4.126507e-04
9.120108e-01  3.568911e-04
9.660509e-01  3.109358e-04
1.011579e+00  2.802291e-04
1.071519e+00  2.477961e-04
1.148154e+00  2.154563e-04
1.230269e+00  1.886649e-04
1.333521e+00  1.627064e-04
1.798871e+00  9.588519e-05
2.000000e+00  8.005868e-05
2.317395e+00  6.292276e-05
2.691535e+00  4.962769e-05
3.090295e+00  4.015435e-05
3.589219e+00  3.219172e-05
4.168694e+00  2.599870e-05
4.897788e+00  2.081044e-05
5.821032e+00  1.652539e-05
7.000000e+00  1.302300e-05
8.413951e+00  1.033948e-05
1.023293e+01  8.152873e-06
1.303167e+01  6.130770e-06
1.659587e+01  4.648699e-06
2.187762e+01  3.415812e-06
3.019952e+01  2.405686e-06
4.315191e+01  1.645980e-06
6.683439e+01  1.042100e-06
1.174898e+02  5.839432e-07
2.344229e+02  2.896954e-07
4.677351e+02  1.444307e-07
1.862087e+03  3.613991e-08
1.000000e+05  6.721500e-10
-1  -1
6.158300e-04  0.000000e+00
6.158300e-04  6.243758e+04
6.750000e-04  5.889920e+04
7.079458e-04  5.656007e+04
7.413102e-04  5.458037e+04
8.317638e-04  4.944563e+04
8.912509e-04  4.630672e+04
1.083927e-03  3.736524e+04
1.174898e-03  3.397673e+04
1.350000e-03  2.848440e+04
1.500000e-03  2.478980e+04
1.698244e-03  2.084463e+04
1.927525e-03  1.736052e+04
2.238721e-03  1.384816e+04
2.540973e-03  1.136328e+04
2.985383e-03  8.759766e+03
3.548134e-03  6.564666e+03
4.216965e-03  4.874625e+03
5.011872e-03  3.589715e+03
6.025596e-03  2.567868e+03
7.244360e-03  1.821965e+03
8.709636e-03  1.282962e+03
1.047129e-02  8.968084e+02
1.260000e-02  6.211568e+02
1.513561e-02  4.283743e+02
1.819701e-02  2.925658e+02
2.162719e-02  2.031251e+02
2.570396e-02  1.400081e+02
3.054921e-02  9.579560e+01
3.630781e-02  6.505980e+01
4.315191e-02  4.385351e+01
5.128614e-02  2.933999e+01
6.095369e-02  1.947829e+01
7.328245e-02  1.248760e+01
8.609938e-02  8.407674e+00
1.059254e-01  5.014053e+00
1.364583e-01  2.642648e+00
1.678804e-01  1.555502e+00
2.483133e-01  5.699480e-01
3.090295e-01  3.273481e-01
3.672823e-01  2.127211e-01
4.216965e-01  1.516434e-01
4.841724e-01  1.088624e-01
5.495409e-01  8.088314e-02
6.165950e-01  6.212906e-02
6.998420e-01  4.683486e-02
7.943282e-01  3.558459e-02
8.912509e-01  2.789698e-02
9.885531e-01  2.257061e-02
1.148154e+00  1.679711e-02
1.303167e+00  1.317357e-02
1.479108e+00  1.041192e-02
1.659587e+00  8.462886e-03
1.862087e+00  6.927571e-03
2.089296e+00  5.714646e-03
2.426610e+00  4.483579e-03
2.818383e+00  3.544512e-03
3.198895e+00  2.925027e-03
3.715352e+00  2.349107e-03
4.365158e+00  1.869940e-03
5.128614e+00  1.499942e-03
6.095369e+00  1.193615e-03
7.413102e+00  9.288826e-04
8.810489e+00  7.495082e-04
1.059254e+01  6.002090e-04
1.318257e+01  4.640470e-04
1.678804e+01  3.519908e-04
2.213095e+01  2.587256e-04
3.054921e+01  1.822698e-04
4.365158e+01  1.247360e-04
6.760830e+01  7.899223e-05
1.188502e+02  4.427046e-05
2.371374e+02  2.196536e-05
4.731513e+02  1.095209e-05
3.758374e+03  1.372882e-06
1.000000e+05  5.155900e-08
-1  -1
5.168300e-04  0.000000e+00
5.168300e-04  5.101701e+04
6.000000e-04  5.061622e+04
6.850000e-04  4.966060e+04
7.328245e-04  4.876665e+04
7.943282e-04  4.739414e+04
8.511380e-04  4.597938e+04
9.225714e-04  4.404821e+04
9.850000e-04  4.223340e+04
1.059254e-03  3.999623e+04
1.161449e-03  3.705243e+04
1.244515e-03  3.478781e+04
1.350000e-03  3.205180e+04
1.496236e-03  2.866307e+04
1.621810e-03  2.609215e+04
1.778279e-03  2.326410e+04
1.972423e-03  2.030673e+04
2.162719e-03  1.786398e+04
2.400000e-03  1.535262e+04
2.660725e-03  1.311632e+04
2.985383e-03  1.091943e+04
3.349654e-03  9.015290e+03
3.758374e-03  7.387976e+03
4.216965e-03  6.010041e+03
4.731513e-03  4.854394e+03
5.308844e-03  3.894659e+03
6.025596e-03  3.033394e+03
6.839116e-03  2.344384e+03
7.852356e-03  1.754842e+03
9.000000e-03  1.307184e+03
1.023293e-02  9.830831e+02
1.161449e-02  7.368579e+02
1.318257e-02  5.484112e+02
1.513561e-02  3.941888e+02
1.737801e-02  2.808995e+02
2.000000e-02  1.975374e+02
2.290868e-02  1.394849e+02
2.630268e-02  9.719513e+01
3.054921e-02  6.521019e+01
3.548134e-02  4.341774e+01
4.168694e-02  2.779774e+01
4.897788e-02  1.766413e+01
5.821032e-02  1.078568e+01
7.079458e-02  6.117341e+00
8.912509e-02  3.113714e+00
1.380384e-01  8.522954e-01
1.840772e-01  3.640805e-01
2.213095e-01  2.126975e-01
2.600160e-01  1.338897e-01
3.019952e-01  8.755048e-02
3.467369e-01  5.954275e-02
3.935501e-01  4.209799e-02
4.466836e-01  2.998412e-02
5.011872e-01  2.218007e-02
5.623413e-01  1.652722e-02
6.237348e-01  1.276824e-02
6.918310e-01  9.931259e-03
7.673615e-01  7.777192e-03
8.709636e-01  5.806237e-03
9.440609e-01  4.856091e-03
1.011579e+00  4.196219e-03
1.109175e+00  3.482924e-03
1.216186e+00  2.910301e-03
1.348963e+00  2.396511e-03
1.584893e+00  1.790986e-03
1.798871e+00  1.432979e-03
2.000000e+00  1.196974e-03
2.317395e+00  9.406325e-04
2.691535e+00  7.419061e-04
3.090295e+00  6.003020e-04
3.589219e+00  4.812599e-04
4.168694e+00  3.886727e-04
4.897788e+00  3.111076e-04
5.821032e+00  2.470531e-04
7.000000e+00  1.946900e-04
8.413951e+00  1.545664e-04
1.023293e+01  1.218822e-04
1.303167e+01  9.165292e-05
1.659587e+01  6.949686e-05
2.187762e+01  5.106566e-05
3.019952e+01  3.596364e-05
4.315191e+01  2.460673e-05
6.683439e+01  1.557906e-05
1.161449e+02  8.832893e-06
2.317395e+02  4.381672e-06
4.623810e+02  2.184386e-06
1.840772e+03  5.465523e-07
1.000000e+05  1.004800e-08
-1  -1
4.425900e-04  0.000000e+00
4.425900e-04  2.364122e+05
5.011872e-04  2.261027e+05
5.188000e-04  2.222478e+05
6.000000e-04  2.015220e+05
6.760830e-04  1.832100e+05
7.413102e-04  1.689225e+05
8.035261e-04  1.564276e+05
8.709636e-04  1.437822e+05
9.700000e-04  1.273040e+05
1.059254e-03  1.146022e+05
1.161449e-03  1.018969e+05
1.303167e-03  8.729631e+04
1.428894e-03  7.664616e+04
1.603245e-03  6.465164e+04
1.778279e-03  5.510058e+04
2.000000e-03  4.561960e+04
2.238721e-03  3.778309e+04
2.511886e-03  3.095455e+04
2.851018e-03  2.465664e+04
3.198895e-03  1.990679e+04
3.589219e-03  1.596735e+04
4.073803e-03  1.243353e+04
4.623810e-03  9.606779e+03
5.308844e-03  7.188528e+03
6.095369e-03  5.331545e+03
7.000000e-03  3.918348e+03
8.035261e-03  2.858003e+03
9.120108e-03  2.123369e+03
1.023293e-02  1.610815e+03
1.161449e-02  1.180679e+03
1.333521e-02  8.345407e+02
1.513561e-02  6.025168e+02
1.717908e-02  4.320438e+02
1.972423e-02  2.982770e+02
2.264644e-02  2.042722e+02
2.600160e-02  1.388267e+02
3.000000e-02  9.235520e+01
3.467369e-02  6.067034e+01
4.027170e-02  3.899621e+01
4.677351e-02  2.488162e+01
5.495409e-02  1.522203e+01
6.531306e-02  8.923313e+00
7.943282e-02  4.833105e+00
1.011580e-01  2.246169e+00
1.717908e-01  4.151439e-01
2.089296e-01  2.238933e-01
2.454709e-01  1.355808e-01
2.818383e-01  8.881847e-02
3.198895e-01  6.069058e-02
3.589219e-01  4.321893e-02
4.027170e-01  3.099947e-02
4.466836e-01  2.314558e-02
4.954502e-01  1.740071e-02
5.495409e-01  1.317859e-02
6.095369e-01  1.005709e-02
6.760830e-01  7.736266e-03
7.498942e-01  5.998495e-03
8.609938e-01  4.312741e-03
9.225714e-01  3.679724e-03
9.772372e-01  3.241953e-03
1.047129e+00  2.805990e-03
1.135011e+00  2.386590e-03
1.250000e+00  1.981204e-03
1.380384e+00  1.649035e-03
1.698244e+00  1.138018e-03
1.905461e+00  9.325135e-04
2.162719e+00  7.557569e-04
2.511886e+00  5.939500e-04
2.884032e+00  4.787949e-04
3.311311e+00  3.889122e-04
3.845918e+00  3.128793e-04
4.518559e+00  2.494851e-04
5.308844e+00  2.004343e-04
6.309573e+00  1.597300e-04
7.762471e+00  1.226830e-04
9.440609e+00  9.643779e-05
1.202264e+01  7.231268e-05
1.531087e+01  5.468282e-05
2.018366e+01  4.008921e-05
2.722701e+01  2.888411e-05
3.758374e+01  2.044920e-05
5.821032e+01  1.291387e-05
9.332543e+01  7.933740e-06
1.778279e+02  4.113548e-06
3.548134e+02  2.047694e-06
1.412538e+03  5.117093e-07
1.000000e+05  7.216100e-09
-1  -1
2.782600e-04  0.000000e+00
2.782600e-04  1.569236e+05
2.840000e-04  1.557235e+05
2.920000e-04  1.512257e+05
2.965000e-04  1.460940e+05
3.080000e-04  1.325968e+05
3.130000e-04  1.280108e+05
3.180000e-04  1.244552e+05
3.220000e-04  1.223636e+05
3.260000e-04  1.209252e+05
3.311311e-04  1.200114e+05
3.350000e-04  1.199580e+05
3.390000e-04  1.204228e+05
3.450000e-04  1.220076e+05
3.507519e-04  1.243937e+05
3.580000e-04  1.284288e+05
3.650000e-04  1.332212e+05
3.758374e-04  1.418955e+05
4.000000e-04  1.633228e+05
4.150000e-04  1.762944e+05
4.280000e-04  1.868696e+05
4.430000e-04  1.981376e+05
4.570882e-04  2.077156e+05
4.731513e-04  2.172775e+05
4.897788e-04  2.255559e+05
5.080000e-04  2.328428e+05
5.248075e-04  2.381131e+05
5.450000e-04  2.427872e+05
5.650000e-04  2.457480e+05
5.900000e-04  2.474472e+05
6.165950e-04  2.474208e+05
6.456542e-04  2.457301e+05
6.760830e-04  2.423749e+05
7.079458e-04  2.374195e+05
7.413102e-04  2.311367e+05
7.852356e-04  2.219506e+05
8.317638e-04  2.116159e+05
8.810489e-04  2.002720e+05
9.332543e-04  1.882496e+05
1.000000e-03  1.734996e+05
1.070000e-03  1.590144e+05
1.148154e-03  1.440264e+05
1.244515e-03  1.275817e+05
1.333521e-03  1.142209e+05
1.450000e-03  9.905040e+04
1.570000e-03  8.591640e+04
1.698244e-03  7.410465e+04
1.850000e-03  6.263680e+04
2.018366e-03  5.237098e+04
2.213095e-03  4.301458e+04
2.426610e-03  3.504425e+04
2.660725e-03  2.834886e+04
2.951209e-03  2.214098e+04
3.235937e-03  1.764524e+04
3.548134e-03  1.397460e+04
3.935501e-03  1.066838e+04
4.400000e-03  7.909720e+03
4.897788e-03  5.886880e+03
5.432503e-03  4.393419e+03
6.025596e-03  3.256625e+03
6.683439e-03  2.398458e+03
7.413102e-03  1.755078e+03
8.222426e-03  1.276373e+03
9.120108e-03  9.226029e+02
1.023293e-02  6.388939e+02
1.148154e-02  4.392257e+02
1.288250e-02  2.998657e+02
1.462177e-02  1.955469e+02
1.659587e-02  1.265356e+02
1.883649e-02  8.128914e+01
2.162719e-02  4.977804e+01
2.483133e-02  3.025580e+01
2.884032e-02  1.750739e+01
3.388442e-02  9.634580e+00
4.027170e-02  5.039512e+00
4.897788e-02  2.397303e+00
6.309573e-02  9.076330e-01
1.109175e-01  1.031681e-01
1.348963e-01  4.882487e-02
1.621810e-01  2.431942e-02
1.883649e-01  1.390026e-02
2.162719e-01  8.350622e-03
2.454709e-01  5.269326e-03
2.786121e-01  3.349576e-03
3.126079e-01  2.234682e-03
3.507519e-01  1.502120e-03
3.890451e-01  1.058018e-03
4.315191e-01  7.507185e-04
4.786301e-01  5.366793e-04
5.308844e-01  3.864977e-04
5.821032e-01  2.906695e-04
6.309573e-01  2.280562e-04
6.918310e-01  1.741906e-04
7.585776e-01  1.340618e-04
8.035261e-01  1.141874e-04
8.609938e-01  9.395400e-05
9.120108e-01  8.038576e-05
9.549926e-01  7.136448e-05
1.000000e+00  6.375041e-05
1.047129e+00  5.735634e-05
1.096478e+00  5.195668e-05
1.161449e+00  4.628639e-05
1.230269e+00  4.152685e-05
1.333521e+00  3.591206e-05
1.479108e+00  3.004190e-05
1.840772e+00  2.044122e-05
2.018366e+00  1.748796e-05
2.344229e+00  1.369836e-05
2.722701e+00  1.080974e-05
3.090295e+00  8.904027e-06
3.589219e+00  7.138317e-06
4.168694e+00  5.764985e-06
4.897788e+00  4.614474e-06
5.821032e+00  3.664429e-06
7.000000e+00  2.887800e-06
8.413951e+00  2.292623e-06
1.023293e+01  1.807863e-06
1.303167e+01  1.359459e-06
1.659587e+01  1.030844e-06
2.187762e+01  7.574471e-07
3.019952e+01  5.334425e-07
4.315191e+01  3.649859e-07
6.683439e+01  2.310807e-07
1.174898e+02  1.294878e-07
2.344229e+02  6.423996e-08
4.677351e+02  3.202743e-08
3.715352e+03  4.014668e-09
1.000000e+05  1.490500e-10
-1  -1
2.645400e-04  0.000000e+00
2.645400e-04  2.501622e+05
2.740000e-04  2.272242e+05
2.760000e-04  2.222970e+05
2.900000e-04  1.938858e+05
2.940000e-04  1.876794e+05
2.980000e-04  1.828956e+05
3.019952e-04  1.795060e+05
3.054921e-04  1.776158e+05
3.090295e-04  1.766616e+05
3.130000e-04  1.766442e+05
3.167000e-04  1.775266e+05
3.220000e-04  1.800966e+05
3.280000e-04  1.845504e+05
3.350000e-04  1.914084e+05
3.430000e-04  2.010096e+05
3.530000e-04  2.150676e+05
3.780000e-04  2.551134e+05
3.890451e-04  2.724157e+05
4.000000e-04  2.886582e+05
4.120975e-04  3.052971e+05
4.265795e-04  3.233799e+05
4.415704e-04  3.399579e+05
4.570882e-04  3.547104e+05
4.731513e-04  3.672449e+05
4.897788e-04  3.774418e+05
5.080000e-04  3.858474e+05
5.248075e-04  3.913963e+05
5.450000e-04  3.954246e+05
5.692300e-04  3.970040e+05
5.956621e-04  3.957187e+05
6.237348e-04  3.917961e+05
6.531306e-04  3.853839e+05
6.850000e-04  3.762396e+05
7.244360e-04  3.627718e+05
7.673615e-04  3.467877e+05
8.128305e-04  3.292841e+05
8.609938e-04  3.104685e+05
9.225714e-04  2.868774e+05
9.885530e-04  2.630286e+05
1.059254e-03  2.393537e+05
1.135011e-03  2.162824e+05
1.224700e-03  1.920265e+05
1.318257e-03  1.699370e+05
1.428894e-03  1.475702e+05
1.548817e-03  1.271944e+05
1.690000e-03  1.074612e+05
1.840772e-03  9.039909e+04
2.018366e-03  7.444709e+04
2.213095e-03  6.080901e+04
2.426610e-03  4.930266e+04
2.691535e-03  3.859705e+04
2.951209e-03  3.081238e+04
3.235937e-03  2.444201e+04
3.589219e-03  1.868749e+04
4.027170e-03  1.373965e+04
4.500000e-03  1.012368e+04
5.000000e-03  7.517820e+03
5.500000e-03  5.707626e+03
6.025596e-03  4.361084e+03
6.683439e-03  3.193053e+03
7.413102e-03  2.322630e+03
8.128305e-03  1.740999e+03
9.120108e-03  1.205984e+03
1.023293e-02  8.292341e+02
1.148154e-02  5.659336e+02
1.288250e-02  3.834704e+02
1.445440e-02  2.580438e+02
1.640590e-02  1.656138e+02
1.862087e-02  1.054835e+02
2.113489e-02  6.670417e+01
2.426610e-02  4.015091e+01
2.786121e-02  2.398953e+01
3.235937e-02  1.362605e+01
3.801894e-02  7.350846e+00
4.518559e-02  3.763969e+00
5.495409e-02  1.748419e+00
7.244360e-02  5.868457e-01
1.083927e-01  1.189277e-01
1.333521e-01  5.260958e-02
1.548817e-01  2.939567e-02
1.778279e-01  1.731070e-02
2.018366e-01  1.073259e-02
2.264644e-01  6.996714e-03
2.511886e-01  4.791341e-03
2.786121e-01  3.303457e-03
3.054921e-01  2.388721e-03
3.349654e-01  1.738663e-03
3.672823e-01  1.273873e-03
4.027170e-01  9.397885e-04
4.415705e-01  6.982748e-04
4.841724e-01  5.228317e-04
5.248075e-01  4.085768e-04
5.688529e-01  3.213843e-04
6.095369e-01  2.631444e-04
6.606935e-01  2.100585e-04
7.161434e-01  1.688214e-04
8.222427e-01  1.173126e-04
8.810489e-01  9.795877e-05
9.332543e-01  8.485295e-05
9.772372e-01  7.606411e-05
1.023293e+00  6.858716e-05
1.083927e+00  6.068168e-05
1.148154e+00  5.402318e-05
1.230269e+00  4.731280e-05
1.333521e+00  4.081880e-05
1.496236e+00  3.335232e-05
1.778279e+00  2.456039e-05
1.972423e+00  2.056944e-05
2.290868e+00  1.609186e-05
2.660725e+00  1.268359e-05
3.054921e+00  1.025514e-05
3.548134e+00  8.216617e-06
4.120975e+00  6.632257e-06
4.841724e+00  5.305797e-06
5.754399e+00  4.211172e-06
6.918310e+00  3.318025e-06
8.317638e+00  2.632281e-06
1.011579e+01  2.074729e-06
1.288250e+01  1.559565e-06
1.640590e+01  1.182091e-06
2.162719e+01  8.683334e-07
2.985383e+01  6.113569e-07
4.216965e+01  4.232941e-07
6.606934e+01  2.647030e-07
1.148154e+02  1.500599e-07
2.290868e+02  7.442784e-08
4.570882e+02  3.710307e-08
1.819701e+03  9.282956e-09
1.000000e+05  1.687100e-10
-1  -1
5.564000e-05  0.000000e+00
5.564000e-05  2.463996e+05
5.590000e-05  2.540976e+05
5.623413e-05  2.630265e+05
5.665000e-05  2.727084e+05
5.725000e-05  2.844084e+05
5.770000e-05  2.916630e+05
5.830000e-05  2.999250e+05
5.900000e-05  3.076884e+05
5.970000e-05  3.137274e+05
6.070000e-05  3.201732e+05
6.180000e-05  3.249888e+05
6.309573e-05  3.282905e+05
6.456542e-05  3.297742e+05
6.683439e-05  3.293861e+05
7.079458e-05  3.271484e+05
7.300000e-05  3.278820e+05
7.483300e-05  3.307457e+05
7.650000e-05  3.355734e+05
7.800000e-05  3.420150e+05
7.950000e-05  3.506100e+05
8.080000e-05  3.598716e+05
8.230000e-05  3.727362e+05
8.413951e-05  3.916120e+05
8.609938e-05  4.154034e+05
8.810489e-05  4.434936e+05
9.015711e-05  4.757637e+05
9.400000e-05  5.445912e+05
1.023293e-04  7.217994e+05
1.083927e-04  8.680715e+05
1.135011e-04  9.998926e+05
1.190000e-04  1.148568e+06
1.244515e-04  1.299962e+06
1.288400e-04  1.422129e+06
1.333521e-04  1.545828e+06
1.380384e-04  1.669545e+06
1.430000e-04  1.792440e+06
1.480000e-04  1.906236e+06
1.531087e-04  2.011894e+06
1.584893e-04  2.112278e+06
1.650000e-04  2.219892e+06
1.720000e-04  2.319474e+06
1.800000e-04  2.414220e+06
1.883649e-04  2.494127e+06
1.972423e-04  2.557769e+06
2.041738e-04  2.592822e+06
2.120000e-04  2.617752e+06
2.220000e-04  2.629134e+06
2.330000e-04  2.619732e+06
2.454709e-04  2.588743e+06
2.600160e-04  2.534061e+06
2.730000e-04  2.472708e+06
2.851018e-04  2.406661e+06
3.000000e-04  2.316258e+06
3.162278e-04  2.210456e+06
3.350000e-04  2.083566e+06
3.550000e-04  1.948824e+06
3.780000e-04  1.799574e+06
4.000000e-04  1.662840e+06
4.216965e-04  1.534744e+06
4.466836e-04  1.397645e+06
4.731513e-04  1.264653e+06
5.069907e-04  1.113681e+06
5.370318e-04  9.953420e+05
5.754399e-04  8.631018e+05
6.100000e-04  7.609380e+05
6.606934e-04  6.353115e+05
7.000000e-04  5.544456e+05
7.585776e-04  4.552682e+05
8.128305e-04  3.818821e+05
8.810489e-04  3.090453e+05
9.700000e-04  2.376864e+05
1.059254e-03  1.853763e+05
1.148154e-03  1.466377e+05
1.244515e-03  1.153522e+05
1.364583e-03  8.704356e+04
1.513561e-03  6.287076e+04
1.678804e-03  4.501864e+04
1.840772e-03  3.322948e+04
2.041738e-03  2.343731e+04
2.264644e-03  1.640908e+04
2.511886e-03  1.140509e+04
2.786121e-03  7.871315e+03
3.090295e-03  5.395543e+03
3.427678e-03  3.674187e+03
3.845918e-03  2.379348e+03
4.315191e-03  1.528872e+03
4.841724e-03  9.751475e+02
5.432503e-03  6.176930e+02
6.095369e-03  3.886293e+02
6.918310e-03  2.316477e+02
7.852356e-03  1.370017e+02
8.912509e-03  8.037619e+01
1.011579e-02  4.678189e+01
1.148154e-02  2.701079e+01
1.303167e-02  1.548092e+01
1.500000e-02  8.277480e+00
1.737801e-02  4.266455e+00
2.041738e-02  2.048436e+00
2.371374e-02  1.029733e+00
2.851018e-02  4.379254e-01
3.467369e-02  1.751197e-01
4.570882e-02  4.756974e-02
7.498942e-02  4.578873e-03
9.120108e-02  1.826481e-03
1.083927e-01  8.174930e-04
1.258925e-01  4.102197e-04
1.445440e-01  2.186696e-04
1.640590e-01  1.237487e-04
1.840772e-01  7.425225e-05
2.065380e-01  4.486035e-05
2.290868e-01  2.868281e-05
2.540973e-01  1.846696e-05
2.786121e-01  1.256672e-05
3.054921e-01  8.607027e-06
3.349654e-01  5.934344e-06
3.715352e-01  3.935959e-06
4.216965e-01  2.406260e-06
4.570882e-01  1.769901e-06
4.954502e-01  1.310355e-06
5.370318e-01  9.779377e-07
5.821032e-01  7.354670e-07
6.237348e-01  5.800037e-07
6.760830e-01  4.430677e-07
7.328245e-01  3.408793e-07
8.035261e-01  2.543446e-07
8.511380e-01  2.103826e-07
8.912509e-01  1.818032e-07
9.225714e-01  1.637024e-07
9.549926e-01  1.481208e-07
9.885531e-01  1.347817e-07
1.023293e+00  1.234357e-07
1.059254e+00  1.137184e-07
1.096478e+00  1.053162e-07
1.148154e+00  9.574796e-08
1.202264e+00  8.764201e-08
1.288250e+00  7.743136e-08
1.380384e+00  6.888523e-08
1.500000e+00  6.018100e-08
1.862087e+00  4.112945e-08
2.041738e+00  3.519828e-08
2.371374e+00  2.758411e-08
2.754229e+00  2.178095e-08
3.126079e+00  1.795266e-08
3.630781e+00  1.440109e-08
4.265795e+00  1.145064e-08
5.011872e+00  9.175136e-09
5.956621e+00  7.293612e-09
7.244360e+00  5.671031e-09
8.609938e+00  4.571734e-09
1.047129e+01  3.608221e-09
1.318257e+01  2.751760e-09
1.678804e+01  2.087273e-09
2.213095e+01  1.534251e-09
3.054921e+01  1.080805e-09
4.365158e+01  7.396900e-10
6.760830e+01  4.684170e-10
1.188502e+02  2.625200e-10
2.371374e+02  1.302520e-10
4.731513e+02  6.494330e-11
1.883649e+03  1.625040e-11
1.000000e+05  3.057400e-13
-1  -1
5.299000e-05  0.000000e+00
5.299000e-05  3.717160e+05
5.330000e-05  3.835336e+05
5.370318e-05  3.965630e+05
5.410000e-05  4.074624e+05
5.470000e-05  4.209648e+05
5.530000e-05  4.316448e+05
5.600000e-05  4.413024e+05
5.688529e-05  4.503051e+05
5.800000e-05  4.576896e+05
5.900000e-05  4.616280e+05
6.025596e-05  4.640490e+05
6.237348e-05  4.640329e+05
6.760830e-05  4.578656e+05
6.950000e-05  4.579352e+05
7.079458e-05  4.596541e+05
7.244360e-05  4.643165e+05
7.413102e-05  4.724158e+05
7.580000e-05  4.841184e+05
7.730000e-05  4.979776e+05
7.900000e-05  5.176376e+05
8.080000e-05  5.430480e+05
8.230000e-05  5.677512e+05
8.413951e-05  6.022314e+05
8.650000e-05  6.527056e+05
9.015711e-05  7.429039e+05
9.900000e-05  1.004768e+06
1.047129e-04  1.196552e+06
1.100000e-04  1.385584e+06
1.150000e-04  1.572240e+06
1.205000e-04  1.782720e+06
1.250400e-04  1.956956e+06
1.300000e-04  2.143592e+06
1.350000e-04  2.323776e+06
1.400000e-04  2.492520e+06
1.450000e-04  2.647456e+06
1.500000e-04  2.787488e+06
1.560000e-04  2.936200e+06
1.621810e-04  3.069423e+06
1.690000e-04  3.196200e+06
1.760000e-04  3.304936e+06
1.840772e-04  3.407273e+06
1.927525e-04  3.490011e+06
2.000000e-04  3.537248e+06
2.089296e-04  3.569586e+06
2.192000e-04  3.576681e+06
2.300000e-04  3.556504e+06
2.400000e-04  3.517992e+06
2.540973e-04  3.440418e+06
2.691535e-04  3.337839e+06
2.838200e-04  3.222872e+06
2.985383e-04  3.094730e+06
3.162278e-04  2.931228e+06
3.350000e-04  2.755224e+06
3.550000e-04  2.570104e+06
3.780000e-04  2.366176e+06
4.000000e-04  2.181688e+06
4.216965e-04  2.009184e+06
4.518559e-04  1.789687e+06
4.786301e-04  1.614740e+06
5.150000e-04  1.405272e+06
5.432503e-04  1.262730e+06
5.821032e-04  1.091164e+06
6.237348e-04  9.368252e+05
6.760830e-04  7.772636e+05
7.161434e-04  6.764963e+05
7.852356e-04  5.369466e+05
8.511380e-04  4.349796e+05
9.120108e-04  3.610988e+05
1.000000e-03  2.795208e+05
1.096478e-03  2.144932e+05
1.216186e-03  1.577036e+05
1.333521e-03  1.190090e+05
1.479108e-03  8.596631e+04
1.621810e-03  6.388981e+04
1.798871e-03  4.541138e+04
2.000000e-03  3.177512e+04
2.213095e-03  2.241963e+04
2.454709e-03  1.557536e+04
2.722701e-03  1.074308e+04
3.019952e-03  7.358781e+03
3.349654e-03  5.007271e+03
3.758374e-03  3.239520e+03
4.216965e-03  2.079365e+03
4.731513e-03  1.324608e+03
5.308844e-03  8.378216e+02
6.000000e-03  5.110024e+02
6.760830e-03  3.132164e+02
7.585776e-03  1.940015e+02
8.609938e-03  1.136487e+02
9.772372e-03  6.604817e+01
1.096478e-02  4.003935e+01
1.244515e-02  2.291385e+01
1.412538e-02  1.301907e+01
1.621810e-02  6.974212e+00
1.883649e-02  3.519444e+00
2.187762e-02  1.763637e+00
2.570396e-02  8.307017e-01
3.090295e-02  3.485823e-01
3.845918e-02  1.232535e-01
7.328245e-02  5.621834e-03
9.120108e-02  1.984563e-03
1.071519e-01  9.276764e-04
1.230269e-01  4.866160e-04
1.396368e-01  2.710671e-04
1.566751e-01  1.602817e-04
1.757924e-01  9.546063e-05
1.949845e-01  6.029806e-05
2.162719e-01  3.836553e-05
2.371374e-01  2.583896e-05
2.600160e-01  1.751935e-05
2.851018e-01  1.196403e-05
3.126079e-01  8.233177e-06
3.388442e-01  5.975679e-06
3.672823e-01  4.365884e-06
3.981072e-01  3.212643e-06
4.315191e-01  2.381832e-06
4.623810e-01  1.854989e-06
4.954502e-01  1.453924e-06
5.308844e-01  1.147995e-06
5.688529e-01  9.124306e-07
6.095369e-01  7.298499e-07
6.606935e-01  5.670718e-07
7.161434e-01  4.438895e-07
8.035261e-01  3.161195e-07
8.511380e-01  2.656906e-07
8.912509e-01  2.323207e-07
9.332543e-01  2.043270e-07
9.772372e-01  1.810116e-07
1.011579e+00  1.662292e-07
1.059254e+00  1.494788e-07
1.109175e+00  1.354047e-07
1.161449e+00  1.234207e-07
1.230269e+00  1.107052e-07
1.318257e+00  9.782895e-08
1.513561e+00  7.740010e-08
1.819701e+00  5.591275e-08
2.000000e+00  4.759500e-08
2.344229e+00  3.672180e-08
2.722701e+00  2.897747e-08
3.090295e+00  2.386822e-08
3.589219e+00  1.913488e-08
4.168694e+00  1.545347e-08
4.897788e+00  1.236943e-08
5.821032e+00  9.822796e-09
7.000000e+00  7.740900e-09
8.413951e+00  6.145738e-09
1.023293e+01  4.846115e-09
1.303167e+01  3.644103e-09
1.659587e+01  2.763246e-09
2.162719e+01  2.056349e-09
2.951209e+01  1.465865e-09
4.168694e+01  1.014657e-09
6.531306e+01  6.343780e-10
1.122018e+02  3.638110e-10
2.238721e+02  1.804070e-10
4.466836e+02  8.992400e-11
1.778279e+03  2.249560e-11
1.000000e+05  3.995300e-13
-1  -1
9.157000e-05  0.000000e+00
9.157000e-05  6.927920e+04
9.310000e-05  6.588480e+04
9.400000e-05  6.430000e+04
9.550000e-05  6.230700e+04
9.700000e-05  6.092560e+04
9.850000e-05  5.998540e+04
1.000000e-04  5.937780e+04
1.020000e-04  5.897960e+04
1.040000e-04  5.894080e+04
1.071519e-04  5.936566e+04
1.109175e-04  6.034899e+04
1.260000e-04  6.545180e+04
1.318257e-04  6.697340e+04
1.380384e-04  6.808164e+04
1.450000e-04  6.873580e+04
1.513561e-04  6.888374e+04
1.603245e-04  6.855305e+04
1.698244e-04  6.775723e+04
1.819701e-04  6.637412e+04
1.950000e-04  6.461900e+04
2.089296e-04  6.249377e+04
2.238721e-04  5.997666e+04
2.400000e-04  5.710400e+04
2.600160e-04  5.353366e+04
2.851018e-04  4.932909e+04
3.126079e-04  4.517249e+04
3.427678e-04  4.108014e+04
3.801894e-04  3.660486e+04
4.315191e-04  3.153489e+04
4.841724e-04  2.735861e+04
5.559043e-04  2.287346e+04
6.456542e-04  1.870641e+04
7.673615e-04  1.469848e+04
9.015711e-04  1.165531e+04
1.083927e-03  8.875839e+03
1.318257e-03  6.590590e+03
1.584893e-03  4.942731e+03
1.905461e-03  3.679954e+03
2.290868e-03  2.719174e+03
2.754229e-03  1.993665e+03
3.311311e-03  1.450596e+03
4.000000e-03  1.038682e+03
4.841724e-03  7.353701e+02
5.888437e-03  5.120839e+02
7.161434e-03  3.538563e+02
8.709636e-03  2.427040e+02
1.059254e-02  1.652258e+02
1.288250e-02  1.116204e+02
1.548817e-02  7.659775e+01
1.862087e-02  5.216915e+01
2.238721e-02  3.525529e+01
2.660725e-02  2.423918e+01
3.162278e-02  1.654687e+01
3.758374e-02  1.121411e+01
4.518559e-02  7.347252e+00
5.248075e-02  5.183243e+00
6.237348e-02  3.437383e+00
7.498942e-02  2.200711e+00
8.912509e-02  1.438188e+00
1.109175e-01  8.319998e-01
1.445440e-01  4.251858e-01
2.511886e-01  1.031120e-01
3.126079e-01  5.924992e-02
3.715352e-01  3.852372e-02
4.265795e-01  2.747843e-02
4.897788e-01  1.973875e-02
5.559043e-01  1.467496e-02
6.237348e-01  1.127980e-02
7.079458e-01  8.509034e-03
8.035261e-01  6.469453e-03
9.015711e-01  5.075277e-03
1.000000e+00  4.109700e-03
1.161449e+00  3.060541e-03
1.318257e+00  2.401904e-03
1.496236e+00  1.899671e-03
1.678804e+00  1.545130e-03
1.883649e+00  1.265801e-03
2.113489e+00  1.044856e-03
2.454709e+00  8.202119e-04
2.851018e+00  6.488199e-04
3.235937e+00  5.357522e-04
3.758374e+00  4.305167e-04
4.415704e+00  3.429022e-04
5.188000e+00  2.751999e-04
6.165950e+00  2.190988e-04
7.585776e+00  1.681269e-04
9.120108e+00  1.338884e-04
1.109175e+01  1.058909e-04
1.364583e+01  8.308245e-05
1.737801e+01  6.308338e-05
2.290868e+01  4.641439e-05
3.198895e+01  3.232388e-05
4.677351e+01  2.161441e-05
7.079458e+01  1.403450e-05
1.273503e+02  7.687893e-06
2.540973e+02  3.816928e-06
5.069907e+02  1.903760e-06
4.027170e+03  2.387280e-07
1.000000e+05  9.607100e-09
-1  -1
6.097000e-05  0.000000e+00
6.097000e-05  1.721212e+06
6.135000e-05  1.751222e+06
6.170000e-05  1.772444e+06
6.220000e-05  1.792752e+06
6.280000e-05  1.805338e+06
6.350000e-05  1.806342e+06
6.420000e-05  1.797276e+06
6.500000e-05  1.776318e+06
6.610000e-05  1.735772e+06
6.730000e-05  1.680854e+06
6.850000e-05  1.618532e+06
7.000000e-05  1.534672e+06
7.161434e-05  1.441427e+06
7.350000e-05  1.333086e+06
7.585776e-05  1.203033e+06
7.852356e-05  1.067157e+06
8.222426e-05  9.017623e+05
8.810489e-05  6.937443e+05
9.900000e-05  4.443360e+05
1.071519e-04  3.307705e+05
1.150000e-04  2.558940e+05
1.230269e-04  2.016276e+05
1.303167e-04  1.655977e+05
1.380384e-04  1.370351e+05
1.450000e-04  1.173856e+05
1.520000e-04  1.019022e+05
1.584893e-04  9.043716e+04
1.659587e-04  7.984626e+04
1.737801e-04  7.101666e+04
1.820000e-04  6.360300e+04
1.905461e-04  5.741958e+04
1.995262e-04  5.219487e+04
2.089296e-04  4.779199e+04
2.190000e-04  4.399780e+04
2.300000e-04  4.067460e+04
2.426610e-04  3.763015e+04
2.570396e-04  3.489038e+04
2.730000e-04  3.246320e+04
2.951209e-04  2.981092e+04
3.235937e-04  2.718190e+04
3.672823e-04  2.416290e+04
4.897788e-04  1.864843e+04
5.688529e-04  1.618889e+04
6.531306e-04  1.411246e+04
7.500000e-04  1.220356e+04
8.609938e-04  1.047501e+04
9.885530e-04  8.914573e+03
1.122018e-03  7.633958e+03
1.273503e-03  6.491378e+03
1.428894e-03  5.566543e+03
1.603245e-03  4.745116e+03
1.819701e-03  3.953086e+03
2.041738e-03  3.326193e+03
2.317395e-03  2.730899e+03
2.630268e-03  2.225275e+03
2.985383e-03  1.799672e+03
3.388442e-03  1.444563e+03
3.845918e-03  1.150929e+03
4.365158e-03  9.102054e+02
4.954502e-03  7.146134e+02
5.623413e-03  5.570981e+02
6.382635e-03  4.311814e+02
7.244360e-03  3.313727e+02
8.222426e-03  2.529313e+02
9.332543e-03  1.917290e+02
1.059254e-02  1.443430e+02
1.208000e-02  1.067387e+02
1.380384e-02  7.798388e+01
1.566751e-02  5.748492e+01
1.798871e-02  4.090126e+01
2.065380e-02  2.888087e+01
2.371374e-02  2.024307e+01
2.722701e-02  1.408894e+01
3.090295e-02  1.006975e+01
3.548134e-02  6.923893e+00
4.120975e-02  4.580316e+00
4.841724e-02  2.912920e+00
5.821032e-02  1.722454e+00
7.161434e-02  9.456961e-01
8.709636e-02  5.331721e-01
1.380384e-01  1.365551e-01
1.840772e-01  5.844823e-02
2.264644e-01  3.193514e-02
2.691535e-01  1.943672e-02
3.126079e-01  1.272989e-02
3.589219e-01  8.674335e-03
4.073803e-01  6.145526e-03
4.623810e-01  4.386929e-03
5.188000e-01  3.252128e-03
5.821032e-01  2.428706e-03
6.456542e-01  1.880539e-03
7.161434e-01  1.466018e-03
8.128305e-01  1.090716e-03
8.810489e-01  9.067099e-04
9.440609e-01  7.783020e-04
1.011579e+00  6.725311e-04
1.109175e+00  5.581985e-04
1.216186e+00  4.664176e-04
1.348963e+00  3.840671e-04
1.603245e+00  2.811597e-04
1.819701e+00  2.250990e-04
2.018366e+00  1.889128e-04
2.344229e+00  1.479578e-04
2.722701e+00  1.167603e-04
3.090295e+00  9.618081e-05
3.589219e+00  7.710852e-05
4.168694e+00  6.227453e-05
4.897788e+00  4.984693e-05
5.821032e+00  3.958367e-05
7.000000e+00  3.119400e-05
8.413951e+00  2.476586e-05
1.023293e+01  1.952910e-05
1.303167e+01  1.468550e-05
1.640590e+01  1.128132e-05
2.137962e+01  8.392456e-06
2.951209e+01  5.907010e-06
4.168694e+01  4.088884e-06
6.531306e+01  2.556433e-06
1.122018e+02  1.466042e-06
2.238721e+02  7.270101e-07
4.466836e+02  3.623747e-07
1.778279e+03  9.065324e-08
1.000000e+05  1.610000e-09
-1  -1
4.940000e-05  0.000000e+00
4.940000e-05  3.919980e+06
4.985000e-05  3.928796e+06
5.040000e-05  3.912504e+06
5.110000e-05  3.861772e+06
5.190000e-05  3.775452e+06
5.289000e-05  3.644230e+06
5.400000e-05  3.478600e+06
5.500000e-05  3.322060e+06
5.650000e-05  3.085020e+06
5.821032e-05  2.821811e+06
6.025596e-05  2.526623e+06
6.237348e-05  2.248886e+06
6.531306e-05  1.912607e+06
7.762471e-05  1.021407e+06
8.222426e-05  8.345830e+05
8.650000e-05  7.032600e+05
9.015711e-05  6.147676e+05
9.440609e-05  5.326575e+05
9.900000e-05  4.628400e+05
1.035142e-04  4.086745e+05
1.080000e-04  3.656132e+05
1.122018e-04  3.328080e+05
1.170000e-04  3.022716e+05
1.220000e-04  2.765564e+05
1.273503e-04  2.543308e+05
1.333521e-04  2.343139e+05
1.400000e-04  2.166056e+05
1.480000e-04  1.996980e+05
1.566751e-04  1.851303e+05
1.678804e-04  1.702201e+05
1.819701e-04  1.555863e+05
2.000000e-04  1.411460e+05
2.851018e-04  1.004033e+05
3.311311e-04  8.638204e+04
3.801894e-04  7.461786e+04
4.365158e-04  6.398677e+04
4.954502e-04  5.519088e+04
5.688529e-04  4.662046e+04
6.500000e-04  3.934600e+04
7.500000e-04  3.254624e+04
8.511380e-04  2.735734e+04
9.772372e-04  2.247693e+04
1.122018e-03  1.834154e+04
1.303167e-03  1.459899e+04
1.500000e-03  1.168856e+04
1.698244e-03  9.547464e+03
1.927525e-03  7.713561e+03
2.213095e-03  6.066217e+03
2.511886e-03  4.833158e+03
2.851018e-03  3.824472e+03
3.235937e-03  3.005303e+03
3.672823e-03  2.345186e+03
4.168694e-03  1.817364e+03
4.731513e-03  1.398570e+03
5.370318e-03  1.068936e+03
6.095369e-03  8.113672e+02
6.918310e-03  6.115603e+02
7.852356e-03  4.579269e+02
8.912509e-03  3.405099e+02
1.011579e-02  2.514553e+02
1.148154e-02  1.844010e+02
1.303167e-02  1.342917e+02
1.479108e-02  9.712521e+01
1.678804e-02  6.975699e+01
1.927525e-02  4.824366e+01
2.213095e-02  3.310505e+01
2.511886e-02  2.328173e+01
2.884032e-02  1.574148e+01
3.349654e-02  1.022214e+01
3.890451e-02  6.586994e+00
4.518559e-02  4.212642e+00
5.308844e-02  2.583392e+00
6.237348e-02  1.573041e+00
7.585776e-02  8.539421e-01
9.660509e-02  3.979885e-01
1.659587e-01  7.098565e-02
2.041738e-01  3.691785e-02
2.398833e-01  2.233973e-02
2.754229e-01  1.462089e-02
3.126079e-01  9.979773e-03
3.548134e-01  6.863373e-03
3.981072e-01  4.919734e-03
4.415705e-01  3.670663e-03
4.897788e-01  2.757419e-03
5.432503e-01  2.086596e-03
6.025596e-01  1.591042e-03
6.683439e-01  1.223126e-03
7.413102e-01  9.478152e-04
8.609938e-01  6.628384e-04
9.225714e-01  5.655266e-04
9.772372e-01  4.982196e-04
1.047129e+00  4.311897e-04
1.135011e+00  3.667334e-04
1.250000e+00  3.044500e-04
1.380384e+00  2.534104e-04
1.678804e+00  1.784858e-04
1.883649e+00  1.461494e-04
2.113489e+00  1.205975e-04
2.454709e+00  9.466385e-05
2.851018e+00  7.489027e-05
3.235937e+00  6.184213e-05
3.758374e+00  4.969470e-05
4.415704e+00  3.958137e-05
5.188000e+00  3.176650e-05
6.165950e+00  2.529056e-05
7.498942e+00  1.969077e-05
9.015711e+00  1.567359e-05
1.083927e+01  1.256113e-05
1.333521e+01  9.848394e-06
1.698244e+01  7.472882e-06
2.238721e+01  5.494689e-06
3.090295e+01  3.872001e-06
4.415704e+01  2.650583e-06
6.760830e+01  1.698953e-06
1.188502e+02  9.521328e-07
2.371374e+02  4.724325e-07
4.731513e+02  2.355548e-07
3.758374e+03  2.952792e-08
1.000000e+05  1.108900e-09
-1  -1
9.520000e-06  0.000000e+00
9.520000e-06  2.927260e+06
9.900000e-06  3.151140e+06
1.200000e-05  4.637860e+06
1.303167e-05  5.432605e+06
1.396368e-05  6.156526e+06
1.479108e-05  6.793670e+06
1.570000e-05  7.479140e+06
1.659587e-05  8.129404e+06
1.757924e-05  8.799718e+06
1.850000e-05  9.370340e+06
1.927525e-05  9.795465e+06
2.000000e-05  1.013908e+07
2.070000e-05  1.041388e+07
2.150000e-05  1.065802e+07
2.230000e-05  1.082394e+07
2.300000e-05  1.090204e+07
2.371374e-05  1.091649e+07
2.454709e-05  1.085349e+07
2.540973e-05  1.070661e+07
2.630268e-05  1.048008e+07
2.722701e-05  1.017999e+07
2.818383e-05  9.811848e+06
2.917427e-05  9.388741e+06
3.019952e-05  8.921351e+06
3.126079e-05  8.422725e+06
3.260000e-05  7.794480e+06
3.402400e-05  7.148794e+06
3.570000e-05  6.436100e+06
3.758374e-05  5.707613e+06
3.981072e-05  4.951176e+06
4.220000e-05  4.259100e+06
4.500000e-05  3.582340e+06
4.800000e-05  2.989420e+06
5.128614e-05  2.464848e+06
5.432503e-05  2.069902e+06
5.754399e-05  1.726386e+06
6.095369e-05  1.429581e+06
6.456542e-05  1.174574e+06
6.839116e-05  9.577055e+05
7.244360e-05  7.751251e+05
7.673615e-05  6.227956e+05
8.128305e-05  4.971913e+05
8.609938e-05  3.944519e+05
9.225714e-05  2.964831e+05
9.800000e-05  2.294780e+05
1.047129e-04  1.719454e+05
1.109175e-04  1.329851e+05
1.190000e-04  9.637080e+04
1.412538e-04  4.312996e+04
1.480000e-04  3.482500e+04
1.531087e-04  2.997513e+04
1.580000e-04  2.624480e+04
1.621810e-04  2.363500e+04
1.659587e-04  2.166292e+04
1.698244e-04  1.996836e+04
1.740000e-04  1.844994e+04
1.780000e-04  1.725242e+04
1.820000e-04  1.626838e+04
1.862087e-04  1.542935e+04
1.905461e-04  1.474278e+04
1.950000e-04  1.419496e+04
1.995262e-04  1.377346e+04
2.041738e-04  1.345815e+04
2.089296e-04  1.323748e+04
2.143800e-04  1.308697e+04
2.200000e-04  1.302058e+04
2.264644e-04  1.302837e+04
2.350000e-04  1.313896e+04
2.454709e-04  1.336792e+04
2.917427e-04  1.462704e+04
3.090295e-04  1.498874e+04
3.273407e-04  1.526360e+04
3.467369e-04  1.544676e+04
3.672823e-04  1.553293e+04
3.890451e-04  1.551855e+04
4.073803e-04  1.542845e+04
4.315191e-04  1.521776e+04
4.570882e-04  1.491605e+04
4.841724e-04  1.453186e+04
5.128614e-04  1.407342e+04
5.495409e-04  1.344123e+04
5.888437e-04  1.274170e+04
6.309573e-04  1.199610e+04
6.760830e-04  1.122135e+04
7.328245e-04  1.030258e+04
7.943282e-04  9.385134e+03
8.609938e-04  8.482095e+03
9.332543e-04  7.610852e+03
1.011579e-03  6.782805e+03
1.096478e-03  6.004852e+03
1.188502e-03  5.281688e+03
1.288250e-03  4.616219e+03
1.412538e-03  3.927838e+03
1.548817e-03  3.316018e+03
1.698244e-03  2.778269e+03
1.862087e-03  2.310372e+03
2.041738e-03  1.907314e+03
2.238721e-03  1.563430e+03
2.454709e-03  1.272706e+03
2.697000e-03  1.024203e+03
2.985383e-03  8.039687e+02
3.311311e-03  6.230873e+02
3.672823e-03  4.791509e+02
4.073803e-03  3.656910e+02
4.518559e-03  2.770641e+02
5.069907e-03  2.021558e+02
5.623413e-03  1.509509e+02
6.309573e-03  1.082065e+02
7.079458e-03  7.696857e+01
7.943282e-03  5.431776e+01
8.912509e-03  3.803369e+01
1.000000e-02  2.643333e+01
1.122018e-02  1.824092e+01
1.258925e-02  1.250145e+01
1.428894e-02  8.186118e+00
1.603245e-02  5.531670e+00
1.819701e-02  3.568053e+00
2.065380e-02  2.285236e+00
2.371374e-02  1.395020e+00
2.722701e-02  8.454710e-01
3.162278e-02  4.877931e-01
3.715352e-02  2.676627e-01
4.466836e-02  1.337053e-01
5.432503e-02  6.346317e-02
7.244360e-02  2.100810e-02
1.122019e-01  3.900755e-03
1.380384e-01  1.768320e-03
1.640590e-01  9.210139e-04
1.905461e-01  5.268934e-04
2.187762e-01  3.168088e-04
2.483133e-01  2.000815e-04
2.818383e-01  1.272983e-04
3.162278e-01  8.499733e-05
3.548134e-01  5.718027e-05
3.935501e-01  4.030043e-05
4.365158e-01  2.860503e-05
4.841724e-01  2.045601e-05
5.370318e-01  1.474147e-05
5.888437e-01  1.109733e-05
6.382635e-01  8.717934e-06
6.998420e-01  6.667644e-06
7.673615e-01  5.137422e-06
8.035261e-01  4.518898e-06
8.609938e-01  3.716025e-06
9.120108e-01  3.177706e-06
9.549926e-01  2.819951e-06
1.000000e+00  2.518200e-06
1.047129e+00  2.265037e-06
1.096478e+00  2.051476e-06
1.161449e+00  1.827443e-06
1.230269e+00  1.639560e-06
1.333521e+00  1.418022e-06
1.479108e+00  1.186501e-06
1.840772e+00  8.073920e-07
2.018366e+00  6.907203e-07
2.344229e+00  5.410244e-07
2.722701e+00  4.269381e-07
3.090295e+00  3.516743e-07
3.589219e+00  2.819354e-07
4.168694e+00  2.276926e-07
4.897788e+00  1.822505e-07
5.821032e+00  1.447354e-07
7.000000e+00  1.140500e-07
8.413951e+00  9.055137e-08
1.023293e+01  7.140335e-08
1.303167e+01  5.369324e-08
1.659587e+01  4.071305e-08
2.187762e+01  2.991618e-08
3.019952e+01  2.106928e-08
4.315191e+01  1.441547e-08
6.683439e+01  9.127181e-09
1.161449e+02  5.174657e-09
2.317395e+02  2.566973e-09
4.623810e+02  1.279683e-09
3.672823e+03  1.603990e-10
1.000000e+05  5.886700e-12
-1  -1
8.500000e-06  0.000000e+00
8.500000e-06  5.446170e+06
1.011579e-05  7.355673e+06
1.100000e-05  8.442630e+06
1.188502e-05  9.515941e+06
1.288250e-05  1.069562e+07
1.380384e-05  1.174580e+07
1.479108e-05  1.281317e+07
1.570000e-05  1.372842e+07
1.659587e-05  1.455075e+07
1.757924e-05  1.534145e+07
1.850000e-05  1.595610e+07
1.927525e-05  1.636517e+07
2.000000e-05  1.664889e+07
2.070000e-05  1.682910e+07
2.150000e-05  1.692186e+07
2.230000e-05  1.689555e+07
2.300000e-05  1.677765e+07
2.371374e-05  1.657152e+07
2.454709e-05  1.623287e+07
2.540973e-05  1.579021e+07
2.630268e-05  1.524906e+07
2.730000e-05  1.457454e+07
2.830000e-05  1.385082e+07
2.917427e-05  1.319688e+07
3.019952e-05  1.242239e+07
3.150000e-05  1.145382e+07
3.300000e-05  1.038840e+07
3.467369e-05  9.291148e+06
3.650000e-05  8.213910e+06
3.850000e-05  7.177710e+06
4.120975e-05  5.996631e+06
4.400000e-05  5.005050e+06
4.677351e-05  4.200694e+06
5.000000e-05  3.445680e+06
5.308844e-05  2.862938e+06
5.650000e-05  2.343420e+06
5.956621e-05  1.964392e+06
6.309573e-05  1.608668e+06
6.683439e-05  1.307377e+06
7.079458e-05  1.054415e+06
7.500000e-05  8.434770e+05
7.943282e-05  6.710747e+05
8.413951e-05  5.299496e+05
9.015711e-05  3.961185e+05
9.549926e-05  3.087339e+05
1.023293e-04  2.272262e+05
1.083927e-04  1.749041e+05
1.174898e-04  1.202943e+05
1.318257e-04  7.002039e+04
1.380384e-04  5.664703e+04
1.430000e-04  4.840050e+04
1.480000e-04  4.181280e+04
1.520000e-04  3.754380e+04
1.560000e-04  3.400800e+04
1.600000e-04  3.109440e+04
1.640590e-04  2.867351e+04
1.678804e-04  2.680629e+04
1.717908e-04  2.524180e+04
1.757924e-04  2.394874e+04
1.798871e-04  2.290063e+04
1.840772e-04  2.206967e+04
1.883649e-04  2.142640e+04
1.930000e-04  2.092374e+04
1.980000e-04  2.056818e+04
2.020000e-04  2.039874e+04
2.080000e-04  2.029116e+04
2.150000e-04  2.033049e+04
2.220000e-04  2.050080e+04
2.344229e-04  2.098035e+04
2.691535e-04  2.255740e+04
2.917427e-04  2.337018e+04
3.054921e-04  2.372943e+04
3.235937e-04  2.401463e+04
3.427678e-04  2.415034e+04
3.630781e-04  2.413334e+04
3.845918e-04  2.396328e+04
4.073803e-04  2.363688e+04
4.315191e-04  2.315682e+04
4.570882e-04  2.255007e+04
4.841724e-04  2.183193e+04
5.128614e-04  2.101697e+04
5.495409e-04  1.993674e+04
5.888437e-04  1.877834e+04
6.309573e-04  1.757390e+04
6.839116e-04  1.614122e+04
7.413102e-04  1.471197e+04
8.035261e-04  1.330826e+04
8.709636e-04  1.194752e+04
9.440609e-04  1.065030e+04
1.023293e-03  9.430604e+03
1.109175e-03  8.298476e+03
1.202264e-03  7.256993e+03
1.318257e-03  6.179449e+03
1.445440e-03  5.220954e+03
1.584893e-03  4.377626e+03
1.737801e-03  3.643152e+03
1.905461e-03  3.009692e+03
2.089296e-03  2.468429e+03
2.290868e-03  2.010341e+03
2.511886e-03  1.626377e+03
2.754229e-03  1.306948e+03
3.019952e-03  1.043129e+03
3.311311e-03  8.257534e+02
3.672823e-03  6.296351e+02
4.168694e-03  4.479421e+02
4.623810e-03  3.369888e+02
5.128614e-03  2.517724e+02
5.688529e-03  1.867600e+02
6.309573e-03  1.375984e+02
6.998420e-03  1.007077e+02
7.852356e-03  7.065210e+01
8.810489e-03  4.917204e+01
9.885531e-03  3.396050e+01
1.109175e-02  2.328267e+01
1.244515e-02  1.584919e+01
1.396368e-02  1.071360e+01
1.566751e-02  7.191991e+00
1.778279e-02  4.603445e+00
2.018366e-02  2.924520e+00
2.290868e-02  1.844838e+00
2.630268e-02  1.107712e+00
3.019952e-02  6.603412e-01
3.507519e-02  3.741398e-01
4.120975e-02  2.014095e-01
4.954502e-02  9.846903e-02
6.165950e-02  4.169205e-02
1.109175e-01  4.095782e-03
1.333521e-01  1.989914e-03
1.566751e-01  1.065647e-03
1.798871e-01  6.283563e-04
2.041738e-01  3.899590e-04
2.290868e-01  2.544777e-04
2.540973e-01  1.744324e-04
2.818383e-01  1.203870e-04
3.090295e-01  8.713585e-05
3.388442e-01  6.348194e-05
3.715352e-01  4.656351e-05
4.073803e-01  3.440008e-05
4.466836e-01  2.560761e-05
4.841724e-01  1.990720e-05
5.248075e-01  1.557349e-05
5.688529e-01  1.226272e-05
6.165950e-01  9.722746e-06
6.683439e-01  7.765212e-06
7.244360e-01  6.243479e-06
7.852356e-01  5.052448e-06
8.609938e-01  3.976247e-06
9.120108e-01  3.443263e-06
9.660509e-01  3.002410e-06
1.011579e+00  2.706865e-06
1.071519e+00  2.394093e-06
1.148154e+00  2.081909e-06
1.230269e+00  1.823042e-06
1.333521e+00  1.571996e-06
1.819701e+00  9.077130e-07
2.018366e+00  7.615202e-07
2.344229e+00  5.964861e-07
2.722701e+00  4.706983e-07
3.090295e+00  3.877160e-07
3.589219e+00  3.108320e-07
4.168694e+00  2.510339e-07
4.897788e+00  2.009366e-07
5.821032e+00  1.595629e-07
7.000000e+00  1.257400e-07
8.413951e+00  9.983475e-08
1.023293e+01  7.872120e-08
1.303167e+01  5.919667e-08
1.659587e+01  4.488676e-08
2.187762e+01  3.298194e-08
3.019952e+01  2.322882e-08
4.315191e+01  1.589274e-08
6.683439e+01  1.006242e-08
1.161449e+02  5.705055e-09
2.317395e+02  2.830004e-09
4.623810e+02  1.410910e-09
1.840772e+03  3.530060e-10
1.000000e+05  6.490000e-12
-1  -1
8.060000e-06  0.000000e+00
8.060000e-06  6.316560e+06
8.709636e-06  4.570116e+06
9.772372e-06  2.798640e+06
1.083927e-05  1.786545e+06
1.200000e-05  1.141364e+06
1.333521e-05  7.115953e+05
1.500000e-05  4.166880e+05
1.778279e-05  1.909328e+05
1.905461e-05  1.398415e+05
2.000000e-05  1.130336e+05
2.089296e-05  9.386848e+04
2.162719e-05  8.150050e+04
2.238721e-05  7.120213e+04
2.317395e-05  6.266414e+04
2.371374e-05  5.781186e+04
2.426610e-05  5.356103e+04
2.500000e-05  4.884340e+04
2.570396e-05  4.514361e+04
2.638800e-05  4.218315e+04
2.710000e-05  3.964920e+04
2.786121e-05  3.744787e+04
2.851018e-05  3.591367e+04
2.920000e-05  3.456920e+04
3.000000e-05  3.331640e+04
3.090295e-05  3.222272e+04
3.190000e-05  3.132640e+04
3.300000e-05  3.062800e+04
3.427678e-05  3.009948e+04
3.570000e-05  2.976100e+04
3.758374e-05  2.957201e+04
4.027170e-05  2.956767e+04
4.677351e-05  2.975944e+04
5.069907e-05  2.968875e+04
5.432503e-05  2.943438e+04
5.821032e-05  2.897101e+04
6.237348e-05  2.829337e+04
6.683439e-05  2.742031e+04
7.161434e-05  2.638644e+04
7.673615e-05  2.521500e+04
8.300000e-05  2.376400e+04
9.015711e-05  2.215581e+04
9.885531e-05  2.034725e+04
1.096478e-04  1.834799e+04
1.258925e-04  1.584545e+04
1.500000e-04  1.302910e+04
2.344229e-04  7.850639e+03
2.600160e-04  6.936186e+03
2.917427e-04  6.002390e+03
3.235937e-04  5.233469e+03
3.801894e-04  4.189755e+03
5.308844e-04  2.617840e+03
6.095369e-04  2.145987e+03
7.328245e-04  1.629322e+03
1.023293e-03  9.821679e+02
1.244515e-03  7.242080e+02
1.548817e-03  5.109599e+02
1.905461e-03  3.646297e+02
2.317395e-03  2.632214e+02
2.818383e-03  1.886009e+02
3.388442e-03  1.367833e+02
4.120975e-03  9.650099e+01
5.011872e-03  6.755151e+01
6.095369e-03  4.694393e+01
7.413102e-03  3.237404e+01
9.015711e-03  2.216030e+01
1.109175e-02  1.471652e+01
1.348963e-02  9.922939e+00
1.621810e-02  6.796209e+00
1.949845e-02  4.619246e+00
2.344229e-02  3.115258e+00
2.786121e-02  2.137834e+00
3.311311e-02  1.456553e+00
3.935501e-02  9.851883e-01
4.677351e-02  6.614860e-01
5.495409e-02  4.529632e-01
6.606934e-02  2.915703e-01
8.000000e-02  1.830500e-01
9.772372e-02  1.114140e-01
1.230269e-01  6.240759e-02
1.566751e-01  3.371860e-02
2.454709e-01  1.065782e-02
3.054921e-01  6.120146e-03
3.630781e-01  3.975770e-03
4.216965e-01  2.755202e-03
4.841724e-01  1.978406e-03
5.495409e-01  1.470393e-03
6.165950e-01  1.129887e-03
6.998420e-01  8.522031e-04
7.852356e-01  6.641008e-04
8.810489e-01  5.209033e-04
9.772372e-01  4.214917e-04
1.135011e+00  3.136193e-04
1.288250e+00  2.457813e-04
1.462177e+00  1.940655e-04
1.640590e+00  1.576090e-04
1.840772e+00  1.289192e-04
2.044000e+00  1.081300e-04
2.398833e+00  8.335716e-05
2.786121e+00  6.585167e-05
3.162278e+00  5.430485e-05
3.672823e+00  4.358699e-05
4.315191e+00  3.467747e-05
5.069907e+00  2.780187e-05
6.025596e+00  2.211187e-05
7.328245e+00  1.720053e-05
8.709636e+00  1.387225e-05
1.047129e+01  1.110409e-05
1.318257e+01  8.468596e-06
1.678804e+01  6.423620e-06
2.213095e+01  4.721579e-06
3.054921e+01  3.326278e-06
4.365158e+01  2.276407e-06
6.760830e+01  1.441559e-06
1.188502e+02  8.079101e-07
2.371374e+02  4.008597e-07
4.731513e+02  1.998675e-07
3.758374e+03  2.505440e-08
1.000000e+05  9.409300e-10
-1  -1
-2  0.0
-2  -2
