9.083200e-02  0.000000e+00
9.083200e-02  1.889684e+03
9.200000e-02  1.828828e+03
9.250000e-02  1.807636e+03
9.332543e-02  1.764583e+03
9.450000e-02  1.715354e+03
9.730000e-02  1.588652e+03
1.011580e-01  1.445881e+03
1.150000e-01  1.039298e+03
1.273503e-01  8.011343e+02
2.454709e-01  1.439910e+02
2.951209e-01  8.952121e+01
3.427678e-01  6.123126e+01
3.935501e-01  4.344661e+01
4.518559e-01  3.105825e+01
5.128614e-01  2.300252e+01
5.821032e-01  1.717368e+01
6.606935e-01  1.292325e+01
7.498942e-01  9.801406e+00
8.413951e-01  7.679263e+00
9.440609e-01  6.062187e+00
1.096478e+00  4.504157e+00
1.258925e+00  3.443137e+00
1.428894e+00  2.715919e+00
1.603245e+00  2.204639e+00
1.819701e+00  1.765669e+00
2.089296e+00  1.395971e+00
2.371374e+00  1.134018e+00
2.722701e+00  9.113773e-01
3.162278e+00  7.250939e-01
3.672823e+00  5.811379e-01
4.265795e+00  4.691587e-01
5.011872e+00  3.753552e-01
5.956621e+00  2.978323e-01
7.161434e+00  2.345881e-01
8.609938e+00  1.861721e-01
1.100000e+01  1.382600e-01
1.364583e+01  1.073077e-01
1.698244e+01  8.353139e-02
2.213095e+01  6.213100e-02
3.000000e+01  4.458300e-02
4.265795e+01  3.062147e-02
6.606934e+01  1.937433e-02
1.071519e+02  1.177914e-02
1.905461e+02  6.554390e-03
3.801894e+02  3.263794e-03
7.585776e+02  1.629890e-03
1.202264e+04  1.025348e-04
1.000000e+05  1.232200e-05
-1  -1
1.637600e-02  0.000000e+00
1.637600e-02  6.756177e+03
1.720000e-02  6.227140e+03
1.760000e-02  5.969300e+03
1.850000e-02  5.499500e+03
1.995262e-02  4.791920e+03
2.162719e-02  4.160481e+03
2.344229e-02  3.582452e+03
2.600160e-02  2.940543e+03
3.235937e-02  1.905599e+03
3.715352e-02  1.431375e+03
4.168694e-02  1.123437e+03
5.011872e-02  7.527051e+02
5.888437e-02  5.246545e+02
6.683439e-02  3.926934e+02
7.762471e-02  2.770587e+02
9.120108e-02  1.889043e+02
1.083927e-01  1.243935e+02
1.318257e-01  7.689721e+01
1.698244e-01  4.091529e+01
2.660725e-01  1.330017e+01
3.273407e-01  7.970706e+00
3.845918e-01  5.389078e+00
4.466836e-01  3.772484e+00
5.128614e-01  2.733070e+00
5.888437e-01  1.995782e+00
6.683439e-01  1.506585e+00
7.585776e-01  1.145390e+00
8.511380e-01  8.979425e-01
9.549926e-01  7.091831e-01
1.135011e+00  5.039043e-01
1.273503e+00  4.032959e-01
1.445440e+00  3.183390e-01
1.621810e+00  2.585940e-01
1.840772e+00  2.072334e-01
2.113489e+00  1.639398e-01
2.398833e+00  1.332650e-01
2.754229e+00  1.071725e-01
3.235937e+00  8.385649e-02
3.758374e+00  6.728509e-02
4.365158e+00  5.437839e-02
5.128614e+00  4.355127e-02
6.095369e+00  3.459164e-02
7.328245e+00  2.727239e-02
8.810489e+00  2.166397e-02
1.135011e+01  1.594491e-02
1.428894e+01  1.217859e-02
1.883649e+01  8.897940e-03
2.511886e+01  6.471860e-03
3.467369e+01  4.568788e-03
4.954502e+01  3.131670e-03
7.852356e+01  1.939900e-03
1.548817e+02  9.681709e-04
3.090295e+02  4.813501e-04
6.165950e+02  2.402628e-04
4.897788e+03  3.013919e-05
1.000000e+05  1.475200e-06
-1  -1
1.576800e-02  0.000000e+00
1.576800e-02  1.353359e+04
1.591000e-02  1.336972e+04
1.710000e-02  1.118900e+04
1.798871e-02  9.842700e+03
2.113489e-02  6.501100e+03
2.344229e-02  4.942700e+03
2.985383e-02  2.566900e+03
3.758374e-02  1.350300e+03
4.677351e-02  7.241200e+02
5.821032e-02  3.844500e+02
7.328245e-02  1.957900e+02
1.531088e-01  2.212000e+01
1.905461e-01  1.164840e+01
2.317395e-01  6.608584e+00
2.722701e-01  4.173811e+00
3.126079e-01  2.833734e+00
3.589219e-01  1.937890e+00
4.073803e-01  1.377546e+00
4.623810e-01  9.865117e-01
5.188000e-01  7.333572e-01
5.821032e-01  5.491690e-01
6.456542e-01  4.261735e-01
7.161434e-01  3.332993e-01
8.035261e-01  2.555972e-01
9.225714e-01  1.876156e-01
9.885531e-01  1.615604e-01
1.083927e+00  1.337557e-01
1.188502e+00  1.115407e-01
1.303167e+00  9.367079e-02
1.462177e+00  7.594075e-02
1.717908e+00  5.701758e-02
1.972423e+00  4.492350e-02
2.238721e+00  3.636815e-02
2.540973e+00  2.966630e-02
2.917427e+00  2.393827e-02
3.388442e+00  1.910966e-02
3.935501e+00  1.536798e-02
4.623810e+00  1.224919e-02
5.495409e+00  9.684475e-03
6.531306e+00  7.715085e-03
7.852356e+00  6.100298e-03
9.440609e+00  4.858966e-03
1.174898e+01  3.735436e-03
1.500000e+01  2.810600e-03
1.972423e+01  2.062670e-03
2.630268e+01  1.502128e-03
3.672823e+01  1.048599e-03
5.370318e+01  7.024478e-04
8.413951e+01  4.409404e-04
1.640590e+02  2.228697e-04
3.273407e+02  1.108592e-04
6.531306e+02  5.534341e-05
5.188000e+03  6.944355e-06
1.000000e+05  3.600200e-07
-1  -1
1.342500e-02  0.000000e+00
1.342500e-02  3.163114e+04
1.360000e-02  3.066907e+04
1.380384e-02  2.940520e+04
1.513561e-02  2.288236e+04
1.819701e-02  1.368582e+04
2.018366e-02  1.017760e+04
2.540973e-02  5.205606e+03
3.235937e-02  2.526127e+03
4.027170e-02  1.294926e+03
4.954502e-02  6.801953e+02
6.095369e-02  3.541618e+02
7.673615e-02  1.701022e+02
1.531088e-01  1.845777e+01
1.862087e-01  9.891374e+00
2.238721e-01  5.538892e+00
2.600160e-01  3.483154e+00
2.951209e-01  2.368312e+00
3.349654e-01  1.622329e+00
3.758374e-01  1.158305e+00
4.216965e-01  8.331051e-01
4.677351e-01  6.234999e-01
5.188000e-01  4.698118e-01
5.754399e-01  3.566132e-01
6.382635e-01  2.727626e-01
7.079458e-01  2.102283e-01
8.035261e-01  1.539097e-01
8.709636e-01  1.270757e-01
9.332543e-01  1.085706e-01
9.885531e-01  9.577381e-02
1.071519e+00  8.104817e-02
1.174898e+00  6.749826e-02
1.273503e+00  5.787690e-02
1.412538e+00  4.786350e-02
1.717908e+00  3.378556e-02
1.972423e+00  2.661346e-02
2.238721e+00  2.154210e-02
2.540973e+00  1.756975e-02
2.917427e+00  1.417485e-02
3.388442e+00  1.131539e-02
3.935501e+00  9.100001e-03
4.623810e+00  7.253247e-03
5.495409e+00  5.734453e-03
6.531306e+00  4.568304e-03
7.852356e+00  3.612113e-03
9.440609e+00  2.877130e-03
1.174898e+01  2.211891e-03
1.500000e+01  1.664200e-03
1.972423e+01  1.221351e-03
2.600160e+01  9.006897e-04
3.589219e+01  6.363318e-04
5.248075e+01  4.260709e-04
8.317638e+01  2.642005e-04
1.640590e+02  1.319623e-04
3.273407e+02  6.564261e-05
6.531306e+02  3.277018e-05
5.188000e+03  4.111889e-06
1.000000e+05  2.131800e-07
-1  -1
3.973900e-03  0.000000e+00
3.973900e-03  1.859086e+04
4.315191e-03  1.682095e+04
4.650000e-03  1.517058e+04
4.900000e-03  1.416166e+04
5.128614e-03  1.328120e+04
6.606934e-03  9.067525e+03
7.079458e-03  8.114325e+03
8.709636e-03  5.752116e+03
9.800000e-03  4.681460e+03
1.122018e-02  3.680586e+03
1.333521e-02  2.676181e+03
1.500000e-02  2.141620e+03
1.757924e-02  1.574795e+03
2.089296e-02  1.116526e+03
2.500000e-02  7.736640e+02
2.951209e-02  5.465161e+02
3.467369e-02  3.869928e+02
4.073803e-02  2.720641e+02
4.800000e-02  1.886964e+02
5.623413e-02  1.315965e+02
6.683439e-02  8.816762e+01
8.035261e-02  5.707701e+01
9.500000e-02  3.818280e+01
1.174898e-01  2.270501e+01
1.566751e-01  1.112632e+01
2.722701e-01  2.803979e+00
3.311311e-01  1.731987e+00
3.935501e-01  1.140329e+00
4.570882e-01  7.998173e-01
5.248075e-01  5.804312e-01
6.025596e-01  4.243329e-01
6.839117e-01  3.208252e-01
7.762471e-01  2.442655e-01
8.810489e-01  1.872361e-01
9.885531e-01  1.481000e-01
1.148154e+00  1.102241e-01
1.303167e+00  8.642854e-02
1.479108e+00  6.829655e-02
1.659587e+00  5.555181e-02
1.905461e+00  4.370427e-02
2.162719e+00  3.530988e-02
2.454709e+00  2.874207e-02
2.818383e+00  2.314407e-02
3.273407e+00  1.844425e-02
3.801894e+00  1.480777e-02
4.466836e+00  1.178318e-02
5.308844e+00  9.301173e-03
6.309573e+00  7.398613e-03
7.585776e+00  5.841671e-03
9.120108e+00  4.646639e-03
1.148154e+01  3.519603e-03
1.445440e+01  2.689229e-03
1.905461e+01  1.965582e-03
2.540973e+01  1.430149e-03
3.467369e+01  1.022367e-03
5.000000e+01  6.940900e-04
7.943282e+01  4.289645e-04
1.584893e+02  2.116348e-04
3.162278e+02  1.052432e-04
6.309573e+02  5.253509e-05
5.011872e+03  6.590759e-06
1.000000e+05  3.301000e-07
-1  -1
3.692700e-03  0.000000e+00
3.692700e-03  2.990079e+04
3.820000e-03  2.914437e+04
4.073803e-03  2.704268e+04
4.315191e-03  2.521287e+04
4.518559e-03  2.376435e+04
4.800000e-03  2.184000e+04
5.432503e-03  1.816828e+04
5.821032e-03  1.633238e+04
6.165950e-03  1.489384e+04
6.531306e-03  1.350668e+04
7.673615e-03  1.014877e+04
8.222426e-03  8.925227e+03
9.549926e-03  6.668932e+03
1.040000e-02  5.616080e+03
1.202264e-02  4.145090e+03
1.318257e-02  3.397340e+03
1.513561e-02  2.498294e+03
1.678804e-02  1.970109e+03
1.905461e-02  1.464263e+03
2.213095e-02  1.020684e+03
2.540973e-02  7.250445e+02
2.900000e-02  5.189520e+02
3.311311e-02  3.685421e+02
3.801894e-02  2.562992e+02
4.415704e-02  1.717190e+02
5.188000e-02  1.107203e+02
6.165950e-02  6.866406e+01
7.500000e-02  3.961220e+01
9.549926e-02  1.992307e+01
1.819701e-01  3.126836e+00
2.290868e-01  1.624418e+00
2.722701e-01  1.000807e+00
3.162278e-01  6.621850e-01
3.630781e-01  4.553532e-01
4.168694e-01  3.154463e-01
4.731513e-01  2.269686e-01
5.308844e-01  1.694212e-01
5.956621e-01  1.273580e-01
6.683439e-01  9.644706e-02
7.413102e-01  7.561246e-02
8.413951e-01  5.664187e-02
9.225714e-01  4.623208e-02
1.000000e+00  3.898125e-02
1.096478e+00  3.234211e-02
1.216186e+00  2.642636e-02
1.348963e+00  2.175258e-02
1.548817e+00  1.692871e-02
1.778279e+00  1.326411e-02
2.044000e+00  1.045296e-02
2.317395e+00  8.496738e-03
2.630268e+00  6.943868e-03
3.054921e+00  5.515148e-03
3.548134e+00  4.412425e-03
4.120975e+00  3.556393e-03
4.841724e+00  2.840872e-03
5.754399e+00  2.250706e-03
6.839116e+00  1.796478e-03
8.222427e+00  1.423079e-03
1.011579e+01  1.104186e-03
1.216186e+01  8.862054e-04
1.548817e+01  6.695636e-04
2.018366e+01  4.967879e-04
2.691535e+01  3.619919e-04
3.801894e+01  2.497551e-04
5.623413e+01  1.654273e-04
8.810489e+01  1.039226e-04
1.698244e+02  5.317413e-05
3.388442e+02  2.645731e-05
6.760830e+02  1.320905e-05
5.370318e+03  1.657727e-06
1.000000e+05  8.896200e-08
-1  -1
3.166900e-03  0.000000e+00
3.166900e-03  9.658770e+04
3.228000e-03  9.615560e+04
3.507519e-03  8.437691e+04
3.845918e-03  7.261985e+04
4.073803e-03  6.571574e+04
4.900000e-03  4.710840e+04
5.308844e-03  4.052867e+04
5.650000e-03  3.586180e+04
6.683439e-03  2.557720e+04
7.244360e-03  2.158725e+04
8.511380e-03  1.522524e+04
9.332543e-03  1.237993e+04
1.071519e-02  9.009583e+03
1.202264e-02  6.855388e+03
1.350000e-02  5.175680e+03
1.548817e-02  3.675678e+03
1.737801e-02  2.740133e+03
1.972423e-02  1.970116e+03
2.264644e-02  1.363458e+03
2.600160e-02  9.359990e+02
3.019952e-02  6.173878e+02
3.507519e-02  4.037580e+02
4.027170e-02  2.708928e+02
4.677351e-02  1.745525e+02
5.500000e-02  1.076364e+02
6.531306e-02  6.394119e+01
7.943282e-02  3.505018e+01
1.000000e-01  1.712828e+01
1.757924e-01  2.924789e+00
2.187762e-01  1.484065e+00
2.570396e-01  9.064294e-01
2.951209e-01  5.981385e-01
3.349654e-01  4.114996e-01
3.801894e-01  2.852278e-01
4.265795e-01  2.058847e-01
4.786301e-01  1.497424e-01
5.308844e-01  1.132326e-01
5.888437e-01  8.623132e-02
6.531306e-01  6.616369e-02
7.244360e-01  5.114547e-02
8.609938e-01  3.371850e-02
9.225714e-01  2.872138e-02
9.772372e-01  2.527434e-02
1.047129e+00  2.185341e-02
1.135011e+00  1.857218e-02
1.244515e+00  1.554032e-02
1.380384e+00  1.283631e-02
1.698244e+00  8.874089e-03
1.949845e+00  6.985408e-03
2.213095e+00  5.650055e-03
2.511886e+00  4.605210e-03
2.884032e+00  3.713204e-03
3.349654e+00  2.962549e-03
3.890451e+00  2.381174e-03
4.570882e+00  1.896894e-03
5.432503e+00  1.498934e-03
6.456542e+00  1.193498e-03
7.762471e+00  9.432473e-04
9.332543e+00  7.509755e-04
1.161449e+01  5.770994e-04
1.479108e+01  4.352979e-04
1.949845e+01  3.184197e-04
2.600160e+01  2.318245e-04
3.630781e+01  1.617837e-04
5.308844e+01  1.083515e-04
8.413951e+01  6.720137e-05
1.659587e+02  3.357106e-05
3.311311e+02  1.670088e-05
6.606934e+02  8.337632e-06
5.248075e+03  1.046230e-06
1.000000e+05  5.486900e-08
-1  -1
2.698000e-03  0.000000e+00
2.698000e-03  2.893140e+05
2.738000e-03  2.764041e+05
2.745000e-03  2.738148e+05
2.800000e-03  2.567532e+05
2.951209e-03  2.238662e+05
3.090295e-03  1.993750e+05
3.427678e-03  1.518746e+05
3.800000e-03  1.149984e+05
4.216965e-03  8.624010e+04
4.650000e-03  6.537480e+04
5.128614e-03  4.919292e+04
5.623413e-03  3.748524e+04
6.683439e-03  2.218815e+04
7.300000e-03  1.688380e+04
8.609938e-03  1.002219e+04
9.660509e-03  6.907275e+03
1.096478e-02  4.561656e+03
1.288250e-02  2.660547e+03
1.479108e-02  1.661134e+03
1.659587e-02  1.115590e+03
1.905461e-02  6.873921e+02
2.213095e-02  4.036588e+02
2.600160e-02  2.256737e+02
3.090295e-02  1.200160e+02
3.672823e-02  6.331779e+01
4.466836e-02  3.042549e+01
5.623413e-02  1.273711e+01
1.109175e-01  9.580265e-01
1.380384e-01  4.192921e-01
1.659587e-01  2.105414e-01
1.927525e-01  1.210904e-01
2.238721e-01  7.014908e-02
2.540973e-01  4.452664e-02
2.851018e-01  2.967134e-02
3.126079e-01  2.155860e-02
3.507519e-01  1.457416e-02
3.935501e-01  9.928433e-03
4.415705e-01  6.811906e-03
4.897788e-01  4.888853e-03
5.370318e-01  3.664844e-03
5.888437e-01  2.765343e-03
6.456542e-01  2.100154e-03
7.079458e-01  1.606442e-03
7.673615e-01  1.278897e-03
8.609938e-01  9.279223e-04
9.120108e-01  7.958430e-04
9.549926e-01  7.082236e-04
1.000000e+00  6.344424e-04
1.047129e+00  5.723195e-04
1.109175e+00  5.068067e-04
1.174898e+00  4.519114e-04
1.258925e+00  3.967651e-04
1.364583e+00  3.434519e-04
1.531087e+00  2.813907e-04
1.840772e+00  2.034330e-04
2.065380e+00  1.671335e-04
2.344229e+00  1.356844e-04
2.660725e+00  1.109436e-04
3.090295e+00  8.815827e-05
3.589219e+00  7.057355e-05
4.168694e+00  5.691334e-05
4.897788e+00  4.548656e-05
5.821032e+00  3.605456e-05
6.918310e+00  2.879170e-05
8.317638e+00  2.281870e-05
1.023293e+01  1.771291e-05
1.230269e+01  1.422093e-05
1.548817e+01  1.089133e-05
2.018366e+01  8.080652e-06
2.691535e+01  5.888058e-06
3.758374e+01  4.112563e-06
5.559043e+01  2.723331e-06
8.709636e+01  1.710520e-06
1.678804e+02  8.750883e-07
3.349654e+02  4.353659e-07
6.683439e+02  2.173601e-07
5.308844e+03  2.727648e-08
1.000000e+05  1.447100e-09
-1  -1
2.586000e-03  0.000000e+00
2.586000e-03  4.100526e+05
2.623500e-03  3.976198e+05
2.625000e-03  3.962003e+05
2.820000e-03  3.465711e+05
2.900000e-03  3.273845e+05
2.917427e-03  3.240327e+05
3.235937e-03  2.461216e+05
3.589219e-03  1.855521e+05
4.000000e-03  1.369890e+05
4.415704e-03  1.031773e+05
5.000000e-03  7.156260e+04
5.500000e-03  5.375742e+04
6.683439e-03  2.942361e+04
7.328245e-03  2.196846e+04
8.500000e-03  1.362162e+04
9.885531e-03  8.276691e+03
1.096478e-02  5.844285e+03
1.258925e-02  3.648337e+03
1.462177e-02  2.168364e+03
1.678804e-02  1.330014e+03
1.905461e-02  8.440359e+02
2.162719e-02  5.325071e+02
2.483133e-02  3.200524e+02
2.851018e-02  1.911403e+02
3.349654e-02  1.039939e+02
4.000000e-02  5.277780e+01
4.841724e-02  2.522074e+01
6.025596e-02  1.074117e+01
1.083927e-01  1.071686e+00
1.318257e-01  5.001931e-01
1.566751e-01  2.571612e-01
1.798871e-01  1.519914e-01
2.018366e-01  9.866204e-02
2.290868e-01  6.202016e-02
2.691535e-01  3.464477e-02
2.851018e-01  2.820229e-02
3.126079e-01  2.046937e-02
3.427678e-01  1.495897e-02
3.758374e-01  1.100591e-02
4.168694e-01  7.853316e-03
4.570882e-01  5.859042e-03
5.011872e-01  4.404202e-03
5.495409e-01  3.338281e-03
6.025596e-01  2.549859e-03
6.606935e-01  1.960211e-03
7.161434e-01  1.567765e-03
7.762471e-01  1.262670e-03
8.511380e-01  9.925500e-04
9.015711e-01  8.590895e-04
9.549926e-01  7.486426e-04
1.000000e+00  6.744142e-04
1.059254e+00  5.960956e-04
1.135011e+00  5.179252e-04
1.216186e+00  4.531073e-04
1.333521e+00  3.821405e-04
1.737801e+00  2.390079e-04
2.000000e+00  1.875534e-04
2.264644e+00  1.525261e-04
2.570396e+00  1.244826e-04
2.951209e+00  1.004956e-04
3.427678e+00  8.026632e-05
4.000000e+00  6.415100e-05
4.677351e+00  5.150860e-05
5.559043e+00  4.074392e-05
6.606934e+00  3.247435e-05
8.000000e+00  2.546100e-05
9.660509e+00  2.018687e-05
1.174898e+01  1.595919e-05
1.479108e+01  1.220289e-05
1.949845e+01  8.926390e-06
2.600160e+01  6.498765e-06
3.589219e+01  4.591305e-06
5.248075e+01  3.074250e-06
8.317638e+01  1.906271e-06
1.640590e+02  9.521907e-07
3.273407e+02  4.736259e-07
6.531306e+02  2.364406e-07
5.188000e+03  2.966820e-08
1.000000e+05  1.538100e-09
-1  -1
9.234300e-04  0.000000e+00
9.234300e-04  4.188032e+04
1.015000e-03  3.955500e+04
1.083927e-03  3.738186e+04
1.318257e-03  3.074560e+04
1.364583e-03  2.959338e+04
1.650000e-03  2.365440e+04
1.778279e-03  2.150795e+04
2.150000e-03  1.667136e+04
2.371374e-03  1.451244e+04
2.800000e-03  1.136452e+04
3.198895e-03  9.261250e+03
3.672823e-03  7.445124e+03
4.365158e-03  5.610711e+03
5.188000e-03  4.188752e+03
6.095369e-03  3.163018e+03
7.161434e-03  2.371461e+03
8.511380e-03  1.728607e+03
1.023293e-02  1.223634e+03
1.216186e-02  8.785295e+02
1.445440e-02  6.265166e+02
1.737801e-02  4.335260e+02
2.065380e-02  3.047544e+02
2.454709e-02  2.126689e+02
2.917427e-02  1.473539e+02
3.467369e-02  1.013450e+02
4.120975e-02  6.919752e+01
4.897788e-02  4.690547e+01
5.821032e-02  3.154938e+01
7.000000e-02  2.050018e+01
8.511380e-02  1.288012e+01
9.772372e-02  9.224808e+00
1.230269e-01  5.242831e+00
1.737801e-01  2.223564e+00
2.722701e-01  7.258351e-01
3.311311e-01  4.484455e-01
3.935501e-01  2.953079e-01
4.570882e-01  2.071492e-01
5.248075e-01  1.503384e-01
6.025596e-01  1.099088e-01
6.839117e-01  8.309392e-02
7.762471e-01  6.326082e-02
8.810489e-01  4.848603e-02
9.885531e-01  3.835302e-02
1.161449e+00  2.791478e-02
1.303167e+00  2.238295e-02
1.479108e+00  1.768712e-02
1.659587e+00  1.438889e-02
1.905461e+00  1.132016e-02
2.162719e+00  9.142133e-03
2.454709e+00  7.441040e-03
2.818383e+00  5.992990e-03
3.311311e+00  4.695412e-03
3.845918e+00  3.771847e-03
4.518559e+00  3.003061e-03
5.370318e+00  2.371681e-03
6.382635e+00  1.887471e-03
7.673615e+00  1.491044e-03
9.225714e+00  1.186543e-03
1.161449e+01  8.991310e-04
1.479108e+01  6.781980e-04
1.949845e+01  4.961098e-04
2.600160e+01  3.611858e-04
3.630781e+01  2.520543e-04
5.308844e+01  1.688126e-04
8.317638e+01  1.059490e-04
1.640590e+02  5.291912e-05
3.273407e+02  2.632347e-05
6.531306e+02  1.314081e-05
5.188000e+03  1.648932e-06
1.000000e+05  8.548600e-08
-1  -1
7.994300e-04  0.000000e+00
7.994300e-04  3.635938e+04
8.709636e-04  3.635684e+04
9.225714e-04  3.622118e+04
9.772372e-04  3.573448e+04
1.083927e-03  3.463157e+04
1.161449e-03  3.355117e+04
1.273503e-03  3.190945e+04
1.400000e-03  2.998120e+04
1.496236e-03  2.851142e+04
1.610000e-03  2.675300e+04
1.778279e-03  2.435084e+04
1.927525e-03  2.241889e+04
2.089296e-03  2.047943e+04
2.317395e-03  1.810049e+04
2.511886e-03  1.634635e+04
2.800000e-03  1.412516e+04
3.090295e-03  1.229318e+04
3.427678e-03  1.053742e+04
3.801894e-03  8.977060e+03
4.265795e-03  7.450171e+03
4.731513e-03  6.259972e+03
5.370318e-03  5.017192e+03
6.025596e-03  4.071947e+03
6.800000e-03  3.246260e+03
7.673615e-03  2.568871e+03
8.709636e-03  1.994780e+03
9.800000e-03  1.565356e+03
1.109175e-02  1.205283e+03
1.258925e-02  9.159411e+02
1.428894e-02  6.910991e+02
1.621810e-02  5.178346e+02
1.840772e-02  3.853566e+02
2.113489e-02  2.770578e+02
2.398833e-02  2.033217e+02
2.786121e-02  1.399339e+02
3.198895e-02  9.840412e+01
3.715352e-02  6.668549e+01
4.315191e-02  4.486432e+01
5.069907e-02  2.906073e+01
6.025596e-02  1.810884e+01
7.328245e-02  1.050540e+01
9.120108e-02  5.668935e+00
1.244515e-01  2.336106e+00
1.905461e-01  6.913137e-01
2.600160e-01  2.885916e-01
3.054921e-01  1.849192e-01
3.548134e-01  1.232882e-01
4.073803e-01  8.541555e-02
4.623810e-01  6.142314e-02
5.188000e-01  4.581537e-02
5.821032e-01  3.441241e-02
6.531306e-01  2.603781e-02
7.328245e-01  1.985480e-02
8.317638e-01  1.486258e-02
9.120108e-01  1.211449e-02
9.885531e-01  1.020087e-02
1.083927e+00  8.453662e-03
1.188502e+00  7.055152e-03
1.318257e+00  5.798461e-03
1.479108e+00  4.697795e-03
1.698244e+00  3.672292e-03
1.949845e+00  2.891645e-03
2.213095e+00  2.339165e-03
2.511886e+00  1.906601e-03
2.884032e+00  1.537205e-03
3.349654e+00  1.226399e-03
3.890451e+00  9.857077e-04
4.570882e+00  7.852314e-04
5.432503e+00  6.204812e-04
6.456542e+00  4.940637e-04
7.762471e+00  3.904640e-04
9.332543e+00  3.108713e-04
1.161449e+01  2.388977e-04
1.479108e+01  1.802002e-04
1.949845e+01  1.318103e-04
2.600160e+01  9.596558e-05
3.589219e+01  6.779853e-05
5.248075e+01  4.539699e-05
8.317638e+01  2.814939e-05
1.640590e+02  1.406075e-05
3.273407e+02  6.993982e-06
6.531306e+02  3.491534e-06
5.188000e+03  4.381078e-07
1.000000e+05  2.271400e-08
-1  -1
6.691600e-04  0.000000e+00
6.691600e-04  1.974945e+05
7.190000e-04  1.917188e+05
7.300000e-04  1.902316e+05
7.585776e-04  1.843217e+05
7.943282e-04  1.782840e+05
8.709636e-04  1.641299e+05
9.549926e-04  1.497791e+05
1.059254e-03  1.342548e+05
1.202264e-03  1.161579e+05
1.303167e-03  1.051162e+05
1.500000e-03  8.738400e+04
1.640590e-03  7.718693e+04
1.862087e-03  6.412701e+04
2.070000e-03  5.458760e+04
2.371374e-03  4.393598e+04
2.630268e-03  3.699938e+04
3.019952e-03  2.916640e+04
3.400000e-03  2.359108e+04
3.801894e-03  1.920237e+04
4.365158e-03  1.475567e+04
4.954502e-03  1.149616e+04
5.559043e-03  9.103612e+03
6.309573e-03  6.992718e+03
7.244360e-03  5.199380e+03
8.317638e-03  3.832047e+03
9.549926e-03  2.800579e+03
1.083927e-02  2.085350e+03
1.244515e-02  1.499631e+03
1.412538e-02  1.100435e+03
1.584893e-02  8.256264e+02
1.800000e-02  5.970640e+02
2.065380e-02  4.174064e+02
2.344229e-02  2.981029e+02
2.691535e-02  2.049132e+02
3.090295e-02  1.398098e+02
3.548134e-02  9.473036e+01
4.120975e-02  6.166871e+01
4.786301e-02  3.984844e+01
5.623413e-02  2.470748e+01
6.683439e-02  1.468997e+01
8.035261e-02  8.370834e+00
1.000000e-01  4.258320e+00
1.840772e-01  6.357486e-01
2.000000e-01  4.917680e-01
2.290868e-01  3.181927e-01
2.483133e-01  2.474272e-01
2.630268e-01  2.079432e-01
2.786121e-01  1.758919e-01
2.917427e-01  1.547101e-01
3.000060e-01  1.435224e-01
3.427678e-01  9.702963e-02
3.890451e-01  6.740584e-02
4.365158e-01  4.875755e-02
4.897788e-01  3.553863e-02
5.432503e-01  2.692811e-02
6.025596e-01  2.054703e-02
6.683439e-01  1.579128e-02
7.413102e-01  1.222660e-02
8.609938e-01  8.535862e-03
9.225714e-01  7.276916e-03
9.772372e-01  6.407141e-03
1.047129e+00  5.542097e-03
1.135011e+00  4.711027e-03
1.244515e+00  3.942105e-03
1.380384e+00  3.255565e-03
1.698244e+00  2.249998e-03
1.949845e+00  1.771261e-03
2.213095e+00  1.432870e-03
2.511886e+00  1.167939e-03
2.884032e+00  9.416909e-04
3.349654e+00  7.513085e-04
3.890451e+00  6.038678e-04
4.570882e+00  4.810570e-04
5.432503e+00  3.801246e-04
6.456542e+00  3.026716e-04
7.762471e+00  2.392113e-04
9.332543e+00  1.904514e-04
1.161449e+01  1.463539e-04
1.462177e+01  1.118678e-04
1.927525e+01  8.179807e-05
2.570396e+01  5.953318e-05
3.548134e+01  4.204916e-05
5.128614e+01  2.848958e-05
8.128305e+01  1.765845e-05
1.621810e+02  8.715009e-06
3.235937e+02  4.334672e-06
6.456542e+02  2.163847e-06
5.128614e+03  2.715007e-07
1.000000e+05  1.391500e-08
-1  -1
4.649500e-04  0.000000e+00
4.649500e-04  8.317680e+04
4.665000e-04  8.716556e+04
4.755000e-04  1.103795e+05
4.760000e-04  1.114715e+05
4.930000e-04  1.389732e+05
4.940000e-04  1.404803e+05
5.100000e-04  1.609524e+05
5.128614e-04  1.641019e+05
5.190000e-04  1.717825e+05
5.230000e-04  1.761071e+05
5.260000e-04  1.781695e+05
5.350000e-04  1.831562e+05
5.370318e-04  1.846845e+05
5.559043e-04  1.941558e+05
5.720000e-04  2.008328e+05
6.025596e-04  2.111838e+05
6.280000e-04  2.185384e+05
6.500000e-04  2.232916e+05
6.780000e-04  2.273440e+05
7.000000e-04  2.294712e+05
7.300000e-04  2.309604e+05
7.650000e-04  2.307856e+05
8.035261e-04  2.286189e+05
8.413951e-04  2.250278e+05
8.810489e-04  2.200941e+05
9.225714e-04  2.140968e+05
9.772372e-04  2.050812e+05
1.035142e-03  1.952235e+05
1.096478e-03  1.846947e+05
1.161449e-03  1.734700e+05
1.244515e-03  1.595637e+05
1.333521e-03  1.458080e+05
1.428894e-03  1.322884e+05
1.531087e-03  1.191485e+05
1.659587e-03  1.046961e+05
1.778279e-03  9.317163e+04
1.927525e-03  8.069807e+04
2.113489e-03  6.794096e+04
2.300000e-03  5.755960e+04
2.511886e-03  4.807437e+04
2.722701e-03  4.052303e+04
3.000000e-03  3.273088e+04
3.300000e-03  2.633204e+04
3.650000e-03  2.074896e+04
4.027170e-03  1.632007e+04
4.466836e-03  1.257200e+04
4.897788e-03  9.903678e+03
5.432503e-03  7.520331e+03
6.095369e-03  5.491284e+03
6.839116e-03  3.975085e+03
7.673615e-03  2.853562e+03
8.609938e-03  2.032063e+03
9.660509e-03  1.436086e+03
1.096478e-02  9.718106e+02
1.230269e-02  6.762183e+02
1.380384e-02  4.672977e+02
1.566751e-02  3.088363e+02
1.778279e-02  2.025103e+02
2.018366e-02  1.318044e+02
2.317395e-02  8.184936e+01
2.660725e-02  5.043998e+01
3.090295e-02  2.961903e+01
3.589219e-02  1.726320e+01
4.265795e-02  9.185873e+00
5.128614e-02  4.649513e+00
6.382635e-02  2.054343e+00
1.244515e-01  1.668219e-01
1.621810e-01  6.220193e-02
1.840772e-01  3.901814e-02
2.264644e-01  1.842398e-02
2.570396e-01  1.172747e-02
2.884032e-01  7.831316e-03
3.162278e-01  5.703800e-03
3.548134e-01  3.866390e-03
3.981072e-01  2.640487e-03
4.466836e-01  1.815713e-03
4.954502e-01  1.305533e-03
5.495409e-01  9.457393e-04
6.025596e-01  7.150295e-04
6.606935e-01  5.444706e-04
7.244360e-01  4.177685e-04
8.609938e-01  2.583161e-04
9.120108e-01  2.216872e-04
9.549926e-01  1.973572e-04
1.000000e+00  1.768431e-04
1.047129e+00  1.595496e-04
1.109175e+00  1.413040e-04
1.174898e+00  1.260075e-04
1.258925e+00  1.106320e-04
1.364583e+00  9.575507e-05
1.531087e+00  7.843813e-05
1.840772e+00  5.671309e-05
2.065380e+00  4.658818e-05
2.344229e+00  3.781838e-05
2.660725e+00  3.092365e-05
3.090295e+00  2.457496e-05
3.589219e+00  1.967336e-05
4.168694e+00  1.586528e-05
4.897788e+00  1.267952e-05
5.821032e+00  1.005061e-05
6.918310e+00  8.026092e-06
8.317638e+00  6.360915e-06
1.023293e+01  4.937525e-06
1.230269e+01  3.964278e-06
1.548817e+01  3.036047e-06
2.018366e+01  2.252561e-06
2.660725e+01  1.662058e-06
3.715352e+01  1.160535e-06
5.495409e+01  7.683358e-07
8.609938e+01  4.824925e-07
1.678804e+02  2.439399e-07
3.349654e+02  1.213667e-07
6.683439e+02  6.059066e-08
5.308844e+03  7.603643e-09
1.000000e+05  4.033800e-10
-1  -1
4.406100e-04  0.000000e+00
4.406100e-04  1.169736e+05
4.450000e-04  1.420628e+05
4.535000e-04  1.806672e+05
4.620000e-04  2.170611e+05
4.623810e-04  2.185984e+05
4.731513e-04  2.506025e+05
4.760000e-04  2.568071e+05
4.841724e-04  2.741511e+05
4.954502e-04  2.917842e+05
5.120000e-04  3.106608e+05
5.308844e-04  3.268792e+05
5.432503e-04  3.357296e+05
5.650000e-04  3.480606e+05
5.956621e-04  3.627073e+05
6.165950e-04  3.701985e+05
6.382635e-04  3.751653e+05
6.700000e-04  3.792774e+05
7.000000e-04  3.802386e+05
7.328245e-04  3.782417e+05
7.673615e-04  3.734832e+05
8.100000e-04  3.650274e+05
8.511380e-04  3.548842e+05
9.000000e-04  3.408600e+05
9.549926e-04  3.241878e+05
1.015000e-03  3.059454e+05
1.071519e-03  2.887598e+05
1.135011e-03  2.697285e+05
1.216186e-03  2.467904e+05
1.303167e-03  2.243862e+05
1.380384e-03  2.061214e+05
1.500000e-03  1.808376e+05
1.621810e-03  1.587789e+05
1.757924e-03  1.377626e+05
1.905461e-03  1.186989e+05
2.070000e-03  1.011444e+05
2.264644e-03  8.437282e+04
2.454709e-03  7.124823e+04
2.691535e-03  5.830745e+04
2.951209e-03  4.735825e+04
3.235937e-03  3.819592e+04
3.548134e-03  3.058667e+04
3.900000e-03  2.418552e+04
4.315191e-03  1.866933e+04
4.731513e-03  1.465047e+04
5.188000e-03  1.143179e+04
5.821032e-03  8.313532e+03
6.531306e-03  5.992192e+03
7.328245e-03  4.282240e+03
8.317638e-03  2.931151e+03
9.332543e-03  2.059078e+03
1.050000e-02  1.423080e+03
1.174898e-02  9.932259e+02
1.303167e-02  7.086235e+02
1.479108e-02  4.654406e+02
1.659587e-02  3.153335e+02
1.883649e-02  2.038829e+02
2.137962e-02  1.308303e+02
2.426610e-02  8.336187e+01
2.786121e-02  5.059945e+01
3.198895e-02  3.048663e+01
3.715352e-02  1.747685e+01
4.365158e-02  9.527086e+00
5.188000e-02  4.936361e+00
6.382635e-02  2.224341e+00
1.202264e-01  1.912711e-01
1.462177e-01  9.024601e-02
1.698244e-01  5.101549e-02
1.949845e-01  3.039113e-02
2.187762e-01  1.984272e-02
2.426610e-01  1.360698e-02
2.691535e-01  9.395402e-03
2.985383e-01  6.537734e-03
3.311311e-01  4.585434e-03
3.630781e-01  3.368106e-03
4.027170e-01  2.398655e-03
4.415705e-01  1.785360e-03
4.841724e-01  1.338802e-03
5.248075e-01  1.048002e-03
5.688529e-01  8.257279e-04
6.237348e-01  6.335279e-04
6.760830e-01  5.056718e-04
7.328245e-01  4.061131e-04
8.511380e-01  2.735723e-04
9.015711e-01  2.363134e-04
9.549926e-01  2.055277e-04
1.000000e+00  1.849027e-04
1.059254e+00  1.632336e-04
1.122018e+00  1.450002e-04
1.202264e+00  1.266694e-04
1.303167e+00  1.090355e-04
1.603245e+00  7.555666e-05
1.862087e+00  5.811754e-05
2.113489e+00  4.687124e-05
2.398833e+00  3.810093e-05
2.754229e+00  3.064148e-05
3.235937e+00  2.397538e-05
3.758374e+00  1.923719e-05
4.365158e+00  1.554710e-05
5.128614e+00  1.245161e-05
6.095369e+00  9.889934e-06
7.328245e+00  7.797506e-06
8.810489e+00  6.193829e-06
1.122018e+01  4.621692e-06
1.412538e+01  3.528680e-06
1.840772e+01  2.610548e-06
2.454709e+01  1.897503e-06
3.349654e+01  1.355414e-06
4.786301e+01  9.284200e-07
7.585776e+01  5.747584e-07
1.513561e+02  2.833560e-07
3.019952e+02  1.408557e-07
6.025596e+02  7.030164e-08
4.786301e+03  8.817765e-09
1.000000e+05  4.217600e-10
-1  -1
1.738700e-04  0.000000e+00
1.738700e-04  9.269760e+04
1.739300e-04  9.435720e+04
1.742000e-04  1.002336e+05
1.745000e-04  1.063566e+05
1.748000e-04  1.120404e+05
1.751000e-04  1.172886e+05
1.755000e-04  1.236702e+05
1.758000e-04  1.279704e+05
1.762000e-04  1.330524e+05
1.766000e-04  1.375026e+05
1.770000e-04  1.413804e+05
1.775000e-04  1.454208e+05
1.781000e-04  1.492368e+05
1.787000e-04  1.520934e+05
1.793000e-04  1.541562e+05
1.800000e-04  1.557606e+05
1.810000e-04  1.568682e+05
1.820000e-04  1.569726e+05
1.835000e-04  1.559286e+05
1.890000e-04  1.486416e+05
1.910000e-04  1.466052e+05
1.933000e-04  1.452702e+05
1.955000e-04  1.452018e+05
1.972423e-04  1.460770e+05
1.992000e-04  1.481076e+05
2.010000e-04  1.509762e+05
2.030000e-04  1.553178e+05
2.051300e-04  1.612907e+05
2.070000e-04  1.676760e+05
2.090000e-04  1.756788e+05
2.113489e-04  1.866276e+05
2.142000e-04  2.021454e+05
2.170000e-04  2.198298e+05
2.205000e-04  2.454594e+05
2.242500e-04  2.775044e+05
2.300000e-04  3.363984e+05
2.400000e-04  4.671072e+05
2.450000e-04  5.442960e+05
2.490000e-04  6.102720e+05
2.520000e-04  6.616140e+05
2.560000e-04  7.318140e+05
2.600160e-04  8.034526e+05
2.635000e-04  8.661120e+05
2.670000e-04  9.291600e+05
2.722701e-04  1.023691e+06
2.770000e-04  1.107600e+06
2.818383e-04  1.191987e+06
2.851018e-04  1.247768e+06
2.900000e-04  1.329312e+06
2.951209e-04  1.410998e+06
3.000000e-04  1.484544e+06
3.054921e-04  1.561866e+06
3.100000e-04  1.620438e+06
3.162278e-04  1.693833e+06
3.235937e-04  1.769209e+06
3.311311e-04  1.834451e+06
3.390000e-04  1.891056e+06
3.470000e-04  1.937700e+06
3.550000e-04  1.974978e+06
3.650000e-04  2.009466e+06
3.758374e-04  2.032351e+06
3.850000e-04  2.041194e+06
3.981072e-04  2.039009e+06
4.120975e-04  2.021308e+06
4.280000e-04  1.986300e+06
4.466836e-04  1.931435e+06
4.650000e-04  1.868508e+06
4.850000e-04  1.793070e+06
5.080000e-04  1.700610e+06
5.308844e-04  1.605945e+06
5.623413e-04  1.478023e+06
5.900000e-04  1.370592e+06
6.237348e-04  1.247113e+06
6.606934e-04  1.122489e+06
7.000000e-04  1.003200e+06
7.413102e-04  8.921011e+05
7.852356e-04  7.882619e+05
8.413951e-04  6.745677e+05
9.015711e-04  5.733779e+05
9.700000e-04  4.792200e+05
1.047129e-03  3.943392e+05
1.135011e-03  3.188687e+05
1.230269e-03  2.559649e+05
1.333521e-03  2.042011e+05
1.462177e-03  1.564965e+05
1.603245e-03  1.190640e+05
1.778279e-03  8.677228e+04
1.950000e-03  6.499620e+04
2.150000e-03  4.752924e+04
2.400000e-03  3.311334e+04
2.691535e-03  2.250831e+04
3.019952e-03  1.513558e+04
3.388442e-03  1.008965e+04
3.801894e-03  6.668976e+03
4.300000e-03  4.243722e+03
4.841724e-03  2.720887e+03
5.370318e-03  1.833472e+03
6.025596e-03  1.173614e+03
6.760830e-03  7.457960e+02
7.673615e-03  4.494067e+02
8.609938e-03  2.814991e+02
9.772372e-03  1.670673e+02
1.109175e-02  9.841578e+01
1.258925e-02  5.753890e+01
1.428894e-02  3.339894e+01
1.621810e-02  1.924981e+01
1.862087e-02  1.047569e+01
2.162719e-02  5.377751e+00
2.540973e-02  2.602601e+00
3.090295e-02  1.069040e+00
3.845918e-02  3.923157e-01
5.128614e-02  1.038334e-01
8.222426e-02  1.164203e-02
9.885531e-02  4.987911e-03
1.161449e-01  2.395781e-03
1.364583e-01  1.159302e-03
1.621810e-01  5.371890e-04
1.840772e-01  3.076418e-04
2.137962e-01  1.605360e-04
2.371374e-01  1.030311e-04
2.600160e-01  6.997422e-05
2.786121e-01  5.264629e-05
3.019952e-01  3.801509e-05
3.273407e-01  2.765319e-05
3.630781e-01  1.851810e-05
4.466836e-01  8.403400e-06
4.841724e-01  6.216908e-06
5.128614e-01  5.038377e-06
5.559043e-01  3.782309e-06
6.309573e-01  2.435577e-06
6.839117e-01  1.852047e-06
7.328245e-01  1.474253e-06
7.852356e-01  1.182527e-06
8.609938e-01  8.868208e-07
9.015711e-01  7.720368e-07
9.440609e-01  6.765714e-07
9.772372e-01  6.162542e-07
1.011579e+00  5.646472e-07
1.047129e+00  5.202611e-07
1.096478e+00  4.698954e-07
1.148154e+00  4.274732e-07
1.216186e+00  3.829406e-07
1.303167e+00  3.383249e-07
1.412538e+00  2.950132e-07
1.513561e+00  2.630086e-07
1.905461e+00  1.755195e-07
2.137962e+00  1.444473e-07
2.426610e+00  1.174985e-07
2.786121e+00  9.455559e-08
3.273407e+00  7.403053e-08
3.801894e+00  5.943545e-08
4.466836e+00  4.729399e-08
5.308844e+00  3.733100e-08
6.309573e+00  2.969527e-08
7.585776e+00  2.344691e-08
9.120108e+00  1.865008e-08
1.148154e+01  1.412676e-08
1.462177e+01  1.065128e-08
1.927525e+01  7.788457e-09
2.570396e+01  5.668486e-09
3.548134e+01  4.003702e-09
5.128614e+01  2.712638e-09
8.128305e+01  1.681342e-09
1.621810e+02  8.298020e-10
3.235937e+02  4.127310e-10
6.456542e+02  2.060350e-10
5.128614e+03  2.585140e-11
1.000000e+05  1.324900e-12
-1  -1
1.681700e-04  0.000000e+00
1.681700e-04  1.222672e+05
1.682300e-04  1.244144e+05
1.685000e-04  1.322104e+05
1.688000e-04  1.403024e+05
1.690500e-04  1.466688e+05
1.694000e-04  1.550232e+05
1.697500e-04  1.626120e+05
1.701000e-04  1.695704e+05
1.704500e-04  1.758592e+05
1.708200e-04  1.817922e+05
1.712000e-04  1.872000e+05
1.716000e-04  1.921928e+05
1.722000e-04  1.984576e+05
1.727000e-04  2.026656e+05
1.733000e-04  2.066432e+05
1.740000e-04  2.100288e+05
1.748300e-04  2.126204e+05
1.758000e-04  2.141408e+05
1.770000e-04  2.144096e+05
1.785000e-04  2.131584e+05
1.842000e-04  2.041400e+05
1.865000e-04  2.016320e+05
1.885000e-04  2.007216e+05
1.905461e-04  2.012474e+05
1.922000e-04  2.028608e+05
1.940000e-04  2.058976e+05
1.957000e-04  2.100384e+05
1.973000e-04  2.150840e+05
1.990000e-04  2.216792e+05
2.010000e-04  2.310592e+05
2.030000e-04  2.421816e+05
2.050000e-04  2.550328e+05
2.075000e-04  2.735226e+05
2.100000e-04  2.947304e+05
2.135000e-04  3.290944e+05
2.170000e-04  3.691512e+05
2.220000e-04  4.367968e+05
2.330000e-04  6.298472e+05
2.380000e-04  7.357048e+05
2.426610e-04  8.420305e+05
2.465000e-04  9.335680e+05
2.500000e-04  1.019088e+06
2.540973e-04  1.120677e+06
2.580000e-04  1.217992e+06
2.620000e-04  1.317640e+06
2.670000e-04  1.441312e+06
2.722701e-04  1.569644e+06
2.770000e-04  1.682336e+06
2.830000e-04  1.820648e+06
2.884032e-04  1.939327e+06
2.930000e-04  2.034888e+06
2.985383e-04  2.142342e+06
3.050000e-04  2.255968e+06
3.100000e-04  2.334720e+06
3.162278e-04  2.421692e+06
3.240000e-04  2.513808e+06
3.320000e-04  2.591432e+06
3.390000e-04  2.646816e+06
3.470000e-04  2.697496e+06
3.550000e-04  2.735872e+06
3.650000e-04  2.767952e+06
3.758374e-04  2.784269e+06
3.850000e-04  2.784392e+06
3.981072e-04  2.766234e+06
4.120975e-04  2.728275e+06
4.280000e-04  2.669032e+06
4.466836e-04  2.585002e+06
4.650000e-04  2.491992e+06
4.850000e-04  2.382008e+06
5.080000e-04  2.250056e+06
5.308844e-04  2.118612e+06
5.623413e-04  1.943428e+06
5.900000e-04  1.797896e+06
6.237348e-04  1.630737e+06
6.606934e-04  1.463373e+06
7.000000e-04  1.305176e+06
7.413102e-04  1.158161e+06
7.852356e-04  1.020761e+06
8.500000e-04  8.511760e+05
9.120108e-04  7.189111e+05
9.885530e-04  5.874569e+05
1.071519e-03  4.766347e+05
1.161449e-03  3.836194e+05
1.270000e-03  2.994168e+05
1.396368e-03  2.280485e+05
1.513561e-03  1.798823e+05
1.678804e-03  1.314451e+05
1.840772e-03  9.868099e+04
2.018366e-03  7.362382e+04
2.264644e-03  5.056640e+04
2.540973e-03  3.438759e+04
2.855000e-03  2.305334e+04
3.198895e-03  1.546473e+04
3.589219e-03  1.023535e+04
4.027170e-03  6.717306e+03
4.518559e-03  4.371613e+03
5.044660e-03  2.876496e+03
5.688529e-03  1.807327e+03
6.309573e-03  1.202974e+03
7.079458e-03  7.597206e+02
8.035261e-03  4.544163e+02
9.015711e-03  2.829545e+02
1.023293e-02  1.666857e+02
1.161449e-02  9.746853e+01
1.318257e-02  5.657873e+01
1.500000e-02  3.224968e+01
1.717908e-02  1.772027e+01
1.972423e-02  9.557811e+00
2.290868e-02  4.858912e+00
2.691535e-02  2.327095e+00
3.273407e-02  9.439556e-01
4.073803e-02  3.414614e-01
4.570882e-02  1.991569e-01
7.762471e-02  1.642654e-02
9.440609e-02  6.573531e-03
1.109175e-01  3.112419e-03
1.288250e-01  1.565737e-03
1.479108e-01  8.367972e-04
1.678804e-01  4.746647e-04
1.895000e-01  2.780201e-04
2.113489e-01  1.726884e-04
2.317395e-01  1.162777e-04
2.540973e-01  7.883365e-05
2.786121e-01  5.387957e-05
3.019952e-01  3.888068e-05
3.273407e-01  2.824854e-05
3.548134e-01  2.067486e-05
3.845918e-01  1.524032e-05
4.120975e-01  1.180473e-05
4.466836e-01  8.823773e-06
4.841724e-01  6.641371e-06
5.370318e-01  4.645225e-06
5.821032e-01  3.541999e-06
6.309573e-01  2.720569e-06
6.760830e-01  2.183702e-06
7.413102e-01  1.642983e-06
7.852356e-01  1.384670e-06
8.226300e-01  1.212399e-06
8.609938e-01  1.070516e-06
9.015711e-01  9.494030e-07
9.440609e-01  8.471059e-07
9.885531e-01  7.606815e-07
1.047129e+00  6.707952e-07
1.109175e+00  5.953079e-07
1.188502e+00  5.194572e-07
1.288250e+00  4.465946e-07
1.412538e+00  3.786387e-07
1.840772e+00  2.376578e-07
2.089296e+00  1.915349e-07
2.371374e+00  1.555854e-07
2.691535e+00  1.273000e-07
3.126079e+00  1.012238e-07
3.630781e+00  8.108034e-08
4.216965e+00  6.542229e-08
4.954502e+00  5.231502e-08
5.888437e+00  4.148802e-08
7.079458e+00  3.266218e-08
8.511380e+00  2.590973e-08
1.071519e+01  1.957576e-08
1.318257e+01  1.532588e-08
1.621810e+01  1.207565e-08
2.089296e+01  9.085579e-09
2.786121e+01  6.625826e-09
3.935501e+01  4.575426e-09
5.956621e+01  2.960683e-09
9.332543e+01  1.861765e-09
1.757924e+02  9.757800e-10
3.507519e+02  4.856170e-10
6.998420e+02  2.424740e-10
5.559043e+03  3.043540e-11
1.000000e+05  1.690700e-12
-1  -1
1.668600e-04  0.000000e+00
1.668600e-04  5.383140e+04
1.690000e-04  5.513420e+04
1.718000e-04  5.642220e+04
1.757924e-04  5.788284e+04
1.800000e-04  5.903820e+04
1.840772e-04  5.981021e+04
1.883649e-04  6.023882e+04
1.930000e-04  6.031760e+04
2.000000e-04  5.994160e+04
2.238721e-04  5.789355e+04
2.500000e-04  5.626200e+04
2.650000e-04  5.506260e+04
2.818383e-04  5.341056e+04
3.054921e-04  5.089621e+04
3.350000e-04  4.785440e+04
3.600000e-04  4.533880e+04
3.890451e-04  4.245041e+04
4.315191e-04  3.852999e+04
4.731513e-04  3.513448e+04
5.188000e-04  3.180171e+04
5.888437e-04  2.748153e+04
6.531306e-04  2.423244e+04
7.500000e-04  2.029920e+04
8.511380e-04  1.714410e+04
1.000000e-03  1.370908e+04
1.188502e-03  1.068912e+04
1.428894e-03  8.129445e+03
1.717908e-03  6.134313e+03
2.089296e-03  4.513723e+03
2.511886e-03  3.357536e+03
3.054921e-03  2.432846e+03
3.672823e-03  1.782808e+03
4.415704e-03  1.296718e+03
5.370318e-03  9.171738e+02
6.531306e-03  6.433691e+02
7.943282e-03  4.477949e+02
9.660509e-03  3.091693e+02
1.174898e-02  2.117930e+02
1.428894e-02  1.439305e+02
1.737801e-02  9.703985e+01
2.089296e-02  6.645318e+01
2.511886e-02  4.515664e+01
3.019952e-02  3.044536e+01
3.589219e-02  2.088636e+01
4.265795e-02  1.422722e+01
5.069907e-02  9.622372e+00
6.095369e-02  6.291423e+00
7.328245e-02  4.081204e+00
9.154000e-02  2.399434e+00
1.135011e-01  1.419042e+00
1.496236e-01  7.160583e-01
2.722701e-01  1.609788e-01
3.311311e-01  9.946275e-02
3.935501e-01  6.550004e-02
4.570882e-01  4.594584e-02
5.248075e-01  3.334486e-02
6.025596e-01  2.437765e-02
6.839117e-01  1.843067e-02
7.762471e-01  1.403186e-02
8.810489e-01  1.075465e-02
9.885531e-01  8.506673e-03
1.148154e+00  6.331479e-03
1.303167e+00  4.964350e-03
1.479108e+00  3.922866e-03
1.659587e+00  3.190816e-03
1.905461e+00  2.510306e-03
2.162719e+00  2.028149e-03
2.454709e+00  1.650912e-03
2.818383e+00  1.329380e-03
3.273407e+00  1.059443e-03
3.801894e+00  8.505727e-04
4.466836e+00  6.768221e-04
5.308844e+00  5.342470e-04
6.309573e+00  4.249731e-04
7.585776e+00  3.355432e-04
9.120108e+00  2.668973e-04
1.148154e+01  2.021635e-04
1.445440e+01  1.544674e-04
1.905461e+01  1.129008e-04
2.540973e+01  8.214553e-05
3.507519e+01  5.800524e-05
5.069907e+01  3.929201e-05
8.035261e+01  2.434851e-05
1.603245e+02  1.201456e-05
3.198895e+02  5.975398e-06
6.382635e+02  2.982858e-06
5.069907e+03  3.742400e-07
1.000000e+05  1.896100e-08
-1  -1
1.231200e-04  0.000000e+00
1.231200e-04  4.393880e+05
1.236000e-04  4.628060e+05
1.239500e-04  4.775320e+05
1.243000e-04  4.906860e+05
1.247000e-04  5.034120e+05
1.252000e-04  5.164520e+05
1.257000e-04  5.262560e+05
1.262000e-04  5.335140e+05
1.267000e-04  5.383720e+05
1.274000e-04  5.416280e+05
1.282000e-04  5.413420e+05
1.289000e-04  5.385000e+05
1.300000e-04  5.304800e+05
1.315000e-04  5.150600e+05
1.333521e-04  4.924874e+05
1.364583e-04  4.528587e+05
1.470000e-04  3.409580e+05
1.548817e-04  2.814833e+05
1.659587e-04  2.201486e+05
1.778279e-04  1.731680e+05
1.883649e-04  1.425455e+05
2.000000e-04  1.172504e+05
2.113489e-04  9.870048e+04
2.220000e-04  8.525840e+04
2.330000e-04  7.437560e+04
2.426610e-04  6.675550e+04
2.511886e-04  6.121749e+04
2.620000e-04  5.545960e+04
2.730000e-04  5.072580e+04
2.851018e-04  4.649997e+04
2.985383e-04  4.270177e+04
3.126079e-04  3.947310e+04
3.280000e-04  3.660320e+04
3.464100e-04  3.385953e+04
3.650000e-04  3.165440e+04
3.890451e-04  2.938642e+04
4.216965e-04  2.698963e+04
4.677351e-04  2.441295e+04
6.760830e-04  1.750686e+04
7.852356e-04  1.518580e+04
9.015711e-04  1.320761e+04
1.011579e-03  1.168711e+04
1.150000e-03  1.012638e+04
1.318257e-03  8.623919e+03
1.513561e-03  7.270246e+03
1.737801e-03  6.078716e+03
2.000000e-03  5.023680e+03
2.290868e-03  4.144503e+03
2.600160e-03  3.438433e+03
2.951209e-03  2.831958e+03
3.349654e-03  2.315418e+03
3.801894e-03  1.879168e+03
4.315191e-03  1.513713e+03
4.897788e-03  1.210571e+03
5.559043e-03  9.610446e+02
6.309573e-03  7.574780e+02
7.161434e-03  5.927150e+02
8.128305e-03  4.605461e+02
9.225714e-03  3.553652e+02
1.047129e-02  2.723218e+02
1.188502e-02  2.072642e+02
1.364583e-02  1.527022e+02
1.566751e-02  1.116120e+02
1.798871e-02  8.094091e+01
2.065380e-02  5.824933e+01
2.371374e-02  4.160266e+01
2.722701e-02  2.950083e+01
3.126079e-02  2.077318e+01
3.630781e-02  1.409731e+01
4.265795e-02  9.214040e+00
5.069907e-02  5.796241e+00
6.095369e-02  3.508720e+00
7.413102e-02  2.042561e+00
8.511380e-02  1.387177e+00
1.096478e-01  6.760197e-01
1.862087e-01  1.490292e-01
2.344229e-01  7.772875e-02
2.786121e-01  4.803582e-02
3.235937e-01  3.186721e-02
3.715352e-01  2.196560e-02
4.265795e-01  1.525193e-02
4.841724e-01  1.099714e-02
5.432503e-01  8.224641e-03
6.095369e-01  6.194487e-03
6.839117e-01  4.701382e-03
7.585776e-01  3.692971e-03
8.609938e-01  2.770794e-03
9.332543e-01  2.322120e-03
1.011579e+00  1.959698e-03
1.109175e+00  1.627232e-03
1.230269e+00  1.330620e-03
1.364583e+00  1.096104e-03
1.584893e+00  8.362404e-04
1.819701e+00  6.560464e-04
2.089296e+00  5.185367e-04
2.371374e+00  4.212143e-04
2.691535e+00  3.446357e-04
3.126079e+00  2.740403e-04
3.630781e+00  2.195102e-04
4.216965e+00  1.771202e-04
4.954502e+00  1.416344e-04
5.888437e+00  1.123253e-04
7.079458e+00  8.842548e-05
8.511380e+00  7.014455e-05
1.071519e+01  5.299728e-05
1.318257e+01  4.149015e-05
1.640590e+01  3.226677e-05
2.113489e+01  2.428494e-05
2.818383e+01  1.771496e-05
4.027170e+01  1.208799e-05
6.165950e+01  7.732233e-06
9.549926e+01  4.922798e-06
1.778279e+02  2.611016e-06
3.548134e+02  1.299553e-06
7.079458e+02  6.488936e-07
5.623413e+03  8.145488e-08
1.000000e+05  4.577100e-09
-1  -1
9.746000e-05  0.000000e+00
9.746000e-05  9.462640e+05
9.795000e-05  9.654200e+05
9.870000e-05  9.868840e+05
9.930000e-05  9.979800e+05
1.000000e-04  1.004832e+06
1.007000e-04  1.006340e+06
1.015900e-04  1.001825e+06
1.025000e-04  9.914160e+05
1.035142e-04  9.750766e+05
1.050000e-04  9.454440e+05
1.071519e-04  8.967399e+05
1.100000e-04  8.307640e+05
1.220000e-04  6.040520e+05
1.280000e-04  5.245280e+05
1.333521e-04  4.683047e+05
1.380384e-04  4.281403e+05
1.430000e-04  3.929972e+05
1.480000e-04  3.637244e+05
1.540000e-04  3.349296e+05
1.603245e-04  3.102362e+05
1.678804e-04  2.862638e+05
1.760000e-04  2.652964e+05
1.862087e-04  2.439281e+05
1.980000e-04  2.242820e+05
2.089296e-04  2.096804e+05
2.238721e-04  1.937835e+05
2.449500e-04  1.765202e+05
3.548134e-04  1.230238e+05
4.073803e-04  1.068035e+05
4.623810e-04  9.317827e+04
5.300000e-04  7.978000e+04
6.025596e-04  6.843704e+04
6.839116e-04  5.839199e+04
7.852356e-04  4.875241e+04
9.120108e-04  3.974149e+04
1.059254e-03  3.212664e+04
1.230269e-03  2.576429e+04
1.428894e-03  2.050086e+04
1.659587e-03  1.618661e+04
1.905461e-03  1.292656e+04
2.162719e-03  1.045690e+04
2.500000e-03  8.146080e+03
2.851018e-03  6.449486e+03
3.235937e-03  5.118774e+03
3.672823e-03  4.034337e+03
4.216965e-03  3.087820e+03
4.841724e-03  2.345087e+03
5.495409e-03  1.809513e+03
6.237348e-03  1.386875e+03
7.161434e-03  1.029648e+03
8.222426e-03  7.584110e+02
9.332543e-03  5.689933e+02
1.071519e-02  4.125857e+02
1.230269e-02  2.968164e+02
1.412538e-02  2.118385e+02
1.603245e-02  1.544052e+02
1.840772e-02  1.085224e+02
2.089296e-02  7.801818e+01
2.398833e-02  5.402343e+01
2.754229e-02  3.712858e+01
3.162278e-02  2.533275e+01
3.630781e-02  1.716343e+01
4.168694e-02  1.154778e+01
4.872880e-02  7.319686e+00
5.754399e-02  4.466918e+00
6.839116e-02  2.653876e+00
8.413951e-02  1.408946e+00
1.047129e-01  7.166821e-01
1.778279e-01  1.376802e-01
2.238721e-01  6.768463e-02
2.630268e-01  4.146745e-02
3.019952e-01  2.743684e-02
3.427678e-01  1.892201e-02
3.890451e-01  1.314758e-02
4.365158e-01  9.511712e-03
4.897788e-01  6.933637e-03
5.432503e-01  5.253591e-03
6.025596e-01  4.008492e-03
6.683439e-01  3.081031e-03
7.413102e-01  2.385900e-03
8.609938e-01  1.666003e-03
9.225714e-01  1.420369e-03
9.772372e-01  1.250657e-03
1.047129e+00  1.081856e-03
1.135011e+00  9.196346e-04
1.244515e+00  7.695092e-04
1.380384e+00  6.354685e-04
1.698244e+00  4.391748e-04
1.949845e+00  3.457130e-04
2.213095e+00  2.796325e-04
2.511886e+00  2.279215e-04
2.884032e+00  1.837712e-04
3.349654e+00  1.466161e-04
3.890451e+00  1.178414e-04
4.570882e+00  9.387741e-05
5.432503e+00  7.418194e-05
6.456542e+00  5.906713e-05
7.762471e+00  4.668239e-05
9.332543e+00  3.716638e-05
1.161449e+01  2.856131e-05
1.479108e+01  2.154324e-05
1.949845e+01  1.575891e-05
2.600160e+01  1.147323e-05
3.589219e+01  8.105709e-06
5.248075e+01  5.427429e-06
8.317638e+01  3.365431e-06
1.640590e+02  1.680977e-06
3.273407e+02  8.361673e-07
6.531306e+02  4.174364e-07
5.188000e+03  5.237797e-08
1.000000e+05  2.715500e-09
-1  -1
3.537000e-05  0.000000e+00
3.537000e-05  1.566932e+06
3.570000e-05  1.621400e+06
3.600000e-05  1.680644e+06
3.630781e-05  1.753716e+06
3.670000e-05  1.866248e+06
3.700000e-05  1.968416e+06
3.740000e-05  2.128216e+06
3.770000e-05  2.266304e+06
3.815000e-05  2.507492e+06
3.850000e-05  2.725684e+06
3.900000e-05  3.087480e+06
3.950000e-05  3.514092e+06
4.000000e-05  4.011640e+06
4.220000e-05  7.191520e+06
4.300000e-05  8.780200e+06
4.365158e-05  1.023157e+07
4.420000e-05  1.154260e+07
4.472100e-05  1.283923e+07
4.520000e-05  1.405472e+07
4.570882e-05  1.533957e+07
4.610000e-05  1.630500e+07
4.650000e-05  1.725772e+07
4.700000e-05  1.836972e+07
4.740000e-05  1.918296e+07
4.786301e-05  2.002230e+07
4.820000e-05  2.055900e+07
4.860000e-05  2.110732e+07
4.900000e-05  2.155768e+07
4.954502e-05  2.201291e+07
5.000000e-05  2.225948e+07
5.060000e-05  2.241096e+07
5.110000e-05  2.240324e+07
5.170000e-05  2.225544e+07
5.230000e-05  2.198312e+07
5.308844e-05  2.148002e+07
5.400000e-05  2.075620e+07
5.500000e-05  1.985900e+07
5.623413e-05  1.868811e+07
5.800000e-05  1.702372e+07
6.025596e-05  1.504543e+07
6.309573e-05  1.286561e+07
6.606934e-05  1.092931e+07
6.918310e-05  9.220882e+06
7.244360e-05  7.723153e+06
7.585776e-05  6.421112e+06
8.000000e-05  5.147120e+06
8.511380e-05  3.948126e+06
9.300000e-05  2.678500e+06
1.047129e-04  1.580113e+06
1.135011e-04  1.097326e+06
1.216186e-04  7.970931e+05
1.303167e-04  5.744588e+05
1.400000e-04  4.058760e+05
1.584893e-04  2.209044e+05
1.659587e-04  1.770067e+05
1.720000e-04  1.497104e+05
1.780000e-04  1.282016e+05
1.840772e-04  1.109197e+05
1.883649e-04  1.009416e+05
1.930000e-04  9.186320e+04
1.980000e-04  8.374480e+04
2.020000e-04  7.830800e+04
2.065380e-04  7.310442e+04
2.113489e-04  6.854098e+04
2.162719e-04  6.472535e+04
2.213095e-04  6.156966e+04
2.264644e-04  5.899351e+04
2.317395e-04  5.692506e+04
2.371374e-04  5.529846e+04
2.430000e-04  5.399120e+04
2.500000e-04  5.292960e+04
2.570396e-04  5.229031e+04
2.650000e-04  5.195800e+04
2.754229e-04  5.197342e+04
2.884032e-04  5.244887e+04
3.100000e-04  5.374160e+04
3.427678e-04  5.573252e+04
3.672823e-04  5.679146e+04
3.930000e-04  5.744000e+04
4.168694e-04  5.761288e+04
4.430000e-04  5.739840e+04
4.700000e-04  5.678280e+04
5.011872e-04  5.571021e+04
5.308844e-04  5.442708e+04
5.688529e-04  5.254495e+04
6.025596e-04  5.071067e+04
6.500000e-04  4.802400e+04
7.000000e-04  4.516840e+04
7.500000e-04  4.238640e+04
8.128305e-04  3.904953e+04
8.912509e-04  3.521429e+04
9.700000e-04  3.175152e+04
1.060990e-03  2.821556e+04
1.148154e-03  2.526996e+04
1.244515e-03  2.243564e+04
1.364583e-03  1.943503e+04
1.500000e-03  1.663520e+04
1.640590e-03  1.425999e+04
1.798871e-03  1.208446e+04
1.972423e-03  1.016838e+04
2.162719e-03  8.498006e+03
2.371374e-03  7.053885e+03
2.600160e-03  5.815853e+03
2.851018e-03  4.763315e+03
3.126079e-03  3.875509e+03
3.467369e-03  3.049148e+03
3.845918e-03  2.380033e+03
4.265795e-03  1.843453e+03
4.731513e-03  1.417144e+03
5.248075e-03  1.081477e+03
5.821032e-03  8.194641e+02
6.456542e-03  6.166573e+02
7.161434e-03  4.609309e+02
8.000000e-03  3.352672e+02
8.912509e-03  2.440236e+02
1.000000e-02  1.726208e+02
1.122018e-02  1.211935e+02
1.258925e-02  8.447161e+01
1.412538e-02  5.846640e+01
1.603245e-02  3.871420e+01
1.819701e-02  2.543739e+01
2.065380e-02  1.658745e+01
2.344229e-02  1.073701e+01
2.691535e-02  6.630225e+00
3.090295e-02  4.064781e+00
3.589219e-02  2.374864e+00
4.216965e-02  1.321536e+00
5.069907e-02  6.710032e-01
6.309573e-02  2.973038e-01
1.273503e-01  2.134663e-02
1.584893e-01  9.466841e-03
1.883649e-01  5.017402e-03
2.187762e-01  2.914236e-03
2.483133e-01  1.852141e-03
2.786121e-01  1.234557e-03
3.090295e-01  8.624876e-04
3.467369e-01  5.837247e-04
3.890451e-01  3.980342e-04
4.365158e-01  2.733453e-04
4.841724e-01  1.962815e-04
5.370318e-01  1.420245e-04
5.888437e-01  1.072530e-04
6.456542e-01  8.150754e-05
7.079458e-01  6.238408e-05
7.673615e-01  4.969247e-05
8.222427e-01  4.099761e-05
8.709636e-01  3.499479e-05
9.225714e-01  3.008252e-05
9.660509e-01  2.682511e-05
1.011579e+00  2.408464e-05
1.071519e+00  2.123287e-05
1.135011e+00  1.885979e-05
1.202264e+00  1.685820e-05
1.288250e+00  1.483279e-05
1.412538e+00  1.260640e-05
1.531087e+00  1.096570e-05
1.840772e+00  7.928517e-06
2.065380e+00  6.512772e-06
2.344229e+00  5.286602e-06
2.660725e+00  4.322877e-06
3.090295e+00  3.435479e-06
3.589219e+00  2.750229e-06
4.168694e+00  2.217891e-06
4.897788e+00  1.772579e-06
5.821032e+00  1.405049e-06
6.918310e+00  1.121948e-06
8.317638e+00  8.892254e-07
1.023293e+01  6.902441e-07
1.230269e+01  5.541820e-07
1.548817e+01  4.244160e-07
2.018366e+01  3.148989e-07
2.660725e+01  2.323483e-07
3.715352e+01  1.622395e-07
5.495409e+01  1.074080e-07
8.609938e+01  6.744990e-08
1.678804e+02  3.410187e-08
3.349654e+02  1.696594e-08
6.683439e+02  8.470184e-09
5.308844e+03  1.062975e-09
1.000000e+05  5.639000e-11
-1  -1
3.217000e-05  0.000000e+00
3.217000e-05  2.980224e+06
3.250000e-05  3.052170e+06
3.280000e-05  3.134898e+06
3.311311e-05  3.244209e+06
3.340000e-05  3.366426e+06
3.365000e-05  3.489762e+06
3.400000e-05  3.692454e+06
3.430000e-05  3.895230e+06
3.470000e-05  4.209804e+06
3.510000e-05  4.579134e+06
3.550000e-05  5.007714e+06
3.600000e-05  5.633754e+06
3.650000e-05  6.368640e+06
3.720000e-05  7.597020e+06
3.920000e-05  1.254108e+07
4.000000e-05  1.512234e+07
4.050000e-05  1.688580e+07
4.110000e-05  1.911840e+07
4.168694e-05  2.137686e+07
4.220000e-05  2.336322e+07
4.265795e-05  2.510440e+07
4.315191e-05  2.690866e+07
4.365158e-05  2.861157e+07
4.410000e-05  3.000264e+07
4.450000e-05  3.111306e+07
4.500000e-05  3.230742e+07
4.540000e-05  3.309732e+07
4.590000e-05  3.387222e+07
4.630000e-05  3.432306e+07
4.680000e-05  3.468396e+07
4.740000e-05  3.484164e+07
4.800000e-05  3.473364e+07
4.870000e-05  3.432768e+07
4.920000e-05  3.388812e+07
5.000000e-05  3.298908e+07
5.080000e-05  3.192126e+07
5.190000e-05  3.029592e+07
5.308844e-05  2.846275e+07
5.450000e-05  2.630820e+07
5.650000e-05  2.344296e+07
5.900000e-05  2.026686e+07
6.165950e-05  1.737003e+07
6.456542e-05  1.469272e+07
6.760830e-05  1.234251e+07
7.079458e-05  1.029371e+07
7.413102e-05  8.525474e+06
7.800000e-05  6.874380e+06
8.317638e-05  5.196997e+06
9.015711e-05  3.630226e+06
1.000000e-04  2.269782e+06
1.083927e-04  1.564734e+06
1.161449e-04  1.130467e+06
1.244515e-04  8.108020e+05
1.496236e-04  3.278069e+05
1.566751e-04  2.628101e+05
1.621810e-04  2.238618e+05
1.678804e-04  1.919628e+05
1.720000e-04  1.732092e+05
1.760000e-04  1.578552e+05
1.810000e-04  1.419756e+05
1.850000e-04  1.314996e+05
1.890000e-04  1.226898e+05
1.930000e-04  1.153032e+05
1.972423e-04  1.087949e+05
2.018366e-04  1.030492e+05
2.065380e-04  9.834487e+04
2.113489e-04  9.455230e+04
2.162719e-04  9.155290e+04
2.213095e-04  8.923736e+04
2.264644e-04  8.750747e+04
2.330000e-04  8.605380e+04
2.400000e-04  8.520480e+04
2.483133e-04  8.489703e+04
2.580000e-04  8.519520e+04
2.722701e-04  8.637727e+04
3.200000e-04  9.158220e+04
3.430000e-04  9.327960e+04
3.630781e-04  9.409178e+04
3.850000e-04  9.437520e+04
4.073803e-04  9.405172e+04
4.350000e-04  9.297180e+04
4.623810e-04  9.127689e+04
4.954502e-04  8.868856e+04
5.300000e-04  8.555400e+04
5.688529e-04  8.178196e+04
6.100000e-04  7.759320e+04
6.531306e-04  7.321750e+04
7.079458e-04  6.785328e+04
7.673615e-04  6.235100e+04
8.317638e-04  5.683856e+04
8.912509e-04  5.221674e+04
9.660509e-04  4.699590e+04
1.059254e-03  4.130124e+04
1.161449e-03  3.601677e+04
1.273503e-03  3.117058e+04
1.396368e-03  2.677601e+04
1.531087e-03  2.283369e+04
1.678804e-03  1.933328e+04
1.840772e-03  1.625418e+04
2.018366e-03  1.357095e+04
2.213095e-03  1.125449e+04
2.426610e-03  9.270717e+03
2.660725e-03  7.585888e+03
2.917427e-03  6.166497e+03
3.198895e-03  4.979731e+03
3.548134e-03  3.885495e+03
3.935501e-03  3.007960e+03
4.365158e-03  2.310942e+03
4.841724e-03  1.762102e+03
5.370318e-03  1.333577e+03
6.000000e-03  9.820345e+02
6.683439e-03  7.237048e+02
7.413102e-03  5.360358e+02
8.222426e-03  3.943825e+02
9.225714e-03  2.782926e+02
1.035142e-02  1.948665e+02
1.161449e-02  1.354565e+02
1.303167e-02  9.343834e+01
1.462177e-02  6.395104e+01
1.621810e-02  4.511232e+01
1.840772e-02  2.920966e+01
2.137962e-02  1.732188e+01
2.454709e-02  1.061691e+01
2.818383e-02  6.460082e+00
3.198895e-02  4.069403e+00
3.715352e-02  2.338454e+00
4.365158e-02  1.277842e+00
5.188000e-02  6.636755e-01
6.456542e-02  2.866919e-01
1.202264e-01  2.593978e-02
1.462177e-01  1.225629e-02
1.717908e-01  6.654930e-03
1.972423e-01  3.970797e-03
2.238721e-01  2.490320e-03
2.511886e-01  1.641615e-03
2.786121e-01  1.136436e-03
3.054921e-01  8.249010e-04
3.349654e-01  6.028030e-04
3.672823e-01  4.434226e-04
4.073803e-01  3.163348e-04
4.466836e-01  2.358613e-04
4.897788e-01  1.771339e-04
5.308844e-01  1.387645e-04
5.821032e-01  1.057652e-04
6.309573e-01  8.394504e-05
6.839117e-01  6.704590e-05
7.413102e-01  5.389685e-05
8.511380e-01  3.750810e-05
9.015711e-01  3.243996e-05
9.549926e-01  2.824589e-05
1.000000e+00  2.543000e-05
1.059254e+00  2.246325e-05
1.135011e+00  1.950596e-05
1.216186e+00  1.705898e-05
1.318257e+00  1.469532e-05
1.819701e+00  8.317419e-06
2.065380e+00  6.698824e-06
2.344229e+00  5.437791e-06
2.660725e+00  4.446441e-06
3.090295e+00  3.533554e-06
3.589219e+00  2.828705e-06
4.168694e+00  2.281178e-06
4.897788e+00  1.823186e-06
5.821032e+00  1.445119e-06
6.918310e+00  1.154023e-06
8.317638e+00  9.146100e-07
1.023293e+01  7.099491e-07
1.244515e+01  5.623587e-07
1.566751e+01  4.308540e-07
2.041738e+01  3.197655e-07
2.722701e+01  2.330681e-07
3.845918e+01  1.608498e-07
5.821032e+01  1.040317e-07
9.015711e+01  6.617340e-08
1.717908e+02  3.426533e-08
3.427678e+02  1.705073e-08
6.839116e+02  8.512950e-09
5.432503e+03  1.068440e-09
1.000000e+05  5.800000e-11
-1  -1
1.769000e-05  0.000000e+00
1.769000e-05  1.946586e+06
1.819701e-05  1.731678e+06
1.972423e-05  1.220400e+06
2.400000e-05  5.184140e+05
2.600160e-05  3.674344e+05
2.754229e-05  2.883707e+05
2.917427e-05  2.278255e+05
3.054921e-05  1.899018e+05
3.190000e-05  1.611220e+05
3.311311e-05  1.407030e+05
3.427678e-05  1.248563e+05
3.548134e-05  1.114940e+05
3.672823e-05  1.002442e+05
3.801894e-05  9.078697e+04
3.935501e-05  8.284762e+04
4.073803e-05  7.618979e+04
4.220000e-05  7.050300e+04
4.365158e-05  6.593034e+04
4.518559e-05  6.200252e+04
4.677351e-05  5.869635e+04
4.850000e-05  5.577560e+04
5.011872e-05  5.352750e+04
5.248075e-05  5.088264e+04
5.500000e-05  4.866580e+04
5.821032e-05  4.644013e+04
6.300000e-05  4.389160e+04
8.609938e-05  3.606496e+04
9.660509e-05  3.333773e+04
1.071519e-04  3.083912e+04
1.190000e-04  2.829580e+04
1.333521e-04  2.558644e+04
1.566751e-04  2.199718e+04
1.862087e-04  1.858968e+04
2.089296e-04  1.651845e+04
2.344229e-04  1.457556e+04
2.660725e-04  1.259765e+04
3.090295e-04  1.052277e+04
3.589219e-04  8.719071e+03
4.466836e-04  6.558834e+03
5.128614e-04  5.445508e+03
6.025596e-04  4.346832e+03
7.413102e-04  3.223493e+03
9.015711e-04  2.413897e+03
1.122018e-03  1.730782e+03
1.412538e-03  1.209827e+03
1.778279e-03  8.392819e+02
2.238721e-03  5.777119e+02
2.786121e-03  4.020425e+02
3.427678e-03  2.830076e+02
4.168694e-03  2.016396e+02
5.559043e-03  1.202705e+02
6.918310e-03  8.067870e+01
8.511380e-03  5.485398e+01
1.023293e-02  3.864639e+01
1.230269e-02  2.700035e+01
1.479108e-02  1.872866e+01
1.798871e-02  1.259937e+01
2.162719e-02  8.612439e+00
2.600160e-02  5.843022e+00
3.090295e-02  4.032747e+00
3.715352e-02  2.693941e+00
4.466836e-02  1.785440e+00
5.248075e-02  1.237420e+00
6.309573e-02  8.074391e-01
7.673615e-02  5.089280e-01
9.225714e-02  3.273034e-01
1.148154e-01  1.916949e-01
1.531088e-01  9.397082e-02
2.722701e-01  2.237683e-02
3.311311e-01  1.382605e-02
3.935501e-01  9.105264e-03
4.570882e-01  6.387165e-03
5.248075e-01  4.635658e-03
6.025596e-01  3.389295e-03
6.839117e-01  2.562728e-03
7.762471e-01  1.951404e-03
8.810489e-01  1.495591e-03
9.772372e-01  1.211123e-03
1.174898e+00  8.425108e-04
1.303167e+00  6.905336e-04
1.479108e+00  5.458552e-04
1.678804e+00  4.351212e-04
1.927525e+00  3.425296e-04
2.187762e+00  2.768960e-04
2.483133e+00  2.255422e-04
2.851018e+00  1.817382e-04
3.311311e+00  1.449174e-04
3.845918e+00  1.164118e-04
4.518559e+00  9.268370e-05
5.370318e+00  7.319878e-05
6.382635e+00  5.825574e-05
7.673615e+00  4.601911e-05
9.225714e+00  3.662159e-05
1.161449e+01  2.775055e-05
1.479108e+01  2.093147e-05
1.949845e+01  1.531150e-05
2.600160e+01  1.114725e-05
3.630781e+01  7.779301e-06
5.308844e+01  5.210210e-06
8.413951e+01  3.231450e-06
1.640590e+02  1.633318e-06
3.273407e+02  8.124277e-07
6.531306e+02  4.055808e-07
5.188000e+03  5.089167e-08
1.000000e+05  2.638400e-09
-1  -1
8.600000e-06  0.000000e+00
8.600000e-06  1.835150e+07
8.912509e-06  1.773718e+07
9.225714e-06  1.705425e+07
9.660509e-06  1.605439e+07
1.011579e-05  1.497554e+07
1.050000e-05  1.407820e+07
1.100000e-05  1.293730e+07
1.150000e-05  1.186090e+07
1.202264e-05  1.081272e+07
1.270000e-05  9.575810e+06
1.348963e-05  8.308720e+06
1.428894e-05  7.208223e+06
1.531087e-05  6.034894e+06
1.650000e-05  4.942800e+06
1.819701e-05  3.775471e+06
2.065380e-05  2.640036e+06
3.126079e-05  8.061909e+05
4.897788e-05  2.252287e+05
5.888437e-05  1.326019e+05
8.511380e-05  4.549286e+04
9.800000e-05  3.041750e+04
1.096478e-04  2.221541e+04
1.220000e-04  1.659970e+04
1.333521e-04  1.311220e+04
1.445440e-04  1.066299e+04
1.566751e-04  8.737040e+03
1.690000e-04  7.301730e+03
1.819701e-04  6.174106e+03
1.950000e-04  5.313390e+03
2.089296e-04  4.607067e+03
2.220000e-04  4.089110e+03
2.371374e-04  3.616236e+03
2.540973e-04  3.205010e+03
2.722701e-04  2.861631e+03
2.917427e-04  2.572915e+03
3.162278e-04  2.290532e+03
3.427678e-04  2.054406e+03
3.758374e-04  1.828618e+03
4.120975e-04  1.639631e+03
4.731513e-04  1.406041e+03
6.456542e-04  1.000740e+03
8.413951e-04  7.442722e+02
9.549926e-04  6.424728e+02
1.122018e-03  5.286318e+02
1.303167e-03  4.380539e+02
1.513561e-03  3.603838e+02
1.757924e-03  2.941909e+02
2.018366e-03  2.421951e+02
2.317395e-03  1.979573e+02
2.660725e-03  1.605960e+02
3.054921e-03  1.292814e+02
3.467369e-03  1.052292e+02
4.005000e-03  8.259400e+01
4.216965e-03  7.666830e+01
4.415704e-03  7.128660e+01
4.677351e-03  6.462059e+01
4.954502e-03  5.818888e+01
5.308844e-03  5.096346e+01
6.025596e-03  3.953958e+01
6.839116e-03  3.100758e+01
7.762471e-03  2.414976e+01
8.810489e-03  1.868041e+01
1.000000e-02  1.435141e+01
1.135011e-02  1.094920e+01
1.303167e-02  8.088100e+00
1.496236e-02  5.927890e+00
1.717908e-02  4.311654e+00
1.972423e-02  3.112377e+00
2.264644e-02  2.229225e+00
2.600160e-02  1.584901e+00
3.000000e-02  1.105082e+00
3.467369e-02  7.614205e-01
4.027170e-02  5.143596e-01
4.731513e-02  3.345964e-01
5.559043e-02  2.159920e-01
6.683439e-02  1.299331e-01
8.222426e-02  7.277082e-02
1.035142e-01  3.792852e-02
1.862087e-01  7.100150e-03
2.344229e-01  3.704213e-03
2.786121e-01  2.289423e-03
3.235937e-01  1.518951e-03
3.715352e-01  1.047098e-03
4.265795e-01  7.271529e-04
4.841724e-01  5.244014e-04
5.432503e-01  3.923290e-04
6.095369e-01  2.956132e-04
6.839117e-01  2.243981e-04
7.585776e-01  1.763069e-04
8.511380e-01  1.358245e-04
9.332543e-01  1.110200e-04
1.011579e+00  9.373319e-05
1.109175e+00  7.784859e-05
1.230269e+00  6.366112e-05
1.380384e+00  5.133575e-05
1.603245e+00  3.918276e-05
1.840772e+00  3.075868e-05
2.113489e+00  2.432925e-05
2.398833e+00  1.977716e-05
2.754229e+00  1.590479e-05
3.235937e+00  1.244446e-05
3.758374e+00  9.985174e-06
4.365158e+00  8.069770e-06
5.128614e+00  6.462969e-06
6.095369e+00  5.133316e-06
7.328245e+00  4.047250e-06
8.912509e+00  3.169677e-06
1.135011e+01  2.366222e-06
1.428894e+01  1.807350e-06
1.883649e+01  1.320451e-06
2.511886e+01  9.604253e-07
3.467369e+01  6.780006e-07
5.011872e+01  4.591569e-07
7.943282e+01  2.844787e-07
1.584893e+02  1.403468e-07
3.162278e+02  6.979472e-08
6.309573e+02  3.483966e-08
5.011872e+03  4.370827e-09
1.000000e+05  2.189100e-10
-1  -1
6.350000e-06  0.000000e+00
6.350000e-06  4.408500e+07
6.683439e-06  4.051456e+07
7.100000e-06  3.636480e+07
7.585776e-06  3.202449e+07
8.035261e-06  2.846859e+07
8.511380e-06  2.515738e+07
9.015711e-06  2.209551e+07
9.660509e-06  1.877230e+07
1.035142e-05  1.583145e+07
1.109175e-05  1.326022e+07
1.202264e-05  1.069938e+07
1.310000e-05  8.444860e+06
1.445440e-05  6.385463e+06
1.603245e-05  4.721201e+06
1.862087e-05  3.025166e+06
2.851018e-05  8.397765e+05
3.467369e-05  4.691173e+05
4.120975e-05  2.825918e+05
4.677351e-05  1.960600e+05
5.188000e-05  1.463011e+05
5.688529e-05  1.135455e+05
6.165950e-05  9.160512e+04
6.650000e-05  7.544880e+04
7.161434e-05  6.287034e+04
7.673615e-05  5.342914e+04
8.222426e-05  4.574636e+04
8.810489e-05  3.946167e+04
9.500000e-05  3.386460e+04
1.020000e-04  2.954320e+04
1.096478e-04  2.591186e+04
1.174898e-04  2.302805e+04
1.260000e-04  2.057780e+04
1.350000e-04  1.854024e+04
1.462177e-04  1.655935e+04
1.600000e-04  1.469464e+04
1.778279e-04  1.287834e+04
2.065380e-04  1.077844e+04
3.090295e-04  6.736046e+03
4.265795e-04  4.564393e+03
5.011872e-04  3.738835e+03
5.754399e-04  3.124590e+03
6.683439e-04  2.552043e+03
8.222426e-04  1.912436e+03
9.332543e-04  1.594435e+03
1.109175e-03  1.232735e+03
1.303167e-03  9.625074e+02
1.531087e-03  7.458762e+02
1.778279e-03  5.845083e+02
2.065380e-03  4.547818e+02
2.398833e-03  3.511929e+02
2.786121e-03  2.691099e+02
3.235937e-03  2.045936e+02
3.672823e-03  1.611208e+02
4.216965e-03  1.232103e+02
4.841724e-03  9.350810e+01
5.559043e-03  7.041447e+01
6.382635e-03  5.260903e+01
7.328245e-03  3.899630e+01
8.413951e-03  2.867687e+01
9.660509e-03  2.092041e+01
1.096478e-02  1.555838e+01
1.244515e-02  1.149301e+01
1.428894e-02  8.196240e+00
1.621810e-02  5.969843e+00
1.862087e-02  4.192605e+00
2.113489e-02  3.011406e+00
2.426610e-02  2.083175e+00
2.786121e-02  1.430231e+00
3.198895e-02  9.747565e-01
3.715352e-02  6.386376e-01
4.315191e-02  4.151674e-01
5.069907e-02  2.589834e-01
6.000000e-02  1.568900e-01
7.161434e-02  9.188343e-02
8.810489e-02  4.870408e-02
1.083927e-01  2.563876e-02
1.757924e-01  5.685718e-03
2.213095e-01  2.794641e-03
2.600160e-01  1.711612e-03
3.000000e-01  1.115800e-03
3.427678e-01  7.547698e-04
3.890451e-01  5.246150e-04
4.365158e-01  3.796756e-04
4.841724e-01  2.856747e-04
5.370318e-01  2.164082e-04
5.956621e-01  1.651048e-04
6.606935e-01  1.269055e-04
7.328245e-01  9.829476e-05
8.413951e-01  7.063470e-05
9.015711e-01  6.017681e-05
9.660509e-01  5.161075e-05
1.023293e+00  4.569308e-05
1.109175e+00  3.878622e-05
1.216186e+00  3.239590e-05
1.333521e+00  2.726254e-05
1.531087e+00  2.125266e-05
1.778279e+00  1.631317e-05
2.044000e+00  1.285100e-05
2.317395e+00  1.044410e-05
2.630268e+00  8.534649e-06
3.019952e+00  6.897879e-06
3.507519e+00  5.515497e-06
4.073803e+00  4.443033e-06
4.786301e+00  3.547175e-06
5.688529e+00  2.808819e-06
6.760830e+00  2.240812e-06
8.128305e+00  1.774294e-06
9.885531e+00  1.395500e-06
1.202264e+01  1.104045e-06
1.531087e+01  8.337944e-07
2.000000e+01  6.168200e-07
2.660725e+01  4.505080e-07
3.715352e+01  3.145750e-07
5.495409e+01  2.082587e-07
8.609938e+01  1.307841e-07
1.659587e+02  6.689840e-08
3.311311e+02  3.328005e-08
6.606934e+02  1.661423e-08
5.248075e+03  2.084843e-09
1.000000e+05  1.093400e-10
-1  -1
-2  0.0
-2  -2
