2.319100e-02  0.000000e+00
2.319100e-02  9.173778e+03
2.345000e-02  8.962789e+03
2.382000e-02  8.630480e+03
2.426610e-02  8.203263e+03
2.500000e-02  7.626300e+03
2.660725e-02  6.472718e+03
2.951209e-02  4.961200e+03
3.427678e-02  3.337979e+03
4.265795e-02  1.846077e+03
4.954502e-02  1.221104e+03
5.688529e-02  8.307324e+02
7.000000e-02  4.618080e+02
8.709636e-02  2.467432e+02
1.135011e-01  1.145035e+02
1.927525e-01  2.445719e+01
2.371374e-01  1.345171e+01
2.800000e-01  8.386920e+00
3.273407e-01  5.427966e+00
3.715352e-01  3.840928e+00
4.168694e-01  2.823510e+00
4.677351e-01  2.090618e+00
5.188000e-01  1.606256e+00
5.754399e-01  1.242968e+00
6.382635e-01  9.690553e-01
6.918310e-01  8.032535e-01
7.673615e-01  6.358370e-01
8.511380e-01  5.070399e-01
9.440609e-01  4.068071e-01
1.023293e+00  3.450105e-01
1.161449e+00  2.682991e-01
1.288250e+00  2.200017e-01
1.428894e+00  1.816511e-01
1.584893e+00  1.509645e-01
1.798871e+00  1.213397e-01
2.065380e+00  9.631449e-02
2.317395e+00  8.003302e-02
2.630268e+00  6.582843e-02
3.019952e+00  5.362925e-02
3.507519e+00  4.324370e-02
4.073803e+00  3.512966e-02
4.786301e+00  2.829192e-02
5.688529e+00  2.261063e-02
6.839116e+00  1.793970e-02
8.317638e+00  1.413414e-02
1.047129e+01  1.076308e-02
1.396368e+01  7.746423e-03
1.840772e+01  5.697529e-03
2.511886e+01  4.066796e-03
3.548134e+01  2.817878e-03
5.432503e+01  1.806250e-03
9.332543e+01  1.036257e-03
1.862087e+02  5.139441e-04
3.715352e+02  2.562770e-04
1.479108e+03  6.410986e-05
1.000000e+05  9.474000e-07
-1  -1
3.391200e-03  0.000000e+00
3.391200e-03  3.854206e+04
3.630781e-03  3.463874e+04
4.168694e-03  2.762198e+04
4.518559e-03  2.394852e+04
5.011872e-03  1.988485e+04
5.432503e-03  1.724641e+04
5.821032e-03  1.515676e+04
7.079458e-03  1.041021e+04
7.943282e-03  8.264186e+03
9.120108e-03  6.232390e+03
1.071519e-02  4.430767e+03
1.202264e-02  3.451155e+03
1.400000e-02  2.460520e+03
1.640590e-02  1.713173e+03
1.905461e-02  1.207072e+03
2.187762e-02  8.676218e+02
2.511886e-02  6.195882e+02
2.917427e-02  4.271917e+02
3.427678e-02  2.839979e+02
4.027170e-02  1.873319e+02
4.731513e-02  1.226503e+02
5.623413e-02  7.731695e+01
6.760830e-02  4.688382e+01
8.222426e-02  2.732850e+01
1.023293e-01  1.482583e+01
1.333521e-01  7.010030e+00
2.137962e-01  1.834056e+00
2.600160e-01  1.057242e+00
3.054921e-01  6.763558e-01
3.507519e-01  4.643431e-01
3.981072e-01  3.311592e-01
4.466836e-01  2.451510e-01
5.011872e-01  1.827764e-01
5.559043e-01  1.413379e-01
6.165950e-01  1.100371e-01
6.839117e-01  8.628282e-02
7.585776e-01  6.815824e-02
8.317638e-01  5.563699e-02
9.120108e-01  4.571870e-02
1.000000e+00  3.783188e-02
1.148154e+00  2.874269e-02
1.273503e+00  2.354630e-02
1.412538e+00  1.942241e-02
1.566751e+00  1.612610e-02
1.778279e+00  1.295140e-02
2.044000e+00  1.025698e-02
2.290868e+00  8.533075e-03
2.600160e+00  7.013149e-03
2.985383e+00  5.709289e-03
3.467369e+00  4.601063e-03
4.027170e+00  3.735772e-03
4.731513e+00  3.007010e-03
5.623413e+00  2.401976e-03
6.760830e+00  1.904816e-03
8.222427e+00  1.500110e-03
1.047129e+01  1.126718e-03
1.380384e+01  8.214766e-04
1.819701e+01  6.039989e-04
2.483133e+01  4.310029e-04
3.467369e+01  3.022225e-04
5.308844e+01  1.936372e-04
9.120108e+01  1.110553e-04
1.819701e+02  5.506516e-05
3.630781e+02  2.745477e-05
1.445440e+03  6.867655e-06
1.000000e+05  9.917300e-08
-1  -1
3.151500e-03  0.000000e+00
3.151500e-03  8.643949e+04
3.273407e-03  7.859200e+04
3.311311e-03  7.618000e+04
3.388442e-03  7.216400e+04
3.700000e-03  5.774400e+04
4.027170e-03  4.608000e+04
4.954502e-03  2.625000e+04
5.308844e-03  2.170700e+04
6.300000e-03  1.340500e+04
7.800000e-03  7.205100e+03
9.015711e-03  4.681000e+03
1.023293e-02  3.195200e+03
1.230269e-02  1.814600e+03
1.479108e-02  1.019500e+03
1.757924e-02  5.885200e+02
2.089296e-02  3.370000e+02
2.511886e-02  1.844500e+02
3.054921e-02  9.642900e+01
3.801894e-02  4.633489e+01
4.731513e-02  2.208764e+01
6.683439e-02  6.790325e+00
1.071519e-01  1.349688e+00
1.333521e-01  6.424218e-01
1.621810e-01  3.330449e-01
1.905461e-01  1.952529e-01
2.213095e-01  1.198177e-01
2.540973e-01  7.692341e-02
2.884032e-01  5.161952e-02
3.235937e-01  3.616249e-02
3.630781e-01  2.551289e-02
4.027170e-01  1.876126e-02
4.466836e-01  1.388950e-02
4.954502e-01  1.035870e-02
5.495409e-01  7.782796e-03
6.095369e-01  5.892218e-03
6.683439e-01  4.631023e-03
7.328245e-01  3.663926e-03
8.317638e-01  2.680894e-03
8.912509e-01  2.271952e-03
9.549926e-01  1.938758e-03
1.011579e+00  1.709713e-03
1.096478e+00  1.445758e-03
1.174898e+00  1.260481e-03
1.273503e+00  1.082845e-03
1.412538e+00  8.973431e-04
1.678804e+00  6.627018e-04
1.927525e+00  5.238623e-04
2.162719e+00  4.333967e-04
2.426610e+00  3.612552e-04
2.754229e+00  2.979776e-04
3.235937e+00  2.353107e-04
3.758374e+00  1.904208e-04
4.415704e+00  1.527875e-04
5.188000e+00  1.234922e-04
6.237348e+00  9.760801e-05
7.585776e+00  7.662848e-05
9.549926e+00  5.816753e-05
1.148154e+01  4.694821e-05
1.479108e+01  3.522180e-05
1.949845e+01  2.594931e-05
2.691535e+01  1.831931e-05
3.935501e+01  1.225903e-05
5.956621e+01  7.966681e-06
1.059254e+02  4.417890e-06
2.113489e+02  2.193840e-06
4.216965e+02  1.094560e-06
3.349654e+03  1.372191e-07
1.000000e+05  4.595600e-09
-1  -1
3.004500e-03  0.000000e+00
3.004500e-03  1.814115e+05
3.120000e-03  1.662178e+05
3.311311e-03  1.427475e+05
3.589219e-03  1.154848e+05
3.935501e-03  8.976956e+04
4.800000e-03  5.181960e+04
5.188000e-03  4.158981e+04
6.025596e-03  2.708851e+04
7.000000e-03  1.740288e+04
7.852356e-03  1.235074e+04
9.500000e-03  6.907040e+03
1.109175e-02  4.264676e+03
1.273503e-02  2.755886e+03
1.479108e-02  1.705496e+03
1.737801e-02  1.009290e+03
2.041738e-02  5.927578e+02
2.400000e-02  3.450884e+02
2.851018e-02  1.925426e+02
3.427678e-02  1.023797e+02
4.216965e-02  4.989095e+01
5.308844e-02  2.225675e+01
7.244360e-02  7.411990e+00
1.148154e-01  1.444317e+00
1.412538e-01  6.965343e-01
1.678804e-01  3.820666e-01
1.949845e-01  2.284861e-01
2.213095e-01  1.488708e-01
2.483133e-01  1.015031e-01
2.786121e-01  6.969174e-02
3.090295e-01  5.002070e-02
3.427678e-01  3.615795e-02
3.758374e-01  2.727588e-02
4.120975e-01  2.071192e-02
4.518559e-01  1.583722e-02
4.897788e-01  1.259937e-02
5.370318e-01  9.772835e-03
5.888437e-01  7.638894e-03
6.382635e-01  6.198774e-03
6.998420e-01  4.918500e-03
7.673615e-01  3.932611e-03
8.609938e-01  2.997682e-03
9.225714e-01  2.563272e-03
9.885531e-01  2.206802e-03
1.083927e+00  1.825345e-03
1.174898e+00  1.555451e-03
1.288250e+00  1.306391e-03
1.428894e+00  1.081435e-03
1.640590e+00  8.474005e-04
1.883649e+00  6.691287e-04
2.137962e+00  5.426285e-04
2.398833e+00  4.519552e-04
2.722701e+00  3.725049e-04
3.198895e+00  2.939583e-04
3.715352e+00  2.377382e-04
4.365158e+00  1.906501e-04
5.128614e+00  1.540196e-04
6.165950e+00  1.216775e-04
7.498942e+00  9.547978e-05
9.332543e+00  7.344385e-05
1.122018e+01  5.922654e-05
1.462177e+01  4.383871e-05
1.927525e+01  3.228622e-05
2.660725e+01  2.278799e-05
3.890451e+01  1.524541e-05
5.888437e+01  9.905419e-06
1.035142e+02  5.557094e-06
2.065380e+02  2.758864e-06
4.120975e+02  1.376297e-06
1.640590e+03  3.444325e-07
1.000000e+05  5.646500e-09
-1  -1
6.159500e-04  0.000000e+00
6.159500e-04  1.210644e+05
7.161434e-04  1.017712e+05
8.511380e-04  8.278431e+04
8.850000e-04  7.866920e+04
1.071519e-03  6.051547e+04
1.161449e-03  5.378891e+04
1.380384e-03  4.135473e+04
1.531087e-03  3.506818e+04
1.800000e-03  2.688720e+04
2.089296e-03  2.085662e+04
2.400000e-03  1.636382e+04
2.818383e-03  1.225494e+04
3.349654e-03  8.901858e+03
3.935501e-03  6.553143e+03
4.677351e-03  4.681404e+03
5.559043e-03  3.316078e+03
6.531306e-03  2.385045e+03
7.673615e-03  1.702320e+03
9.015711e-03  1.205724e+03
1.059254e-02  8.475357e+02
1.244515e-02  5.912265e+02
1.462177e-02  4.092981e+02
1.700000e-02  2.881980e+02
2.000000e-02  1.959352e+02
2.344229e-02  1.333580e+02
2.754229e-02  8.955651e+01
3.235937e-02  5.968748e+01
3.801894e-02  3.948827e+01
4.466836e-02  2.593881e+01
5.308844e-02  1.641112e+01
6.382635e-02  9.991260e+00
7.673615e-02  6.036408e+00
9.440609e-02  3.397231e+00
1.216186e-01  1.666419e+00
2.344229e-01  2.604281e-01
2.786121e-01  1.608093e-01
3.273407e-01  1.032859e-01
3.758374e-01  7.119324e-02
4.265795e-01  5.099668e-02
4.786301e-01  3.792566e-02
5.308844e-01  2.924499e-02
5.888437e-01  2.270347e-02
6.531306e-01  1.775324e-02
7.244360e-01  1.398537e-02
8.035261e-01  1.109988e-02
8.810489e-01  9.092058e-03
9.660509e-01  7.499710e-03
1.096478e+00  5.815947e-03
1.216186e+00  4.750088e-03
1.348963e+00  3.906509e-03
1.513561e+00  3.168114e-03
1.698244e+00  2.589909e-03
1.949845e+00  2.049721e-03
2.187762e+00  1.696641e-03
2.454709e+00  1.415107e-03
2.786121e+00  1.168028e-03
3.273407e+00  9.229505e-04
3.801894e+00  7.473037e-04
4.466836e+00  5.999365e-04
5.248075e+00  4.851513e-04
6.309573e+00  3.836489e-04
7.673615e+00  3.013225e-04
9.660509e+00  2.288266e-04
1.161449e+01  1.847711e-04
1.500000e+01  1.382700e-04
1.995262e+01  1.009107e-04
2.786121e+01  7.040543e-05
4.216965e+01  4.547515e-05
6.456542e+01  2.923711e-05
1.202264e+02  1.548726e-05
2.398833e+02  7.699724e-06
9.549926e+02  1.922580e-06
6.025596e+04  3.040239e-08
1.000000e+05  1.832600e-08
-1  -1
5.201500e-04  0.000000e+00
5.201500e-04  9.870500e+04
5.207000e-04  1.039148e+05
5.211000e-04  1.074376e+05
5.216000e-04  1.114560e+05
5.223000e-04  1.164606e+05
5.230000e-04  1.208808e+05
5.237000e-04  1.248622e+05
5.248075e-04  1.304250e+05
5.258000e-04  1.347412e+05
5.272000e-04  1.400600e+05
5.285000e-04  1.443478e+05
5.300000e-04  1.486336e+05
5.315000e-04  1.523018e+05
5.335000e-04  1.563570e+05
5.360000e-04  1.603038e+05
5.385000e-04  1.631962e+05
5.410000e-04  1.652294e+05
5.435000e-04  1.665480e+05
5.465000e-04  1.673928e+05
5.500000e-04  1.676160e+05
5.559043e-04  1.668374e+05
6.350000e-04  1.525844e+05
7.161434e-04  1.380663e+05
7.585776e-04  1.305751e+05
8.200000e-04  1.200318e+05
9.015711e-04  1.072530e+05
9.549926e-04  9.955673e+04
1.035142e-03  8.891082e+04
1.135011e-03  7.761074e+04
1.216186e-03  6.968371e+04
1.333521e-03  5.984442e+04
1.479108e-03  5.005483e+04
1.621810e-03  4.236082e+04
1.819701e-03  3.409053e+04
2.000000e-03  2.832240e+04
2.238721e-03  2.251420e+04
2.454709e-03  1.855153e+04
2.754229e-03  1.445124e+04
3.054921e-03  1.146050e+04
3.427678e-03  8.792118e+03
3.845918e-03  6.693316e+03
4.315191e-03  5.058867e+03
4.841724e-03  3.796330e+03
5.432503e-03  2.829193e+03
6.095369e-03  2.094366e+03
6.839116e-03  1.540303e+03
7.762471e-03  1.090493e+03
8.810489e-03  7.663145e+02
1.000000e-02  5.347400e+02
1.135011e-02  3.706395e+02
1.303167e-02  2.466870e+02
1.513561e-02  1.573693e+02
1.737801e-02  1.031818e+02
2.018366e-02  6.480907e+01
2.344229e-02  4.041293e+01
2.754229e-02  2.412027e+01
3.273407e-02  1.376770e+01
3.935501e-02  7.512108e+00
4.841724e-02  3.770214e+00
6.237348e-02  1.609746e+00
1.174898e-01  1.891264e-01
1.462177e-01  9.082502e-02
1.737801e-01  5.122121e-02
2.018366e-01  3.138693e-02
2.317395e-01  2.011117e-02
2.660725e-01  1.298382e-02
3.019952e-01  8.756780e-03
3.388442e-01  6.161066e-03
3.801894e-01  4.365621e-03
4.216965e-01  3.223063e-03
4.677351e-01  2.395647e-03
5.188000e-01  1.793579e-03
5.754399e-01  1.353129e-03
6.309573e-01  1.060359e-03
6.918310e-01  8.363086e-04
7.585776e-01  6.638795e-04
8.609938e-01  4.868467e-04
9.225714e-01  4.136697e-04
9.772372e-01  3.632809e-04
1.047129e+00  3.133295e-04
1.122018e+00  2.719869e-04
1.202264e+00  2.377180e-04
1.333521e+00  1.962611e-04
1.513561e+00  1.565780e-04
1.737801e+00  1.230900e-04
2.000000e+00  9.709942e-05
2.238721e+00  8.082047e-05
2.511886e+00  6.750643e-05
2.851018e+00  5.578785e-05
3.349654e+00  4.413171e-05
3.890451e+00  3.577314e-05
4.570882e+00  2.874862e-05
5.370318e+00  2.327134e-05
6.456542e+00  1.842039e-05
7.852356e+00  1.448133e-05
1.000000e+01  1.085800e-05
1.230269e+01  8.549488e-06
1.584893e+01  6.426096e-06
2.113489e+01  4.683985e-06
2.985383e+01  3.232895e-06
4.623810e+01  2.041235e-06
7.498942e+01  1.238943e-06
1.496236e+02  6.129688e-07
2.985383e+02  3.052768e-07
1.188502e+03  7.631169e-08
1.000000e+05  9.056400e-10
-1  -1
4.946600e-04  0.000000e+00
4.946600e-04  3.046811e+05
4.981000e-04  3.196616e+05
4.985000e-04  3.245953e+05
5.000000e-04  3.319656e+05
5.045500e-04  3.483209e+05
5.143000e-04  3.660764e+05
5.245000e-04  3.772419e+05
5.370318e-04  3.807998e+05
5.450000e-04  3.823365e+05
5.580000e-04  3.795015e+05
5.754399e-04  3.724471e+05
6.165950e-04  3.500417e+05
6.918310e-04  3.121770e+05
7.413102e-04  2.889815e+05
8.000000e-04  2.633016e+05
8.709636e-04  2.358494e+05
9.225714e-04  2.176316e+05
1.000000e-03  1.929380e+05
1.109175e-03  1.640718e+05
1.202264e-03  1.435633e+05
1.333521e-03  1.197968e+05
1.462177e-03  1.013850e+05
1.603245e-03  8.517027e+04
1.778279e-03  6.954558e+04
1.972423e-03  5.634743e+04
2.187762e-03  4.534962e+04
2.426610e-03  3.623272e+04
2.710800e-03  2.830716e+04
3.054921e-03  2.149943e+04
3.400000e-03  1.668784e+04
3.801894e-03  1.272468e+04
4.315191e-03  9.278123e+03
4.841724e-03  6.910772e+03
5.370318e-03  5.271051e+03
6.025596e-03  3.876171e+03
6.839116e-03  2.742790e+03
7.852356e-03  1.864022e+03
8.912509e-03  1.297963e+03
1.011579e-02  8.974030e+02
1.150000e-02  6.131880e+02
1.318257e-02  4.058116e+02
1.513561e-02  2.652108e+02
1.737801e-02  1.720281e+02
2.018366e-02  1.067936e+02
2.344229e-02  6.577060e+01
2.722701e-02  4.021225e+01
3.198895e-02  2.349533e+01
3.801894e-02  1.310810e+01
4.570882e-02  6.979533e+00
5.623413e-02  3.407433e+00
7.244360e-02  1.406551e+00
1.273503e-01  1.941513e-01
1.566751e-01  9.445908e-02
1.840772e-01  5.430330e-02
2.137962e-01  3.271801e-02
2.426610e-01  2.145878e-02
2.722701e-01  1.472571e-02
3.019952e-01  1.056185e-02
3.349654e-01  7.629712e-03
3.715352e-01  5.553328e-03
4.073803e-01  4.216043e-03
4.466836e-01  3.223058e-03
4.897788e-01  2.481921e-03
5.370318e-01  1.926315e-03
5.888437e-01  1.506682e-03
6.456542e-01  1.187316e-03
7.079458e-01  9.427726e-04
7.762471e-01  7.543903e-04
8.609938e-01  5.914798e-04
9.225714e-01  5.061175e-04
9.885531e-01  4.359694e-04
1.083927e+00  3.607522e-04
1.174898e+00  3.074607e-04
1.288250e+00  2.581929e-04
1.428894e+00  2.136835e-04
1.640590e+00  1.674164e-04
1.883649e+00  1.321999e-04
2.137962e+00  1.072093e-04
2.398833e+00  8.929540e-05
2.722701e+00  7.359829e-05
3.198895e+00  5.807953e-05
3.715352e+00  4.697181e-05
4.365158e+00  3.766814e-05
5.128614e+00  3.043031e-05
6.095369e+00  2.439139e-05
7.413102e+00  1.913192e-05
9.120108e+00  1.491297e-05
1.109175e+01  1.185716e-05
1.462177e+01  8.661442e-06
1.927525e+01  6.379057e-06
2.660725e+01  4.502388e-06
3.890451e+01  3.012204e-06
5.888437e+01  1.957113e-06
1.023293e+02  1.110920e-06
2.041738e+02  5.514531e-07
4.073803e+02  2.750916e-07
1.621810e+03  6.884093e-08
1.000000e+05  1.115600e-09
-1  -1
3.230300e-04  0.000000e+00
3.230300e-04  7.267880e+04
3.241000e-04  7.237400e+04
3.252000e-04  7.237800e+04
3.263000e-04  7.286200e+04
3.272000e-04  7.368480e+04
3.280000e-04  7.485440e+04
3.287000e-04  7.626720e+04
3.295000e-04  7.840080e+04
3.302000e-04  8.079240e+04
3.310000e-04  8.422880e+04
3.318000e-04  8.852520e+04
3.325000e-04  9.308760e+04
3.333000e-04  9.934680e+04
3.340000e-04  1.058476e+05
3.347000e-04  1.134100e+05
3.355000e-04  1.234868e+05
3.363000e-04  1.352484e+05
3.370000e-04  1.470464e+05
3.380000e-04  1.665480e+05
3.395000e-04  2.021676e+05
3.422100e-04  2.876101e+05
3.435000e-04  3.378936e+05
3.448000e-04  3.943212e+05
3.458000e-04  4.411880e+05
3.468000e-04  4.904480e+05
3.476000e-04  5.312880e+05
3.485000e-04  5.783280e+05
3.495000e-04  6.314240e+05
3.504000e-04  6.794720e+05
3.515000e-04  7.379800e+05
3.527000e-04  8.008080e+05
3.535000e-04  8.417400e+05
3.548134e-04  9.068786e+05
3.558000e-04  9.539960e+05
3.569000e-04  1.004280e+06
3.580000e-04  1.052184e+06
3.595000e-04  1.113656e+06
3.610000e-04  1.170472e+06
3.620000e-04  1.206180e+06
3.635000e-04  1.256048e+06
3.657000e-04  1.321864e+06
3.680000e-04  1.382092e+06
3.700000e-04  1.427972e+06
3.723000e-04  1.473616e+06
3.750000e-04  1.517864e+06
3.780000e-04  1.556416e+06
3.815000e-04  1.589004e+06
3.850000e-04  1.609472e+06
3.890451e-04  1.621100e+06
3.935501e-04  1.622456e+06
4.000000e-04  1.610548e+06
4.100000e-04  1.575912e+06
4.315191e-04  1.490321e+06
4.466836e-04  1.428795e+06
4.631200e-04  1.358254e+06
4.850000e-04  1.261660e+06
5.188000e-04  1.123263e+06
5.500000e-04  1.009648e+06
5.800000e-04  9.093040e+05
6.237348e-04  7.805963e+05
6.760830e-04  6.526597e+05
7.161434e-04  5.712963e+05
7.673615e-04  4.834156e+05
8.413951e-04  3.838537e+05
9.120108e-04  3.116871e+05
1.011579e-03  2.362483e+05
1.122018e-03  1.777924e+05
1.244515e-03  1.326870e+05
1.380384e-03  9.839648e+04
1.531087e-03  7.242975e+04
1.698244e-03  5.297935e+04
1.905461e-03  3.712610e+04
2.113489e-03  2.678084e+04
2.371374e-03  1.849307e+04
2.660725e-03  1.267680e+04
3.000000e-03  8.489680e+03
3.400000e-03  5.545000e+03
3.900000e-03  3.445036e+03
4.415704e-03  2.221125e+03
5.011872e-03  1.408723e+03
5.688529e-03  8.864388e+02
6.500000e-03  5.398400e+02
7.328245e-03  3.432078e+02
8.413951e-03  2.021802e+02
9.772372e-03  1.129772e+02
1.135011e-02  6.257647e+01
1.318257e-02  3.439983e+01
1.531087e-02  1.876750e+01
1.798871e-02  9.689410e+00
2.113489e-02  4.965108e+00
2.540973e-02  2.294085e+00
3.162278e-02  9.095433e-01
4.315191e-02  2.419507e-01
7.161434e-02  2.781414e-02
8.912509e-02  1.100025e-02
1.083927e-01  4.832707e-03
1.273503e-01  2.472645e-03
1.479108e-01  1.337259e-03
1.698244e-01  7.639679e-04
1.927525e-01  4.607167e-04
2.162719e-01  2.929770e-04
2.426610e-01  1.876815e-04
2.691535e-01  1.265502e-04
3.000000e-01  8.437143e-05
3.311311e-01  5.871982e-05
3.630781e-01  4.214786e-05
4.000000e-01  2.995980e-05
4.365158e-01  2.218336e-05
4.786301e-01  1.627348e-05
5.188000e-01  1.248715e-05
5.754399e-01  8.953848e-06
6.606935e-01  5.784574e-06
7.079458e-01  4.676206e-06
7.498942e-01  3.937495e-06
8.035261e-01  3.227869e-06
8.609938e-01  2.661457e-06
9.120108e-01  2.282693e-06
9.549926e-01  2.031673e-06
1.000000e+00  1.820624e-06
1.059254e+00  1.602278e-06
1.122018e+00  1.420253e-06
1.188600e+00  1.267712e-06
1.288250e+00  1.093222e-06
1.428894e+00  9.111758e-07
1.819701e+00  5.998907e-07
2.065380e+00  4.852137e-07
2.317395e+00  4.032263e-07
2.630268e+00  3.316493e-07
3.019952e+00  2.701614e-07
3.507519e+00  2.178404e-07
4.073803e+00  1.769655e-07
4.786301e+00  1.425238e-07
5.688529e+00  1.138999e-07
6.839116e+00  9.036918e-08
8.317638e+00  7.120113e-08
1.047129e+01  5.422068e-08
1.380384e+01  3.953245e-08
1.800000e+01  2.941700e-08
2.454709e+01  2.099898e-08
3.427678e+01  1.472115e-08
5.308844e+01  9.318518e-09
9.120108e+01  5.344300e-09
1.819701e+02  2.649951e-09
3.630781e+02  1.321148e-09
1.445440e+03  3.304980e-10
1.000000e+05  4.772500e-12
-1  -1
3.179600e-04  0.000000e+00
3.179600e-04  1.025886e+05
3.190000e-04  1.028268e+05
3.204000e-04  1.037292e+05
3.215000e-04  1.051938e+05
3.223000e-04  1.068156e+05
3.230000e-04  1.087314e+05
3.238000e-04  1.116036e+05
3.245000e-04  1.148154e+05
3.252000e-04  1.187832e+05
3.258000e-04  1.228716e+05
3.264000e-04  1.276746e+05
3.271000e-04  1.342890e+05
3.277000e-04  1.409250e+05
3.283000e-04  1.485504e+05
3.290000e-04  1.588248e+05
3.298000e-04  1.725804e+05
3.308000e-04  1.931544e+05
3.316000e-04  2.126160e+05
3.328000e-04  2.473782e+05
3.343000e-04  3.012126e+05
3.365000e-04  4.030002e+05
3.380000e-04  4.883610e+05
3.390000e-04  5.520900e+05
3.400000e-04  6.207660e+05
3.411700e-04  7.065246e+05
3.423000e-04  7.937580e+05
3.433000e-04  8.735340e+05
3.440000e-04  9.302880e+05
3.450000e-04  1.012008e+06
3.461000e-04  1.101804e+06
3.472000e-04  1.190538e+06
3.483000e-04  1.277340e+06
3.495000e-04  1.369056e+06
3.508000e-04  1.464192e+06
3.519000e-04  1.540902e+06
3.530000e-04  1.613952e+06
3.545000e-04  1.707570e+06
3.558000e-04  1.783164e+06
3.573000e-04  1.864176e+06
3.590000e-04  1.948284e+06
3.610000e-04  2.037342e+06
3.630781e-04  2.119239e+06
3.650000e-04  2.185944e+06
3.673000e-04  2.255052e+06
3.700000e-04  2.322204e+06
3.730000e-04  2.380548e+06
3.758374e-04  2.421479e+06
3.795600e-04  2.456817e+06
3.830000e-04  2.473962e+06
3.865000e-04  2.479212e+06
3.900000e-04  2.475114e+06
3.950000e-04  2.457930e+06
4.050000e-04  2.403132e+06
4.280000e-04  2.258904e+06
4.430000e-04  2.163192e+06
4.600000e-04  2.048706e+06
4.786301e-04  1.920857e+06
5.150000e-04  1.690488e+06
5.432503e-04  1.531919e+06
5.688529e-04  1.398984e+06
6.100000e-04  1.208718e+06
6.606934e-04  1.011912e+06
7.079458e-04  8.624124e+05
7.585776e-04  7.296503e+05
8.317638e-04  5.785236e+05
9.120108e-04  4.554449e+05
1.000000e-03  3.555234e+05
1.096478e-03  2.759397e+05
1.216186e-03  2.059119e+05
1.355400e-03  1.505178e+05
1.513561e-03  1.085103e+05
1.678804e-03  7.927217e+04
1.900000e-03  5.400468e+04
2.113489e-03  3.851984e+04
2.344229e-03  2.756295e+04
2.660725e-03  1.815716e+04
3.025000e-03  1.179073e+04
3.388442e-03  7.992158e+03
3.758374e-03  5.572619e+03
4.216965e-03  3.709447e+03
4.800000e-03  2.327946e+03
5.432503e-03  1.479637e+03
6.165950e-03  9.234716e+02
6.918310e-03  5.976552e+02
7.800000e-03  3.773862e+02
8.912509e-03  2.248292e+02
1.047129e-02  1.190610e+02
1.202264e-02  6.849305e+01
1.380384e-02  3.911144e+01
1.603245e-02  2.114952e+01
1.862087e-02  1.135195e+01
2.187762e-02  5.764213e+00
2.630268e-02  2.634800e+00
3.235937e-02  1.083224e+00
4.265795e-02  3.281849e-01
7.413102e-02  2.987833e-02
9.225714e-02  1.164000e-02
1.135011e-01  4.806570e-03
1.303167e-01  2.683356e-03
1.496236e-01  1.510559e-03
1.678804e-01  9.420467e-04
1.862087e-01  6.199370e-04
2.065380e-01  4.107987e-04
2.290868e-01  2.742978e-04
2.511886e-01  1.928830e-04
2.754229e-01  1.365808e-04
3.019952e-01  9.742741e-05
3.311311e-01  7.003130e-05
3.630781e-01  5.072678e-05
3.981072e-01  3.702890e-05
4.315191e-01  2.826933e-05
4.677351e-01  2.172859e-05
5.069907e-01  1.682890e-05
5.432503e-01  1.360955e-05
5.821032e-01  1.107609e-05
6.095369e-01  9.697930e-06
6.531306e-01  8.009150e-06
7.079458e-01  6.453766e-06
7.943282e-01  4.784196e-06
8.709636e-01  3.734429e-06
9.225714e-01  3.217160e-06
9.660509e-01  2.870940e-06
1.011579e+00  2.577677e-06
1.071519e+00  2.271146e-06
1.135011e+00  2.016050e-06
1.202264e+00  1.802003e-06
1.288250e+00  1.586767e-06
1.412538e+00  1.349879e-06
1.819701e+00  8.720078e-07
2.065380e+00  7.052644e-07
2.317395e+00  5.860915e-07
2.630268e+00  4.820547e-07
3.019952e+00  3.926851e-07
3.507519e+00  3.166427e-07
4.120975e+00  2.532210e-07
4.841724e+00  2.040394e-07
5.754399e+00  1.631486e-07
6.918310e+00  1.295018e-07
8.413951e+00  1.020755e-07
1.059254e+01  7.776349e-08
1.400000e+01  5.655500e-08
1.840772e+01  4.171850e-08
2.511886e+01  2.977804e-08
3.507519e+01  2.088538e-08
5.370318e+01  1.338423e-08
9.225714e+01  7.677439e-09
1.840772e+02  3.807186e-09
3.672823e+02  1.898342e-09
1.462177e+03  4.748710e-10
1.000000e+05  6.937000e-12
-1  -1
8.852000e-05  0.000000e+00
8.852000e-05  1.704714e+05
9.070000e-05  1.742298e+05
9.332543e-05  1.773308e+05
9.660509e-05  1.796793e+05
1.011579e-04  1.814235e+05
1.083927e-04  1.825692e+05
1.202264e-04  1.827285e+05
1.303167e-04  1.816247e+05
1.380384e-04  1.798090e+05
1.462177e-04  1.769179e+05
1.548817e-04  1.728206e+05
1.640590e-04  1.675620e+05
1.737801e-04  1.613354e+05
1.862087e-04  1.529715e+05
2.018366e-04  1.426100e+05
2.238721e-04  1.292272e+05
2.454709e-04  1.176130e+05
2.691535e-04  1.062849e+05
2.951209e-04  9.528949e+04
3.273407e-04  8.359804e+04
3.715352e-04  7.069502e+04
4.168694e-04  6.030453e+04
4.700000e-04  5.069520e+04
5.500000e-04  4.002520e+04
6.309573e-04  3.233492e+04
7.500000e-04  2.449600e+04
8.810489e-04  1.878290e+04
1.071519e-03  1.349609e+04
1.333521e-03  9.246606e+03
1.659587e-03  6.283098e+03
2.041738e-03  4.322470e+03
2.483133e-03  3.012191e+03
3.000000e-03  2.107580e+03
3.589219e-03  1.490462e+03
4.315191e-03  1.035974e+03
5.188000e-03  7.144386e+02
6.237348e-03  4.888166e+02
7.413102e-03  3.399413e+02
8.810489e-03  2.345897e+02
1.035142e-02  1.647398e+02
1.216186e-02  1.148498e+02
1.428894e-02  7.948593e+01
1.678804e-02  5.461117e+01
1.972423e-02  3.724433e+01
2.317395e-02  2.520749e+01
2.722701e-02  1.693341e+01
3.198895e-02  1.129455e+01
3.758374e-02  7.478113e+00
4.466836e-02  4.770032e+00
5.248075e-02  3.113021e+00
6.309573e-02  1.896221e+00
7.673615e-02  1.111036e+00
9.225714e-02  6.664195e-01
1.202264e-01  3.166973e-01
2.317395e-01  4.954133e-02
2.786121e-01  2.962831e-02
3.273407e-01  1.903384e-02
3.758374e-01  1.312084e-02
4.265795e-01  9.399292e-03
4.786301e-01  6.990593e-03
5.308844e-01  5.390790e-03
5.888437e-01  4.185110e-03
6.531306e-01  3.272590e-03
7.244360e-01  2.577988e-03
8.035261e-01  2.046085e-03
8.810489e-01  1.676100e-03
9.660509e-01  1.382598e-03
1.096478e+00  1.072163e-03
1.216186e+00  8.757075e-04
1.348963e+00  7.201914e-04
1.513561e+00  5.840313e-04
1.698244e+00  4.773875e-04
1.949845e+00  3.778374e-04
2.187762e+00  3.128250e-04
2.454709e+00  2.609274e-04
2.786121e+00  2.153477e-04
3.273407e+00  1.701481e-04
3.801894e+00  1.377662e-04
4.466836e+00  1.105983e-04
5.248075e+00  8.943734e-05
6.309573e+00  7.072585e-05
7.673615e+00  5.555057e-05
9.660509e+00  4.218431e-05
1.174898e+01  3.361772e-05
1.513561e+01  2.523488e-05
2.018366e+01  1.837107e-05
2.818383e+01  1.282128e-05
4.265795e+01  8.282988e-06
6.606934e+01  5.263769e-06
1.244515e+02  2.756627e-06
2.483133e+02  1.370888e-06
9.885531e+02  3.423921e-07
6.237348e+04  5.414630e-09
1.000000e+05  3.378500e-09
-1  -1
5.884000e-05  0.000000e+00
5.884000e-05  1.049472e+06
5.940000e-05  1.050900e+06
6.000000e-05  1.044900e+06
6.070000e-05  1.030712e+06
6.165950e-05  1.002656e+06
6.260000e-05  9.690380e+05
6.382635e-05  9.203028e+05
6.500000e-05  8.717080e+05
6.650000e-05  8.091740e+05
6.850000e-05  7.286300e+05
7.079458e-05  6.434435e+05
7.400000e-05  5.397120e+05
8.222426e-05  3.506871e+05
8.511380e-05  3.058174e+05
8.834000e-05  2.656423e+05
9.120108e-05  2.371510e+05
9.400000e-05  2.145280e+05
9.660509e-05  1.972664e+05
9.900000e-05  1.840478e+05
1.020000e-04  1.704092e+05
1.050000e-04  1.593908e+05
1.080000e-04  1.504550e+05
1.110000e-04  1.431804e+05
1.148154e-04  1.358157e+05
1.180000e-04  1.309414e+05
1.220000e-04  1.260876e+05
1.260000e-04  1.223280e+05
1.303167e-04  1.191988e+05
1.364583e-04  1.159434e+05
1.430000e-04  1.135164e+05
1.531087e-04  1.109828e+05
1.850000e-04  1.056634e+05
2.018366e-04  1.026391e+05
2.187762e-04  9.927185e+04
2.371374e-04  9.535613e+04
2.570396e-04  9.089984e+04
2.786121e-04  8.597046e+04
3.019952e-04  8.067866e+04
3.273407e-04  7.518365e+04
3.600000e-04  6.865460e+04
3.935501e-04  6.258629e+04
4.265795e-04  5.720296e+04
4.700000e-04  5.093140e+04
5.188000e-04  4.492710e+04
5.754399e-04  3.910814e+04
6.309573e-04  3.433793e+04
7.000000e-04  2.945660e+04
7.852356e-04  2.468425e+04
8.810489e-04  2.051014e+04
1.000000e-03  1.659778e+04
1.135011e-03  1.331765e+04
1.288250e-03  1.060162e+04
1.450000e-03  8.505260e+03
1.630000e-03  6.794240e+03
1.819701e-03  5.464251e+03
2.041738e-03  4.322590e+03
2.290868e-03  3.394690e+03
2.576800e-03  2.632629e+03
2.884032e-03  2.049454e+03
3.235937e-03  1.575497e+03
3.630781e-03  1.202750e+03
4.073803e-03  9.119990e+02
4.623810e-03  6.675346e+02
5.248075e-03  4.848638e+02
5.956621e-03  3.495488e+02
6.760830e-03  2.501024e+02
7.673615e-03  1.776419e+02
8.709636e-03  1.252509e+02
9.885531e-03  8.767393e+01
1.135011e-02  5.895141e+01
1.303167e-02  3.933188e+01
1.500000e-02  2.585100e+01
1.737801e-02  1.653370e+01
2.018366e-02  1.041232e+01
2.344229e-02  6.508608e+00
2.818383e-02  3.619943e+00
3.273407e-02  2.231998e+00
3.890451e-02  1.267800e+00
4.731513e-02  6.626416e-01
6.025596e-02  2.948288e-01
1.202264e-01  2.866875e-02
1.500000e-01  1.367824e-02
1.798871e-01  7.502218e-03
2.089296e-01  4.605425e-03
2.398833e-01  2.955056e-03
2.722701e-01  1.980640e-03
3.090295e-01  1.337183e-03
3.467369e-01  9.421731e-04
3.890451e-01  6.687082e-04
4.315191e-01  4.944955e-04
4.786301e-01  3.681844e-04
5.308844e-01  2.761670e-04
5.888437e-01  2.087363e-04
6.531306e-01  1.590000e-04
7.161434e-01  1.256748e-04
7.852356e-01  9.998319e-05
8.709636e-01  7.764675e-05
9.332543e-01  6.605836e-05
9.885531e-01  5.808463e-05
1.059254e+00  5.016197e-05
1.135011e+00  4.359118e-05
1.216186e+00  3.814713e-05
1.348963e+00  3.151990e-05
1.548817e+00  2.465383e-05
1.778279e+00  1.940346e-05
2.044000e+00  1.535900e-05
2.290868e+00  1.277772e-05
2.600160e+00  1.050186e-05
2.985383e+00  8.549478e-06
3.467369e+00  6.889924e-06
4.027170e+00  5.594146e-06
4.731513e+00  4.502832e-06
5.623413e+00  3.596813e-06
6.760830e+00  2.852455e-06
8.222427e+00  2.246362e-06
1.035142e+01  1.709947e-06
1.364583e+01  1.246183e-06
1.800000e+01  9.153600e-07
2.454709e+01  6.534305e-07
3.427678e+01  4.580821e-07
5.308844e+01  2.899643e-07
9.120108e+01  1.662976e-07
1.819701e+02  8.245822e-08
3.630781e+02  4.111260e-08
1.445440e+03  1.028409e-08
1.000000e+05  1.485100e-10
-1  -1
5.478000e-05  0.000000e+00
5.478000e-05  2.273956e+06
5.530000e-05  2.259460e+06
5.590000e-05  2.229300e+06
5.650000e-05  2.188256e+06
5.740000e-05  2.113732e+06
5.850000e-05  2.011012e+06
5.960000e-05  1.902832e+06
6.095369e-05  1.769331e+06
6.237348e-05  1.633609e+06
6.456542e-05  1.439216e+06
6.760830e-05  1.205663e+06
7.413102e-05  8.402992e+05
7.673615e-05  7.372940e+05
7.943282e-05  6.507398e+05
8.150000e-05  5.959640e+05
8.400000e-05  5.408840e+05
8.650000e-05  4.959360e+05
8.900000e-05  4.592520e+05
9.150000e-05  4.292680e+05
9.400000e-05  4.047080e+05
9.660509e-05  3.837511e+05
9.950000e-05  3.648872e+05
1.023293e-04  3.500045e+05
1.059254e-04  3.350011e+05
1.100000e-04  3.219844e+05
1.135011e-04  3.133080e+05
1.174898e-04  3.055083e+05
1.230269e-04  2.973157e+05
1.303167e-04  2.895740e+05
1.412538e-04  2.814632e+05
1.659587e-04  2.673876e+05
1.819701e-04  2.578215e+05
1.972423e-04  2.480375e+05
2.150000e-04  2.362180e+05
2.344229e-04  2.232333e+05
2.540973e-04  2.102331e+05
2.754229e-04  1.965373e+05
3.000000e-04  1.815868e+05
3.294900e-04  1.651304e+05
3.630781e-04  1.485668e+05
4.000000e-04  1.326648e+05
4.365158e-04  1.189812e+05
4.850000e-04  1.035036e+05
5.370318e-04  8.983777e+04
5.956621e-04  7.727293e+04
6.700000e-04  6.454800e+04
7.585776e-04  5.293556e+04
8.511380e-04  4.370164e+04
9.772372e-04  3.441047e+04
1.110000e-03  2.737256e+04
1.258925e-03  2.166267e+04
1.412538e-03  1.737465e+04
1.584893e-03  1.384770e+04
1.778279e-03  1.096788e+04
2.000000e-03  8.581360e+03
2.238721e-03  6.735058e+03
2.511886e-03  5.222759e+03
2.818383e-03  4.021670e+03
3.162278e-03  3.074751e+03
3.548134e-03  2.334240e+03
4.000000e-03  1.739480e+03
4.518559e-03  1.280591e+03
5.128614e-03  9.243771e+02
5.821032e-03  6.620822e+02
6.606934e-03  4.706414e+02
7.498942e-03  3.320472e+02
8.511380e-03  2.325132e+02
9.660509e-03  1.616229e+02
1.096478e-02  1.115516e+02
1.244515e-02  7.646465e+01
1.428894e-02  5.026189e+01
1.640590e-02  3.278491e+01
1.883649e-02  2.122813e+01
2.187762e-02  1.315206e+01
2.511886e-02  8.393590e+00
2.917427e-02  5.122672e+00
3.427678e-02  2.987864e+00
4.073803e-02  1.664367e+00
4.954502e-02  8.503860e-01
6.237348e-02  3.827656e-01
8.317638e-02  1.399549e-01
1.216186e-01  3.691039e-02
1.513561e-01  1.724828e-02
1.778279e-01  9.904216e-03
2.065380e-01  5.960401e-03
2.344229e-01  3.905027e-03
2.630268e-01  2.676389e-03
2.951209e-01  1.847739e-03
3.273407e-01  1.333234e-03
3.630781e-01  9.690503e-04
4.000000e-01  7.243400e-04
4.415705e-01  5.423027e-04
4.841724e-01  4.172130e-04
5.248075e-01  3.337701e-04
5.754399e-01  2.605303e-04
6.309573e-01  2.049355e-04
6.918310e-01  1.624582e-04
7.585776e-01  1.297902e-04
8.511380e-01  9.895402e-05
9.120108e-01  8.460728e-05
9.772372e-01  7.280806e-05
1.071519e+00  6.019061e-05
1.174898e+00  5.011925e-05
1.288250e+00  4.208655e-05
1.428894e+00  3.482916e-05
1.640590e+00  2.728808e-05
1.883649e+00  2.154829e-05
2.137962e+00  1.747262e-05
2.398833e+00  1.455231e-05
2.722701e+00  1.199455e-05
3.198895e+00  9.465949e-06
3.715352e+00  7.655699e-06
4.365158e+00  6.139328e-06
5.128614e+00  4.959636e-06
6.095369e+00  3.975440e-06
7.413102e+00  3.118209e-06
9.120108e+00  2.430564e-06
1.109175e+01  1.932638e-06
1.445440e+01  1.430080e-06
1.905461e+01  1.052847e-06
2.630268e+01  7.429322e-07
3.801894e+01  5.029464e-07
5.754399e+01  3.266462e-07
1.000000e+02  1.853600e-07
1.995262e+02  9.199194e-08
3.981072e+02  4.588520e-08
1.584893e+03  1.148135e-08
1.000000e+05  1.818300e-10
-1  -1
1.024000e-05  0.000000e+00
1.024000e-05  3.721600e+06
1.060000e-05  3.817664e+06
1.109175e-05  3.981248e+06
1.161449e-05  4.182266e+06
1.244515e-05  4.540989e+06
1.364583e-05  5.112898e+06
2.041738e-05  8.764349e+06
2.264644e-05  1.001263e+07
2.454709e-05  1.103570e+07
2.610000e-05  1.180704e+07
2.730000e-05  1.233229e+07
2.851700e-05  1.278275e+07
2.951209e-05  1.307980e+07
3.054921e-05  1.331076e+07
3.162278e-05  1.345410e+07
3.273407e-05  1.349546e+07
3.350000e-05  1.345894e+07
3.450000e-05  1.333226e+07
3.548134e-05  1.312474e+07
3.650000e-05  1.282947e+07
3.758374e-05  1.243687e+07
3.850000e-05  1.205162e+07
3.950000e-05  1.158595e+07
4.030000e-05  1.118666e+07
4.150000e-05  1.055603e+07
4.265795e-05  9.925844e+06
4.400000e-05  9.187264e+06
4.518559e-05  8.541182e+06
4.650000e-05  7.844000e+06
4.800000e-05  7.084064e+06
4.954502e-05  6.349686e+06
5.128614e-05  5.586981e+06
5.300000e-05  4.905952e+06
5.450000e-05  4.366208e+06
5.623413e-05  3.805096e+06
5.800000e-05  3.298400e+06
5.956621e-05  2.899133e+06
6.150000e-05  2.465232e+06
6.309573e-05  2.151772e+06
6.500000e-05  1.824979e+06
6.683439e-05  1.553465e+06
6.850000e-05  1.339376e+06
7.000000e-05  1.170016e+06
7.161434e-05  1.009882e+06
7.350000e-05  8.486048e+05
7.500000e-05  7.378560e+05
7.673615e-05  6.267175e+05
7.852356e-05  5.290434e+05
8.080000e-05  4.257088e+05
8.317638e-05  3.389979e+05
8.650000e-05  2.469462e+05
9.070000e-05  1.677331e+05
9.300000e-05  1.375597e+05
9.450000e-05  1.218486e+05
9.580000e-05  1.104115e+05
9.720000e-05  1.000934e+05
9.850000e-05  9.215936e+04
9.950000e-05  8.702112e+04
1.005000e-04  8.264128e+04
1.015000e-04  7.895264e+04
1.025000e-04  7.589440e+04
1.035142e-04  7.337848e+04
1.045000e-04  7.144704e+04
1.055000e-04  6.995872e+04
1.065000e-04  6.890080e+04
1.075000e-04  6.823328e+04
1.085000e-04  6.791936e+04
1.096478e-04  6.795149e+04
1.110000e-04  6.846656e+04
1.124000e-04  6.947520e+04
1.135011e-04  7.056439e+04
1.150000e-04  7.240896e+04
1.170000e-04  7.541568e+04
1.198000e-04  8.043648e+04
1.303167e-04  1.034097e+05
1.348963e-04  1.138408e+05
1.390000e-04  1.228509e+05
1.430000e-04  1.311229e+05
1.465000e-04  1.378781e+05
1.500000e-04  1.441581e+05
1.548817e-04  1.520698e+05
1.600000e-04  1.592474e+05
1.650000e-04  1.652138e+05
1.705000e-04  1.707075e+05
1.760000e-04  1.751203e+05
1.820000e-04  1.787904e+05
1.883649e-04  1.816166e+05
1.950000e-04  1.835251e+05
2.018366e-04  1.844604e+05
2.113489e-04  1.844401e+05
2.190000e-04  1.834576e+05
2.300000e-04  1.807862e+05
2.400000e-04  1.774387e+05
2.511886e-04  1.727854e+05
2.650000e-04  1.662874e+05
2.800000e-04  1.585501e+05
2.951209e-04  1.505367e+05
3.126079e-04  1.412601e+05
3.311311e-04  1.317396e+05
3.507519e-04  1.221155e+05
3.715352e-04  1.125443e+05
3.981072e-04  1.013167e+05
4.265795e-04  9.055600e+04
4.570882e-04  8.039202e+04
4.954502e-04  6.941646e+04
5.370318e-04  5.949540e+04
5.821032e-04  5.062002e+04
6.309573e-04  4.276661e+04
6.839116e-04  3.589607e+04
7.498942e-04  2.917231e+04
8.222426e-04  2.353815e+04
9.120108e-04  1.834443e+04
1.011579e-03  1.418847e+04
1.122018e-03  1.089963e+04
1.244515e-03  8.311476e+03
1.355400e-03  6.608905e+03
1.500000e-03  4.945421e+03
1.883649e-03  2.555183e+03
2.000000e-03  2.154702e+03
2.162719e-03  1.762426e+03
2.290868e-03  1.510755e+03
2.398833e-03  1.327314e+03
2.511886e-03  1.158669e+03
2.600160e-03  1.040187e+03
2.691535e-03  9.273426e+02
2.722701e-03  8.903102e+02
2.818383e-03  7.810293e+02
2.951209e-03  6.502986e+02
3.025000e-03  5.881905e+02
3.162278e-03  5.009945e+02
3.311311e-03  4.269416e+02
3.507519e-03  3.521718e+02
3.801894e-03  2.714642e+02
4.000000e-03  2.310202e+02
4.466836e-03  1.577315e+02
5.011872e-03  1.051957e+02
5.623413e-03  6.967312e+01
6.382635e-03  4.394986e+01
7.244360e-03  2.751038e+01
8.222426e-03  1.708679e+01
9.332543e-03  1.053212e+01
1.071519e-02  6.163845e+00
1.230269e-02  3.579853e+00
1.412538e-02  2.063969e+00
1.621810e-02  1.181457e+00
1.883649e-02  6.408257e-01
2.238721e-02  3.138317e-01
2.691535e-02  1.453719e-01
3.349654e-02  5.780745e-02
4.518559e-02  1.621420e-02
7.244360e-02  2.172650e-03
9.015711e-02  8.613617e-04
1.096478e-01  3.791598e-04
1.288250e-01  1.942903e-04
1.496236e-01  1.052107e-04
1.717908e-01  6.016583e-05
1.949845e-01  3.631745e-05
2.187762e-01  2.312050e-05
2.454709e-01  1.482883e-05
2.722701e-01  1.000943e-05
3.019952e-01  6.801665e-06
3.349654e-01  4.654009e-06
3.715352e-01  3.208580e-06
4.120975e-01  2.229620e-06
4.518559e-01  1.624618e-06
4.954502e-01  1.192461e-06
5.432503e-01  8.825161e-07
5.956621e-01  6.581072e-07
6.531306e-01  4.938877e-07
7.161434e-01  3.734055e-07
7.762471e-01  2.943116e-07
8.511380e-01  2.245484e-07
9.015711e-01  1.907451e-07
9.440609e-01  1.685014e-07
9.885531e-01  1.499144e-07
1.035142e+00  1.344632e-07
1.083927e+00  1.214420e-07
1.135011e+00  1.103597e-07
1.202264e+00  9.868246e-08
1.288250e+00  8.705021e-08
1.412538e+00  7.424694e-08
1.531087e+00  6.477818e-08
1.840772e+00  4.711435e-08
2.065380e+00  3.885241e-08
2.317395e+00  3.228781e-08
2.630268e+00  2.655586e-08
3.019952e+00  2.163174e-08
3.507519e+00  1.744268e-08
4.120975e+00  1.394901e-08
4.841724e+00  1.123987e-08
5.754399e+00  8.987489e-09
6.918310e+00  7.133960e-09
8.413951e+00  5.623220e-09
1.059254e+01  4.283834e-09
1.400000e+01  3.115500e-09
1.840772e+01  2.298228e-09
2.511886e+01  1.640416e-09
3.548134e+01  1.136593e-09
5.495409e+01  7.199590e-10
9.440609e+01  4.131150e-10
1.883649e+02  2.049130e-10
3.758374e+02  1.021810e-10
1.496236e+03  2.556330e-11
1.000000e+05  3.821500e-13
-1  -1
9.810000e-06  0.000000e+00
9.810000e-06  5.767920e+06
1.011579e-05  5.918399e+06
1.070000e-05  6.264384e+06
1.135011e-05  6.699280e+06
1.244515e-05  7.502394e+06
1.717908e-05  1.129611e+07
2.041738e-05  1.398272e+07
2.264644e-05  1.580704e+07
2.426610e-05  1.705748e+07
2.580000e-05  1.813320e+07
2.691535e-05  1.882120e+07
2.818383e-05  1.947319e+07
2.917427e-05  1.986555e+07
3.019952e-05  2.015199e+07
3.126079e-05  2.030594e+07
3.235937e-05  2.030834e+07
3.330000e-05  2.018381e+07
3.427678e-05  1.993346e+07
3.507519e-05  1.964085e+07
3.610000e-05  1.915771e+07
3.715352e-05  1.854972e+07
3.801894e-05  1.797974e+07
3.900000e-05  1.727280e+07
4.000000e-05  1.650206e+07
4.120975e-05  1.552424e+07
4.229500e-05  1.462359e+07
4.350000e-05  1.361750e+07
4.466836e-05  1.265333e+07
4.610000e-05  1.150786e+07
4.731513e-05  1.057951e+07
4.850000e-05  9.720000e+06
5.011872e-05  8.624389e+06
5.150000e-05  7.763520e+06
5.308844e-05  6.858244e+06
5.450000e-05  6.128400e+06
5.623413e-05  5.323136e+06
5.800000e-05  4.598957e+06
5.956621e-05  4.030267e+06
6.095369e-05  3.579197e+06
6.237348e-05  3.164686e+06
6.400000e-05  2.743282e+06
6.580000e-05  2.336794e+06
6.760830e-05  1.984423e+06
6.950000e-05  1.668312e+06
7.150000e-05  1.384891e+06
7.350000e-05  1.146653e+06
7.500000e-05  9.937968e+05
7.673615e-05  8.409862e+05
7.900000e-05  6.752544e+05
8.128305e-05  5.404793e+05
8.413951e-05  4.091989e+05
8.950000e-05  2.467973e+05
9.150000e-05  2.070624e+05
9.300000e-05  1.829347e+05
9.450000e-05  1.629902e+05
9.580000e-05  1.486766e+05
9.680000e-05  1.393387e+05
9.800000e-05  1.298582e+05
9.900000e-05  1.232597e+05
1.000000e-04  1.177320e+05
1.010000e-04  1.131792e+05
1.020000e-04  1.095130e+05
1.030000e-04  1.066517e+05
1.040000e-04  1.045205e+05
1.050000e-04  1.030512e+05
1.060000e-04  1.021800e+05
1.071519e-04  1.018428e+05
1.085000e-04  1.022506e+05
1.100000e-04  1.035869e+05
1.115000e-04  1.057176e+05
1.128000e-04  1.081123e+05
1.150000e-04  1.131221e+05
1.174898e-04  1.199334e+05
1.280000e-04  1.552171e+05
1.318257e-04  1.686907e+05
1.350000e-04  1.796102e+05
1.390000e-04  1.927478e+05
1.430000e-04  2.049922e+05
1.465000e-04  2.149099e+05
1.500000e-04  2.240573e+05
1.548817e-04  2.354458e+05
1.600000e-04  2.456501e+05
1.659587e-04  2.555116e+05
1.720000e-04  2.634710e+05
1.780000e-04  2.694350e+05
1.850000e-04  2.743877e+05
1.927525e-04  2.777108e+05
2.000000e-04  2.789462e+05
2.089296e-04  2.786613e+05
2.162719e-04  2.770370e+05
2.264644e-04  2.731634e+05
2.371374e-04  2.675903e+05
2.500000e-04  2.592062e+05
2.600160e-04  2.519076e+05
2.760000e-04  2.392762e+05
2.917427e-04  2.263806e+05
3.090295e-04  2.123342e+05
3.294900e-04  1.962540e+05
3.507519e-04  1.804369e+05
3.758374e-04  1.631674e+05
4.027170e-04  1.464319e+05
4.315191e-04  1.305040e+05
4.623810e-04  1.155390e+05
5.011872e-04  9.946058e+04
5.432503e-04  8.498584e+04
5.888437e-04  7.209327e+04
6.382635e-04  6.074286e+04
7.000000e-04  4.953216e+04
7.673615e-04  4.012573e+04
8.413951e-04  3.226243e+04
9.332543e-04  2.505121e+04
1.023293e-03  1.987752e+04
1.135011e-03  1.520520e+04
1.258925e-03  1.153921e+04
1.396368e-03  8.689267e+03
1.548817e-03  6.493760e+03
1.717908e-03  4.817107e+03
1.905461e-03  3.547054e+03
2.113489e-03  2.592677e+03
2.344229e-03  1.881428e+03
2.600160e-03  1.355808e+03
2.884032e-03  9.704300e+02
3.198895e-03  6.900044e+02
3.589219e-03  4.688514e+02
4.027170e-03  3.161891e+02
4.518559e-03  2.117017e+02
5.069907e-03  1.404239e+02
5.754399e-03  8.869000e+01
6.606934e-03  5.331099e+01
7.498942e-03  3.318134e+01
8.413951e-03  2.141448e+01
9.549926e-03  1.313038e+01
1.083927e-02  7.994329e+00
1.244515e-02  4.617273e+00
1.428894e-02  2.646561e+00
1.640590e-02  1.505596e+00
1.905461e-02  8.109433e-01
2.238721e-02  4.132905e-01
2.660725e-02  1.991773e-01
3.273407e-02  8.225278e-02
4.168694e-02  2.906802e-02
7.585776e-02  2.184903e-03
9.440609e-02  8.538016e-04
1.122019e-01  4.095253e-04
1.303167e-01  2.182404e-04
1.479108e-01  1.289950e-04
1.678804e-01  7.678287e-05
1.883649e-01  4.827631e-05
2.089296e-01  3.202642e-05
2.317395e-01  2.140961e-05
2.540973e-01  1.506885e-05
2.786121e-01  1.067760e-05
3.054921e-01  7.619821e-06
3.349654e-01  5.479926e-06
3.630781e-01  4.134579e-06
3.935501e-01  3.141138e-06
4.265795e-01  2.403149e-06
4.623810e-01  1.851582e-06
5.011872e-01  1.437002e-06
5.432503e-01  1.123731e-06
5.888437e-01  8.852801e-07
6.382635e-01  7.026430e-07
6.918310e-01  5.618654e-07
7.498942e-01  4.526680e-07
8.413951e-01  3.359068e-07
8.912509e-01  2.909012e-07
9.440609e-01  2.534785e-07
1.000000e+00  2.224600e-07
1.071519e+00  1.919270e-07
1.148154e+00  1.668189e-07
1.216186e+00  1.493761e-07
1.348963e+00  1.235916e-07
1.603245e+00  9.114033e-08
1.840772e+00  7.185717e-08
2.089296e+00  5.818132e-08
2.344229e+00  4.838784e-08
2.660725e+00  3.982624e-08
3.090295e+00  3.191886e-08
3.589219e+00  2.576894e-08
4.216965e+00  2.063091e-08
4.954502e+00  1.664112e-08
5.888437e+00  1.331890e-08
7.161434e+00  1.043308e-08
8.709636e+00  8.234319e-09
1.071519e+01  6.450438e-09
1.412538e+01  4.706790e-09
1.862087e+01  3.463014e-09
2.540973e+01  2.472588e-09
3.589219e+01  1.713665e-09
5.495409e+01  1.098647e-09
9.549926e+01  6.230520e-10
1.905461e+02  3.090780e-10
3.801894e+02  1.541320e-10
1.513561e+03  3.856190e-11
1.000000e+05  5.831500e-13
-1  -1
6.560000e-06  0.000000e+00
6.560000e-06  1.564650e+06
6.683439e-06  1.427083e+06
7.000000e-06  1.122060e+06
7.328245e-06  8.779325e+05
7.600000e-06  7.188720e+05
7.943282e-06  5.601033e+05
8.222426e-06  4.581629e+05
8.511380e-06  3.725618e+05
8.810489e-06  3.010694e+05
9.120108e-06  2.416044e+05
9.440609e-06  1.923411e+05
9.700000e-06  1.598270e+05
9.930000e-06  1.355220e+05
1.020000e-05  1.115200e+05
1.047129e-05  9.152715e+04
1.071519e-05  7.649191e+04
1.096478e-05  6.352950e+04
1.122018e-05  5.240637e+04
1.148154e-05  4.291470e+04
1.172000e-05  3.566690e+04
1.190000e-05  3.096520e+04
1.216186e-05  2.514509e+04
1.244515e-05  2.001410e+04
1.273503e-05  1.581172e+04
1.350000e-05  8.571620e+03
1.372000e-05  7.275510e+03
1.390000e-05  6.416790e+03
1.405000e-05  5.824310e+03
1.415000e-05  5.485930e+03
1.428894e-05  5.084869e+03
1.440000e-05  4.817810e+03
1.450000e-05  4.615000e+03
1.462177e-05  4.412812e+03
1.470000e-05  4.307180e+03
1.480000e-05  4.198000e+03
1.490000e-05  4.116070e+03
1.500000e-05  4.059580e+03
1.511000e-05  4.024830e+03
1.522000e-05  4.016740e+03
1.535000e-05  4.038840e+03
1.548817e-05  4.096757e+03
1.560000e-05  4.167340e+03
1.575000e-05  4.292260e+03
1.590000e-05  4.448470e+03
1.610000e-05  4.699700e+03
1.630000e-05  4.993510e+03
1.660000e-05  5.500420e+03
1.737801e-05  7.073396e+03
1.778279e-05  7.981794e+03
1.819701e-05  8.942212e+03
1.860000e-05  9.888700e+03
1.900000e-05  1.082580e+04
1.935000e-05  1.163710e+04
1.980000e-05  1.265900e+04
2.020000e-05  1.354130e+04
2.070000e-05  1.460310e+04
2.113489e-05  1.548587e+04
2.170000e-05  1.657270e+04
2.230000e-05  1.765030e+04
2.300000e-05  1.880840e+04
2.371374e-05  1.988248e+04
2.454709e-05  2.100708e+04
2.540973e-05  2.203435e+04
2.630268e-05  2.296339e+04
2.730000e-05  2.385600e+04
2.851018e-05  2.475834e+04
2.985383e-05  2.556006e+04
3.126079e-05  2.620771e+04
3.300000e-05  2.678340e+04
3.500000e-05  2.720290e+04
3.730000e-05  2.744490e+04
4.000000e-05  2.748830e+04
4.315191e-05  2.730861e+04
4.650000e-05  2.692790e+04
5.011872e-05  2.636806e+04
5.432503e-05  2.560418e+04
5.888437e-05  2.469110e+04
6.382635e-05  2.364429e+04
6.918310e-05  2.248126e+04
7.500000e-05  2.122350e+04
8.128305e-05  1.989612e+04
8.810489e-05  1.850942e+04
9.549926e-05  1.710202e+04
1.040000e-04  1.561550e+04
1.150000e-04  1.390700e+04
1.273503e-04  1.227052e+04
1.450000e-04  1.037400e+04
1.678804e-04  8.514043e+03
2.065380e-04  6.382137e+03
2.917427e-04  3.936425e+03
3.427678e-04  3.122001e+03
3.935501e-04  2.541036e+03
4.466836e-04  2.083640e+03
5.688529e-04  1.411299e+03
6.760830e-04  1.060259e+03
8.317638e-04  7.456730e+02
1.023293e-03  5.208065e+02
1.273503e-03  3.536988e+02
1.513561e-03  2.591283e+02
1.798871e-03  1.883923e+02
2.000000e-03  1.557583e+02
2.511886e-03  1.061330e+02
2.754229e-03  8.970606e+01
3.054921e-03  7.369264e+01
3.427678e-03  5.876683e+01
3.890451e-03  4.546802e+01
4.570882e-03  3.253565e+01
5.069907e-03  2.618749e+01
6.165950e-03  1.749295e+01
7.328245e-03  1.216763e+01
8.609938e-03  8.611060e+00
1.023293e-02  5.899088e+00
1.202264e-02  4.113955e+00
1.412538e-02  2.848384e+00
1.659587e-02  1.957493e+00
1.949845e-02  1.335286e+00
2.290868e-02  9.042171e-01
2.691535e-02  6.078961e-01
3.162278e-02  4.056639e-01
3.715352e-02  2.686676e-01
4.415704e-02  1.714286e-01
5.248075e-02  1.085348e-01
6.309573e-02  6.611274e-02
7.673615e-02  3.874044e-02
9.120108e-02  2.399765e-02
1.174898e-01  1.178566e-02
2.317395e-01  1.728107e-03
2.786121e-01  1.033624e-03
3.273407e-01  6.641202e-04
3.758374e-01  4.578915e-04
4.265795e-01  3.281003e-04
4.786301e-01  2.440966e-04
5.308844e-01  1.882994e-04
5.888437e-01  1.462483e-04
6.531306e-01  1.144253e-04
7.244360e-01  9.020604e-05
8.035261e-01  7.166560e-05
8.810489e-01  5.879314e-05
9.660509e-01  4.855569e-05
1.135011e+00  3.517682e-05
1.230269e+00  3.011142e-05
1.412538e+00  2.326211e-05
1.548817e+00  1.969373e-05
1.737801e+00  1.611936e-05
2.000000e+00  1.272500e-05
2.238721e+00  1.059212e-05
2.511886e+00  8.847224e-06
2.851018e+00  7.311186e-06
3.349654e+00  5.783455e-06
3.890451e+00  4.688025e-06
4.570882e+00  3.767533e-06
5.432503e+00  3.004761e-06
6.531306e+00  2.379540e-06
8.000000e+00  1.855500e-06
1.023293e+01  1.385076e-06
1.318257e+01  1.035592e-06
1.717908e+01  7.701662e-07
2.317395e+01  5.555908e-07
3.235937e+01  3.890238e-07
5.069907e+01  2.430625e-07
8.609938e+01  1.409510e-07
1.717908e+02  6.984711e-08
3.427678e+02  3.481379e-08
1.364583e+03  8.706945e-09
1.000000e+05  1.186800e-10
-1  -1
-2  0.0
-2  -2
