8.943200e-03  0.000000e+00
8.943200e-03  2.560794e+04
9.050000e-03  2.532860e+04
9.150000e-03  2.464860e+04
9.225714e-03  2.419832e+04
1.071519e-02  1.659531e+04
1.400000e-02  8.216480e+03
1.778279e-02  4.295918e+03
2.213095e-02  2.339718e+03
2.722701e-02  1.300900e+03
3.349654e-02  7.162195e+02
4.120975e-02  3.908643e+02
5.128614e-02  2.045224e+02
6.531306e-02  9.911070e+01
8.609938e-02  4.293082e+01
1.698244e-01  5.410341e+00
2.162719e-01  2.610176e+00
2.540973e-01  1.615860e+00
2.917427e-01  1.078446e+00
3.311311e-01  7.492858e-01
3.715352e-01  5.416716e-01
4.120975e-01  4.070490e-01
4.570882e-01  3.079497e-01
5.069907e-01  2.346453e-01
5.623413e-01  1.801654e-01
6.165950e-01  1.434364e-01
6.760830e-01  1.149906e-01
7.328245e-01  9.538612e-02
8.035261e-01  7.761310e-02
9.015711e-01  6.048336e-02
9.772372e-01  5.106154e-02
1.122018e+00  3.869243e-02
1.216186e+00  3.310879e-02
1.364583e+00  2.673204e-02
1.531087e+00  2.173994e-02
1.717908e+00  1.782507e-02
1.927525e+00  1.472357e-02
2.162719e+00  1.224663e-02
2.454709e+00  1.007586e-02
2.786121e+00  8.349315e-03
3.235937e+00  6.740438e-03
3.758374e+00  5.483991e-03
4.415704e+00  4.424964e-03
5.248075e+00  3.543871e-03
6.382635e+00  2.778721e-03
7.673615e+00  2.225614e-03
9.440609e+00  1.745569e-03
1.216186e+01  1.307833e-03
1.531087e+01  1.012807e-03
2.041738e+01  7.403632e-04
2.884032e+01  5.124971e-04
4.518559e+01  3.205682e-04
7.762471e+01  1.838516e-04
1.531087e+02  9.223626e-05
3.054921e+02  4.598620e-05
1.216186e+03  1.150503e-05
1.000000e+05  1.396800e-07
-1  -1
1.086100e-03  0.000000e+00
1.086100e-03  1.153700e+05
1.183000e-03  1.056450e+05
1.205000e-03  1.031352e+05
1.428894e-03  7.969790e+04
1.513561e-03  7.284180e+04
1.840772e-03  5.259706e+04
2.018366e-03  4.474235e+04
2.344229e-03  3.411924e+04
2.600160e-03  2.806993e+04
3.000000e-03  2.126780e+04
3.388442e-03  1.665747e+04
3.845918e-03  1.283705e+04
4.415704e-03  9.581375e+03
5.011872e-03  7.278379e+03
5.754399e-03  5.353733e+03
6.683439e-03  3.806345e+03
7.762471e-03  2.683688e+03
9.015711e-03  1.877027e+03
1.047129e-02  1.302685e+03
1.216186e-02  8.973921e+02
1.428894e-02  5.958503e+02
1.659587e-02  4.043912e+02
1.927525e-02  2.726043e+02
2.264644e-02  1.769607e+02
2.660725e-02  1.140447e+02
3.130000e-02  7.273340e+01
3.715352e-02  4.492833e+01
4.466836e-02  2.656693e+01
5.432503e-02  1.508210e+01
6.683439e-02  8.216123e+00
8.413951e-02  4.150206e+00
1.122019e-01  1.751993e+00
1.840772e-01  3.952060e-01
2.238721e-01  2.206177e-01
2.630268e-01  1.374310e-01
3.054921e-01  8.915295e-02
3.467369e-01  6.223745e-02
3.890451e-01  4.519629e-02
4.315191e-01  3.410885e-02
4.786301e-01  2.591324e-02
5.308844e-01  1.982801e-02
5.888437e-01  1.528803e-02
6.456542e-01  1.221762e-02
7.085700e-01  9.812653e-03
7.762471e-01  7.981160e-03
8.609938e-01  6.360952e-03
9.549926e-01  5.101661e-03
1.035142e+00  4.328824e-03
1.161449e+00  3.444443e-03
1.273503e+00  2.892859e-03
1.428894e+00  2.342126e-03
1.584893e+00  1.949538e-03
1.778279e+00  1.602068e-03
2.000000e+00  1.321198e-03
2.264644e+00  1.085923e-03
2.570396e+00  8.958105e-04
2.951209e+00  7.318002e-04
3.427678e+00  5.925873e-04
4.000000e+00  4.804100e-04
4.731513e+00  3.853258e-04
5.623413e+00  3.095376e-04
6.839116e+00  2.433485e-04
8.609938e+00  1.850688e-04
1.100000e+01  1.395600e-04
1.412538e+01  1.054180e-04
1.949845e+01  7.411530e-05
2.722701e+01  5.188105e-05
4.216965e+01  3.280558e-05
6.918310e+01  1.970170e-05
1.318257e+02  1.022161e-05
2.630268e+02  5.092328e-06
1.047129e+03  1.273015e-06
1.000000e+05  1.330600e-08
-1  -1
9.585300e-04  0.000000e+00
9.585300e-04  1.588600e+05
9.587000e-04  1.621000e+05
9.590500e-04  1.703800e+05
9.593500e-04  1.769900e+05
9.596500e-04  1.832000e+05
9.601000e-04  1.919000e+05
9.607000e-04  2.023400e+05
9.612000e-04  2.103100e+05
9.618000e-04  2.189900e+05
9.625000e-04  2.282400e+05
9.633000e-04  2.378100e+05
9.640000e-04  2.454000e+05
9.651000e-04  2.560900e+05
9.663000e-04  2.664000e+05
9.675000e-04  2.755800e+05
9.690000e-04  2.857100e+05
9.705000e-04  2.945200e+05
9.720000e-04  3.022000e+05
9.742000e-04  3.116700e+05
9.760000e-04  3.180000e+05
9.785000e-04  3.249900e+05
9.815000e-04  3.309700e+05
9.840000e-04  3.342100e+05
9.864999e-04  3.361300e+05
9.900000e-04  3.369900e+05
9.950000e-04  3.354600e+05
1.000000e-03  3.317800e+05
1.130000e-03  2.367100e+05
1.174898e-03  2.144400e+05
1.273503e-03  1.756600e+05
1.412538e-03  1.350900e+05
1.566751e-03  1.031600e+05
1.698244e-03  8.318800e+04
1.995262e-03  5.357700e+04
2.238721e-03  3.877400e+04
2.570396e-03  2.612900e+04
2.985383e-03  1.687000e+04
3.349654e-03  1.198100e+04
3.890451e-03  7.618900e+03
4.518559e-03  4.803600e+03
5.128614e-03  3.231300e+03
5.956621e-03  2.007900e+03
7.000000e-03  1.192000e+03
8.222426e-03  7.028200e+02
9.660509e-03  4.109200e+02
1.135011e-02  2.384600e+02
1.333521e-02  1.374000e+02
1.566751e-02  7.863400e+01
1.862087e-02  4.293800e+01
2.238721e-02  2.235400e+01
2.754229e-02  1.064000e+01
3.467369e-02  4.626000e+00
4.623810e-02  1.618600e+00
8.511380e-02  1.729500e-01
1.083927e-01  7.178485e-02
1.303167e-01  3.697997e-02
1.548817e-01  2.000663e-02
1.798871e-01  1.183070e-02
2.065380e-01  7.339836e-03
2.344229e-01  4.773585e-03
2.630268e-01  3.250638e-03
2.951209e-01  2.229783e-03
3.273407e-01  1.599263e-03
3.630781e-01  1.155471e-03
4.027170e-01  8.407789e-04
4.466836e-01  6.162444e-04
4.954502e-01  4.549564e-04
5.432503e-01  3.497148e-04
6.000000e-01  2.652485e-04
6.606935e-01  2.044268e-04
7.244360e-01  1.605464e-04
7.943282e-01  1.270270e-04
8.609938e-01  1.037682e-04
9.225714e-01  8.787379e-05
9.772372e-01  7.702202e-05
1.035142e+00  6.799017e-05
1.109175e+00  5.893823e-05
1.188600e+00  5.146579e-05
1.303167e+00  4.343872e-05
1.462177e+00  3.541144e-05
1.698244e+00  2.733522e-05
1.905461e+00  2.255005e-05
2.137962e+00  1.874212e-05
2.426610e+00  1.540970e-05
2.754229e+00  1.276084e-05
3.162278e+00  1.046348e-05
3.672823e+00  8.503275e-06
4.315191e+00  6.853942e-06
5.128614e+00  5.483361e-06
6.237348e+00  4.295526e-06
7.498942e+00  3.437609e-06
9.332543e+00  2.658344e-06
1.202264e+01  1.991066e-06
1.513561e+01  1.541476e-06
2.018366e+01  1.126545e-06
2.818383e+01  7.891382e-07
4.415704e+01  4.933942e-07
7.498942e+01  2.862278e-07
1.412538e+02  1.503792e-07
2.818383e+02  7.494344e-08
1.122018e+03  1.874218e-08
1.000000e+05  2.099200e-10
-1  -1
9.374900e-04  0.000000e+00
9.374900e-04  3.399840e+05
9.376200e-04  3.445788e+05
9.380000e-04  3.632548e+05
9.385000e-04  3.855320e+05
9.390000e-04  4.055560e+05
9.395000e-04  4.237000e+05
9.402000e-04  4.465640e+05
9.408000e-04  4.641560e+05
9.414000e-04  4.801520e+05
9.421000e-04  4.971880e+05
9.429000e-04  5.148760e+05
9.440609e-04  5.376858e+05
9.451000e-04  5.557200e+05
9.462000e-04  5.728200e+05
9.478000e-04  5.946400e+05
9.496000e-04  6.156160e+05
9.515000e-04  6.342920e+05
9.535000e-04  6.506280e+05
9.558000e-04  6.657360e+05
9.580000e-04  6.769200e+05
9.600000e-04  6.846440e+05
9.630000e-04  6.924120e+05
9.665000e-04  6.966360e+05
9.708400e-04  6.962746e+05
9.760000e-04  6.902560e+05
9.820000e-04  6.787920e+05
1.008000e-03  6.216320e+05
1.023293e-03  5.953369e+05
1.071519e-03  5.295827e+05
1.135011e-03  4.550750e+05
1.258925e-03  3.510637e+05
1.400000e-03  2.673864e+05
1.566751e-03  1.988619e+05
1.737801e-03  1.500989e+05
1.972423e-03  1.058833e+05
2.213400e-03  7.640003e+04
2.540973e-03  5.134665e+04
2.951209e-03  3.303783e+04
3.349654e-03  2.260056e+04
3.845918e-03  1.482893e+04
4.415704e-03  9.659119e+03
5.069907e-03  6.247536e+03
5.888437e-03  3.866731e+03
6.839116e-03  2.374906e+03
7.943282e-03  1.447993e+03
9.225714e-03  8.766915e+02
1.071519e-02  5.272129e+02
1.244515e-02  3.149802e+02
1.462177e-02  1.795873e+02
1.730000e-02  9.915840e+01
2.065380e-02  5.263356e+01
2.483133e-02  2.702785e+01
3.054921e-02  1.266685e+01
3.801894e-02  5.644332e+00
4.841724e-02  2.291937e+00
9.660509e-02  1.719393e-01
1.188502e-01  7.950944e-02
1.412538e-01  4.211468e-02
1.659587e-01  2.344587e-02
1.883649e-01  1.489736e-02
2.137962e-01  9.535798e-03
2.398833e-01  6.403306e-03
2.683120e-01  4.379707e-03
2.985383e-01  3.073039e-03
3.273407e-01  2.278152e-03
3.589219e-01  1.700229e-03
3.935501e-01  1.278199e-03
4.265795e-01  1.002433e-03
4.623810e-01  7.911254e-04
5.011872e-01  6.284149e-04
5.432503e-01  5.027122e-04
5.888437e-01  4.048314e-04
6.382635e-01  3.281534e-04
6.918310e-01  2.677526e-04
7.498942e-01  2.198648e-04
8.128305e-01  1.816669e-04
9.015711e-01  1.431757e-04
9.660509e-01  1.229935e-04
1.035142e+00  1.064569e-04
1.135011e+00  8.844755e-05
1.230269e+00  7.574284e-05
1.364583e+00  6.257894e-05
1.548817e+00  5.000625e-05
1.737801e+00  4.103699e-05
1.949845e+00  3.391229e-05
2.187762e+00  2.822563e-05
2.483133e+00  2.323810e-05
2.851018e+00  1.894839e-05
3.311311e+00  1.531617e-05
3.845918e+00  1.247532e-05
4.518559e+00  1.007647e-05
5.370318e+00  8.078327e-06
6.531306e+00  6.339840e-06
7.943282e+00  5.013478e-06
9.660509e+00  3.989054e-06
1.230269e+01  3.029516e-06
1.566751e+01  2.317415e-06
2.065380e+01  1.716005e-06
2.884032e+01  1.202691e-06
4.518559e+01  7.522641e-07
7.762471e+01  4.314460e-07
1.500000e+02  2.209800e-07
2.985383e+02  1.104412e-07
1.188502e+03  2.762781e-08
1.000000e+05  3.277800e-10
-1  -1
1.212600e-04  0.000000e+00
1.212600e-04  2.417500e+05
1.225000e-04  2.464860e+05
1.244515e-04  2.520926e+05
1.260000e-04  2.552020e+05
1.280000e-04  2.580200e+05
1.310000e-04  2.602780e+05
1.348963e-04  2.611000e+05
1.400000e-04  2.601880e+05
1.479108e-04  2.568408e+05
1.650000e-04  2.478700e+05
1.800000e-04  2.395160e+05
1.927525e-04  2.317681e+05
2.041738e-04  2.241881e+05
2.162719e-04  2.155677e+05
2.300000e-04  2.053560e+05
2.454709e-04  1.937685e+05
2.660725e-04  1.789534e+05
2.951209e-04  1.602116e+05
3.273407e-04  1.424390e+05
3.630781e-04  1.257090e+05
4.000000e-04  1.109854e+05
4.466836e-04  9.550355e+04
5.128614e-04  7.846311e+04
5.754399e-04  6.615463e+04
6.500000e-04  5.479860e+04
7.500000e-04  4.356620e+04
8.511380e-04  3.533513e+04
9.772372e-04  2.789433e+04
1.122018e-03  2.187534e+04
1.303167e-03  1.667717e+04
1.513561e-03  1.262202e+04
1.778279e-03  9.273365e+03
2.065380e-03  6.916130e+03
2.426610e-03  5.006380e+03
2.851018e-03  3.596830e+03
3.349654e-03  2.565511e+03
3.935501e-03  1.816352e+03
4.623810e-03  1.276106e+03
5.432503e-03  8.895028e+02
6.309573e-03  6.316183e+02
7.328245e-03  4.453427e+02
8.511380e-03  3.117513e+02
9.885531e-03  2.166825e+02
1.161449e-02  1.453250e+02
1.364583e-02  9.670685e+01
1.603245e-02  6.386267e+01
1.883649e-02  4.185831e+01
2.213095e-02  2.723346e+01
2.630268e-02  1.704702e+01
3.126079e-02  1.058756e+01
3.715352e-02  6.526565e+00
4.466836e-02  3.866039e+00
5.308844e-02  2.349899e+00
6.531306e-02  1.282224e+00
8.317638e-02  6.271812e-01
1.059254e-01  3.046238e-01
1.737801e-01  6.882550e-02
2.264644e-01  3.129215e-02
2.660725e-01  1.949843e-02
3.090295e-01  1.266094e-02
3.507519e-01  8.846517e-03
3.935501e-01  6.429633e-03
4.415705e-01  4.708314e-03
4.897788e-01  3.582437e-03
5.432503e-01  2.746353e-03
6.000000e-01  2.144398e-03
6.606935e-01  1.699677e-03
7.244360e-01  1.370537e-03
8.000000e-01  1.095300e-03
8.709636e-01  9.092005e-04
9.440609e-01  7.667477e-04
1.023293e+00  6.508512e-04
1.161449e+00  5.067611e-04
1.288250e+00  4.160215e-04
1.428894e+00  3.439695e-04
1.584893e+00  2.863158e-04
1.778279e+00  2.352755e-04
2.000000e+00  1.940400e-04
2.264644e+00  1.594948e-04
2.570396e+00  1.315707e-04
2.951209e+00  1.074773e-04
3.427678e+00  8.703273e-05
4.000000e+00  7.055900e-05
4.731513e+00  5.659439e-05
5.623413e+00  4.546333e-05
6.839116e+00  3.574177e-05
8.609938e+00  2.718143e-05
1.100000e+01  2.049700e-05
1.412538e+01  1.548395e-05
1.949845e+01  1.088515e-05
2.754229e+01  7.527570e-06
4.265795e+01  4.761010e-06
6.998420e+01  2.859723e-06
1.333521e+02  1.483912e-06
2.660725e+02  7.393081e-07
1.059254e+03  1.848316e-07
1.000000e+05  1.954300e-09
-1  -1
8.050000e-05  0.000000e+00
8.050000e-05  4.402900e+05
8.105000e-05  4.373920e+05
8.150000e-05  4.334680e+05
8.222426e-05  4.245837e+05
8.317638e-05  4.099066e+05
8.413951e-05  3.931251e+05
8.511380e-05  3.750359e+05
8.650000e-05  3.490240e+05
8.850000e-05  3.127400e+05
9.400000e-05  2.309680e+05
9.580000e-05  2.108760e+05
9.772372e-05  1.928761e+05
9.950000e-05  1.792158e+05
1.011579e-04  1.688074e+05
1.025000e-04  1.618956e+05
1.040000e-04  1.556284e+05
1.055000e-04  1.507530e+05
1.070000e-04  1.471214e+05
1.085000e-04  1.445928e+05
1.100000e-04  1.430344e+05
1.115000e-04  1.423224e+05
1.135011e-04  1.424952e+05
1.150000e-04  1.433334e+05
1.170000e-04  1.452232e+05
1.198000e-04  1.490262e+05
1.230269e-04  1.545868e+05
1.364583e-04  1.824461e+05
1.430000e-04  1.954988e+05
1.480000e-04  2.045360e+05
1.540000e-04  2.141380e+05
1.603245e-04  2.227837e+05
1.659587e-04  2.292639e+05
1.720000e-04  2.349900e+05
1.798871e-04  2.406572e+05
1.880000e-04  2.444940e+05
1.950000e-04  2.463520e+05
2.041738e-04  2.470489e+05
2.137962e-04  2.460332e+05
2.238721e-04  2.434290e+05
2.350000e-04  2.391360e+05
2.483133e-04  2.326615e+05
2.630268e-04  2.245502e+05
2.800000e-04  2.145720e+05
3.000000e-04  2.025340e+05
3.200000e-04  1.905352e+05
3.430000e-04  1.771208e+05
3.672823e-04  1.636133e+05
3.935501e-04  1.499499e+05
4.265795e-04  1.344366e+05
4.623810e-04  1.196753e+05
5.011872e-04  1.058328e+05
5.432503e-04  9.295463e+04
5.888437e-04  8.107188e+04
6.456542e-04  6.882306e+04
7.079458e-04  5.801510e+04
7.762471e-04  4.856089e+04
8.511380e-04  4.035586e+04
9.500000e-04  3.208060e+04
1.047129e-03  2.599431e+04
1.150000e-03  2.109180e+04
1.288250e-03  1.624779e+04
1.428894e-03  1.271539e+04
1.603245e-03  9.608105e+03
1.800000e-03  7.195980e+03
2.041738e-03  5.209127e+03
2.290868e-03  3.850420e+03
2.600160e-03  2.740883e+03
2.951209e-03  1.935803e+03
3.349654e-03  1.357249e+03
3.801894e-03  9.446892e+02
4.315191e-03  6.527597e+02
4.897788e-03  4.478061e+02
5.559043e-03  3.050141e+02
6.382635e-03  1.990897e+02
7.328245e-03  1.289496e+02
8.413951e-03  8.289318e+01
9.772372e-03  5.095201e+01
1.135011e-02  3.108198e+01
1.318257e-02  1.882673e+01
1.548817e-02  1.088989e+01
1.819701e-02  6.252849e+00
2.162719e-02  3.424425e+00
2.600160e-02  1.787320e+00
3.198895e-02  8.529860e-01
4.027170e-02  3.718635e-01
5.623413e-02  1.105024e-01
8.912509e-02  2.061871e-02
1.135011e-01  8.598853e-03
1.364583e-01  4.447530e-03
1.603245e-01  2.515831e-03
1.862087e-01  1.493281e-03
2.137962e-01  9.296187e-04
2.426610e-01  6.064453e-04
2.722701e-01  4.141034e-04
3.054921e-01  2.848014e-04
3.388442e-01  2.047067e-04
3.758374e-01  1.481393e-04
4.168694e-01  1.079874e-04
4.623810e-01  7.932385e-05
5.128614e-01  5.873081e-05
5.623413e-01  4.527078e-05
6.165950e-01  3.513224e-05
6.760830e-01  2.745686e-05
7.413102e-01  2.160872e-05
8.609938e-01  1.479940e-05
9.120108e-01  1.286451e-05
9.660509e-01  1.125069e-05
1.023293e+00  9.911497e-06
1.096478e+00  8.578985e-06
1.174898e+00  7.480836e-06
1.273503e+00  6.434864e-06
1.396368e+00  5.457203e-06
1.698244e+00  3.889908e-06
1.905461e+00  3.208634e-06
2.137962e+00  2.666854e-06
2.426610e+00  2.192672e-06
2.754229e+00  1.815682e-06
3.162278e+00  1.488761e-06
3.672823e+00  1.209885e-06
4.315191e+00  9.752196e-07
5.128614e+00  7.802041e-07
6.237348e+00  6.111961e-07
7.498942e+00  4.891241e-07
9.332543e+00  3.782451e-07
1.202264e+01  2.832978e-07
1.513561e+01  2.193380e-07
2.018366e+01  1.602933e-07
2.818383e+01  1.122814e-07
4.365158e+01  7.104700e-08
7.328245e+01  4.169553e-08
1.396368e+02  2.164709e-08
2.786121e+02  1.078748e-08
1.109175e+03  2.697695e-09
1.000000e+05  2.986800e-11
-1  -1
7.786000e-05  0.000000e+00
7.786000e-05  9.391280e+05
7.840000e-05  9.301160e+05
7.910000e-05  9.124560e+05
7.985000e-05  8.882400e+05
8.080000e-05  8.527320e+05
8.190000e-05  8.082640e+05
8.350000e-05  7.422800e+05
8.511380e-05  6.780950e+05
9.015711e-05  5.114100e+05
9.230000e-05  4.584040e+05
9.400000e-05  4.235600e+05
9.549926e-05  3.977285e+05
9.660509e-05  3.814175e+05
9.800000e-05  3.638976e+05
9.950000e-05  3.485712e+05
1.010000e-04  3.365344e+05
1.025000e-04  3.274384e+05
1.040000e-04  3.209484e+05
1.055000e-04  3.167492e+05
1.071519e-04  3.144239e+05
1.090000e-04  3.142500e+05
1.110000e-04  3.164460e+05
1.128000e-04  3.201356e+05
1.150000e-04  3.263692e+05
1.180000e-04  3.370996e+05
1.230269e-04  3.584338e+05
1.318257e-04  3.982560e+05
1.380384e-04  4.245099e+05
1.430000e-04  4.433600e+05
1.480000e-04  4.602320e+05
1.540000e-04  4.776280e+05
1.603245e-04  4.927122e+05
1.659587e-04  5.035032e+05
1.737801e-04  5.146725e+05
1.820000e-04  5.221040e+05
1.905461e-04  5.257074e+05
2.000000e-04  5.254680e+05
2.089296e-04  5.218599e+05
2.190000e-04  5.147240e+05
2.317395e-04  5.023598e+05
2.454709e-04  4.862797e+05
2.600160e-04  4.675151e+05
2.754229e-04  4.468625e+05
2.951209e-04  4.203158e+05
3.162278e-04  3.925501e+05
3.388442e-04  3.639404e+05
3.630781e-04  3.349425e+05
3.890451e-04  3.062285e+05
4.216965e-04  2.737572e+05
4.623810e-04  2.388350e+05
5.011872e-04  2.105217e+05
5.432503e-04  1.842946e+05
5.888437e-04  1.602810e+05
6.500000e-04  1.339372e+05
7.079458e-04  1.139793e+05
7.800000e-04  9.422280e+04
8.609938e-04  7.695373e+04
9.500000e-04  6.246440e+04
1.047129e-03  5.048291e+04
1.174898e-03  3.889097e+04
1.318257e-03  2.970842e+04
1.479108e-03  2.250668e+04
1.678804e-03  1.643500e+04
1.900000e-03  1.198324e+04
2.137962e-03  8.801017e+03
2.398833e-03  6.467744e+03
2.722701e-03  4.575135e+03
3.090295e-03  3.212503e+03
3.507519e-03  2.238309e+03
4.000000e-03  1.526592e+03
4.570882e-03  1.026833e+03
5.188000e-03  6.995828e+02
5.888437e-03  4.732879e+02
6.683439e-03  3.179268e+02
7.673615e-03  2.044315e+02
8.810489e-03  1.304831e+02
1.023293e-02  7.959374e+01
1.188502e-02  4.817055e+01
1.380384e-02  2.893548e+01
1.603245e-02  1.725822e+01
1.883649e-02  9.818537e+00
2.213095e-02  5.545081e+00
2.630268e-02  2.984036e+00
3.162278e-02  1.529255e+00
3.845918e-02  7.459907e-01
4.954502e-02  2.919228e-01
9.885531e-02  2.217668e-02
1.230269e-01  9.860401e-03
1.462177e-01  5.237504e-03
1.698244e-01  3.048014e-03
1.927525e-01  1.940836e-03
2.187762e-01  1.244899e-03
2.454709e-01  8.376256e-04
2.722701e-01  5.904753e-04
3.019952e-01  4.193327e-04
3.311311e-01  3.114902e-04
3.630781e-01  2.329543e-04
3.981072e-01  1.754769e-04
4.365158e-01  1.331967e-04
4.731513e-01  1.053344e-04
5.128614e-01  8.383642e-05
5.559043e-01  6.717109e-05
6.025596e-01  5.417473e-05
6.531306e-01  4.399210e-05
7.079458e-01  3.596152e-05
7.673615e-01  2.959109e-05
8.511380e-01  2.322001e-05
9.120108e-01  1.987775e-05
9.772372e-01  1.712570e-05
1.071519e+00  1.417572e-05
1.174898e+00  1.181696e-05
1.288250e+00  9.932782e-06
1.428894e+00  8.229125e-06
1.621810e+00  6.590362e-06
1.819701e+00  5.423244e-06
2.044000e+00  4.487100e-06
2.317395e+00  3.685508e-06
2.630268e+00  3.044270e-06
3.019952e+00  2.490189e-06
3.507519e+00  2.018938e-06
4.120975e+00  1.623824e-06
4.841724e+00  1.315577e-06
5.754399e+00  1.057870e-06
7.000000e+00  8.321700e-07
8.912509e+00  6.251153e-07
1.161449e+01  4.614896e-07
1.479108e+01  3.524465e-07
2.000000e+01  2.536200e-07
2.818383e+01  1.759202e-07
4.415704e+01  1.099903e-07
7.498942e+01  6.380726e-08
1.445440e+02  3.275168e-08
2.884032e+02  1.632467e-08
1.148154e+03  4.082979e-09
1.000000e+05  4.679600e-11
-1  -1
1.009000e-05  0.000000e+00
1.009000e-05  1.879096e+06
1.071519e-05  1.914179e+06
1.135011e-05  1.965039e+06
1.230269e-05  2.057886e+06
1.717908e-05  2.568331e+06
2.000000e-05  2.823936e+06
2.317395e-05  3.072982e+06
2.722701e-05  3.348999e+06
3.198895e-05  3.620574e+06
3.589219e-05  3.803998e+06
4.000000e-05  3.956384e+06
4.365158e-05  4.054440e+06
4.731513e-05  4.116615e+06
5.069907e-05  4.143080e+06
5.432503e-05  4.138968e+06
5.821032e-05  4.103489e+06
6.165950e-05  4.048243e+06
6.531306e-05  3.970222e+06
6.918310e-05  3.872241e+06
7.413102e-05  3.730032e+06
8.000000e-05  3.549496e+06
8.609938e-05  3.358023e+06
9.332543e-05  3.136284e+06
1.011579e-04  2.907151e+06
1.096478e-04  2.676034e+06
1.190000e-04  2.439680e+06
1.273503e-04  2.244641e+06
1.364583e-04  2.047220e+06
1.450000e-04  1.876036e+06
1.548817e-04  1.694853e+06
1.650000e-04  1.526892e+06
1.760000e-04  1.364724e+06
1.905461e-04  1.178967e+06
2.041738e-04  1.031592e+06
2.187762e-04  8.979305e+05
2.371374e-04  7.583519e+05
2.580000e-04  6.300520e+05
2.786121e-04  5.278627e+05
2.985383e-04  4.474169e+05
3.235937e-04  3.664801e+05
3.507519e-04  2.982752e+05
3.845918e-04  2.339540e+05
4.216965e-04  1.820793e+05
4.623810e-04  1.406749e+05
5.128614e-04  1.043992e+05
5.688529e-04  7.687549e+04
6.309573e-04  5.618668e+04
7.000000e-04  4.074080e+04
7.762471e-04  2.936780e+04
8.709636e-04  2.024852e+04
9.660509e-04  1.439165e+04
1.083927e-03  9.778698e+03
1.216186e-03  6.598840e+03
1.380384e-03  4.248251e+03
1.566751e-03  2.713712e+03
1.778279e-03  1.720451e+03
2.018366e-03  1.082698e+03
2.290868e-03  6.765937e+02
2.600160e-03  4.197917e+02
2.951209e-03  2.585990e+02
3.349654e-03  1.581724e+02
3.801894e-03  9.604999e+01
4.315191e-03  5.791995e+01
4.841724e-03  3.632482e+01
5.559043e-03  2.058105e+01
6.382635e-03  1.157421e+01
7.413102e-03  6.157035e+00
8.709636e-03  3.095886e+00
1.059254e-02  1.331718e+00
1.273503e-02  5.976761e-01
1.513561e-02  2.799901e-01
1.840772e-02  1.175604e-01
2.187762e-02  5.430083e-02
2.786121e-02  1.825308e-02
5.370318e-02  9.317139e-04
6.839116e-02  3.133948e-04
8.317638e-02  1.306261e-04
9.885531e-02  6.078127e-05
1.148154e-01  3.153747e-05
1.318257e-01  1.733274e-05
1.500000e-01  9.976100e-06
1.698244e-01  5.910956e-06
1.905461e-01  3.663784e-06
2.137962e-01  2.287558e-06
2.371374e-01  1.507469e-06
2.630268e-01  1.000599e-06
2.917427e-01  6.693934e-07
3.198895e-01  4.715253e-07
3.507519e-01  3.343795e-07
3.845918e-01  2.387399e-07
4.265795e-01  1.647062e-07
4.677351e-01  1.193360e-07
5.069907e-01  9.064219e-08
5.495409e-01  6.934509e-08
6.025596e-01  5.145310e-08
6.606935e-01  3.843814e-08
7.161434e-01  2.997975e-08
7.762471e-01  2.353840e-08
8.511380e-01  1.788076e-08
8.912509e-01  1.565163e-08
9.332543e-01  1.378158e-08
9.772372e-01  1.222246e-08
1.011579e+00  1.123216e-08
1.059254e+00  1.010584e-08
1.109175e+00  9.155759e-09
1.161449e+00  8.346758e-09
1.230269e+00  7.493256e-09
1.333521e+00  6.502361e-09
1.479108e+00  5.466896e-09
1.819701e+00  3.840627e-09
2.018366e+00  3.239141e-09
2.290868e+00  2.653797e-09
2.600160e+00  2.190657e-09
2.985383e+00  1.790870e-09
3.467369e+00  1.451109e-09
4.073803e+00  1.166496e-09
4.786301e+00  9.445920e-10
5.688529e+00  7.591680e-10
6.918310e+00  5.970970e-10
8.709636e+00  4.542850e-10
1.122018e+01  3.394930e-10
1.445440e+01  2.557200e-10
1.972423e+01  1.821260e-10
2.754229e+01  1.275140e-10
4.315191e+01  7.969320e-11
7.161434e+01  4.731580e-11
1.364583e+02  2.455820e-11
2.722701e+02  1.223740e-11
1.083927e+03  3.059760e-12
1.000000e+05  3.310500e-14
-1  -1
9.800000e-06  0.000000e+00
9.800000e-06  2.856276e+06
1.035142e-05  2.917315e+06
1.100000e-05  3.009132e+06
1.200000e-05  3.174828e+06
1.584893e-05  3.828793e+06
1.819701e-05  4.173222e+06
2.113489e-05  4.546071e+06
2.454709e-05  4.917477e+06
2.900000e-05  5.327952e+06
3.311311e-05  5.643674e+06
3.715352e-05  5.895366e+06
4.073803e-05  6.065764e+06
4.415704e-05  6.181458e+06
4.731513e-05  6.246943e+06
5.069907e-05  6.272260e+06
5.432503e-05  6.255024e+06
5.800000e-05  6.193200e+06
6.165950e-05  6.095281e+06
6.531306e-05  5.970762e+06
6.918310e-05  5.814124e+06
7.413102e-05  5.592749e+06
7.943282e-05  5.341279e+06
8.609938e-05  5.020803e+06
9.225714e-05  4.731552e+06
1.011579e-04  4.336418e+06
1.096478e-04  3.985383e+06
1.174898e-04  3.686018e+06
1.273503e-04  3.336646e+06
1.350000e-04  3.086358e+06
1.450000e-04  2.784456e+06
1.540000e-04  2.536002e+06
1.650000e-04  2.263212e+06
1.778279e-04  1.983224e+06
1.905461e-04  1.744474e+06
2.065380e-04  1.491313e+06
2.264644e-04  1.235239e+06
2.454709e-04  1.038993e+06
2.630268e-04  8.899042e+05
2.820000e-04  7.567260e+05
3.054921e-04  6.236167e+05
3.311311e-04  5.096582e+05
3.589219e-04  4.137433e+05
3.935501e-04  3.235430e+05
4.315191e-04  2.511664e+05
4.731513e-04  1.936118e+05
5.188000e-04  1.482542e+05
5.754399e-04  1.089820e+05
6.382635e-04  7.953753e+04
7.079458e-04  5.763268e+04
7.852356e-04  4.145100e+04
8.810489e-04  2.852443e+04
9.885530e-04  1.947506e+04
1.109175e-03  1.320220e+04
1.244515e-03  8.888882e+03
1.412538e-03  5.708349e+03
1.603245e-03  3.636893e+03
1.819701e-03  2.299382e+03
2.065380e-03  1.443148e+03
2.344229e-03  8.994946e+02
2.660725e-03  5.566260e+02
3.019952e-03  3.419725e+02
3.427678e-03  2.085897e+02
3.890451e-03  1.262894e+02
4.365158e-03  7.950672e+01
4.954502e-03  4.734502e+01
5.688529e-03  2.668147e+01
6.683439e-03  1.355161e+01
7.762471e-03  7.171303e+00
9.120108e-03  3.586998e+00
1.109175e-02  1.533773e+00
1.318257e-02  7.195079e-01
1.566751e-02  3.350269e-01
1.883649e-02  1.470675e-01
2.238721e-02  6.748056e-02
2.818383e-02  2.367192e-02
5.821032e-02  8.550190e-04
7.328245e-02  3.000014e-04
8.912509e-02  1.240787e-04
1.047129e-01  6.041318e-05
1.202264e-01  3.282041e-05
1.364583e-01  1.889433e-05
1.531088e-01  1.151794e-05
1.698244e-01  7.426188e-06
1.883649e-01  4.821107e-06
2.089296e-01  3.152932e-06
2.290868e-01  2.176220e-06
2.511886e-01  1.513181e-06
2.722701e-01  1.108383e-06
2.951209e-01  8.173615e-07
3.198895e-01  6.069964e-07
3.467369e-01  4.539938e-07
3.758374e-01  3.419715e-07
4.120975e-01  2.494397e-07
4.466836e-01  1.906516e-07
4.786301e-01  1.523955e-07
5.069907e-01  1.270850e-07
5.432503e-01  1.028738e-07
5.888437e-01  8.099899e-08
6.382635e-01  6.421420e-08
6.918310e-01  5.128108e-08
7.585776e-01  4.001442e-08
8.128305e-01  3.339144e-08
8.709636e-01  2.806688e-08
9.225714e-01  2.444199e-08
9.772372e-01  2.142818e-08
1.035142e+00  1.892189e-08
1.109175e+00  1.640654e-08
1.188600e+00  1.432700e-08
1.318257e+00  1.184144e-08
1.479108e+00  9.658064e-09
1.698244e+00  7.605929e-09
1.905461e+00  6.274635e-09
2.137962e+00  5.214915e-09
2.426610e+00  4.287614e-09
2.754229e+00  3.550628e-09
3.162278e+00  2.911454e-09
3.672823e+00  2.366052e-09
4.315191e+00  1.907094e-09
5.128614e+00  1.525716e-09
6.237348e+00  1.195264e-09
7.498942e+00  9.565240e-10
9.332543e+00  7.396730e-10
1.202264e+01  5.540030e-10
1.513561e+01  4.289140e-10
2.018366e+01  3.134480e-10
2.818383e+01  2.195770e-10
4.365158e+01  1.389340e-10
7.328245e+01  8.153970e-11
1.396368e+02  4.233220e-11
2.786121e+02  2.109550e-11
1.109175e+03  5.275430e-12
1.000000e+05  5.840900e-14
-1  -1
7.110000e-06  0.000000e+00
7.110000e-06  1.398650e+06
7.328245e-06  1.184722e+06
7.600000e-06  9.618950e+05
7.852356e-06  7.935760e+05
8.128305e-06  6.434854e+05
8.420000e-06  5.154110e+05
8.700000e-06  4.163680e+05
8.920000e-06  3.517200e+05
9.120108e-06  3.013694e+05
9.350000e-06  2.519780e+05
9.600000e-06  2.069240e+05
9.772372e-06  1.803242e+05
1.000000e-05  1.499640e+05
1.020000e-05  1.271590e+05
1.035142e-05  1.119903e+05
1.055000e-05  9.450600e+04
1.071519e-05  8.180722e+04
1.089200e-05  6.985123e+04
1.105000e-05  6.044370e+04
1.122018e-05  5.150777e+04
1.135011e-05  4.544000e+04
1.150000e-05  3.917070e+04
1.165000e-05  3.360730e+04
1.180000e-05  2.868520e+04
1.190000e-05  2.572900e+04
1.203000e-05  2.224270e+04
1.216186e-05  1.908618e+04
1.226000e-05  1.696550e+04
1.235000e-05  1.518020e+04
1.245000e-05  1.336410e+04
1.255600e-05  1.161936e+04
1.265000e-05  1.021700e+04
1.275000e-05  8.864770e+03
1.285000e-05  7.647200e+03
1.295000e-05  6.555340e+03
1.303167e-05  5.751061e+03
1.312700e-05  4.905504e+03
1.320000e-05  4.322150e+03
1.327000e-05  3.812200e+03
1.335000e-05  3.285660e+03
1.342000e-05  2.871710e+03
1.350000e-05  2.449280e+03
1.357200e-05  2.112928e+03
1.365000e-05  1.792950e+03
1.390000e-05  1.050600e+03
1.397000e-05  9.130610e+02
1.402000e-05  8.320280e+02
1.406000e-05  7.771280e+02
1.410000e-05  7.307790e+02
1.413500e-05  6.970380e+02
1.417000e-05  6.694910e+02
1.420000e-05  6.506860e+02
1.423000e-05  6.362160e+02
1.426000e-05  6.259850e+02
1.429400e-05  6.193937e+02
1.432000e-05  6.178620e+02
1.435000e-05  6.197870e+02
1.437000e-05  6.232280e+02
1.440000e-05  6.315590e+02
1.443500e-05  6.459830e+02
1.447000e-05  6.653480e+02
1.451000e-05  6.933600e+02
1.455000e-05  7.274620e+02
1.460000e-05  7.783720e+02
1.465000e-05  8.381560e+02
1.472000e-05  9.361100e+02
1.496236e-05  1.392080e+03
1.507000e-05  1.646490e+03
1.515000e-05  1.853900e+03
1.522000e-05  2.047290e+03
1.531087e-05  2.313804e+03
1.540000e-05  2.590960e+03
1.550000e-05  2.918990e+03
1.560000e-05  3.263520e+03
1.570000e-05  3.623040e+03
1.580000e-05  3.996140e+03
1.590000e-05  4.381480e+03
1.603245e-05  4.908634e+03
1.616600e-05  5.456976e+03
1.630000e-05  6.021660e+03
1.645000e-05  6.668120e+03
1.660000e-05  7.326900e+03
1.675000e-05  7.995330e+03
1.690000e-05  8.670990e+03
1.705000e-05  9.351720e+03
1.720000e-05  1.003560e+04
1.740000e-05  1.094920e+04
1.760000e-05  1.186160e+04
1.785000e-05  1.299550e+04
1.808000e-05  1.402810e+04
1.834300e-05  1.519186e+04
1.862087e-05  1.639729e+04
1.885000e-05  1.736990e+04
1.920000e-05  1.881390e+04
1.950000e-05  2.000830e+04
1.990000e-05  2.153490e+04
2.020000e-05  2.262820e+04
2.065380e-05  2.419885e+04
2.113489e-05  2.575210e+04
2.162719e-05  2.722403e+04
2.213095e-05  2.861034e+04
2.272000e-05  3.008402e+04
2.344229e-05  3.168710e+04
2.426610e-05  3.326349e+04
2.511886e-05  3.463993e+04
2.610000e-05  3.593900e+04
2.691535e-05  3.681513e+04
2.800000e-05  3.773400e+04
2.917427e-05  3.846054e+04
3.054921e-05  3.902126e+04
3.198895e-05  3.933774e+04
3.350000e-05  3.943370e+04
3.548134e-05  3.928301e+04
3.758374e-05  3.888100e+04
4.027170e-05  3.812884e+04
4.365158e-05  3.696319e+04
4.731513e-05  3.557369e+04
5.188000e-05  3.378895e+04
5.754399e-05  3.164101e+04
6.382635e-05  2.942085e+04
7.161434e-05  2.692026e+04
8.000000e-05  2.453140e+04
8.810489e-05  2.247789e+04
9.800000e-05  2.025920e+04
1.083927e-04  1.821904e+04
1.202264e-04  1.620040e+04
1.333521e-04  1.428979e+04
1.479108e-04  1.250871e+04
1.659587e-04  1.070976e+04
1.927525e-04  8.674192e+03
2.290868e-04  6.743065e+03
2.951209e-04  4.616256e+03
3.935501e-04  2.993061e+03
4.677351e-04  2.296169e+03
5.188000e-04  1.948121e+03
5.956621e-04  1.552340e+03
7.000000e-04  1.180480e+03
8.810489e-04  7.919533e+02
1.035142e-03  5.933318e+02
1.202264e-03  4.504052e+02
1.428894e-03  3.251367e+02
1.717908e-03  2.279501e+02
2.018366e-03  1.659129e+02
2.398833e-03  1.169730e+02
2.917427e-03  7.806245e+01
3.555660e-03  5.160855e+01
4.073803e-03  3.858762e+01
4.677351e-03  2.848176e+01
5.432503e-03  2.034302e+01
6.456542e-03  1.367788e+01
7.585776e-03  9.369312e+00
8.912509e-03  6.366872e+00
1.035142e-02  4.415054e+00
1.216186e-02  2.953970e+00
1.428894e-02  1.961196e+00
1.678804e-02  1.292279e+00
1.972423e-02  8.452289e-01
2.317395e-02  5.487802e-01
2.754229e-02  3.428011e-01
3.273407e-02  2.124698e-01
3.935501e-02  1.265258e-01
4.731513e-02  7.477391e-02
5.688529e-02  4.385587e-02
7.079458e-02  2.308419e-02
9.120108e-02  1.088958e-02
1.122019e-01  5.854095e-03
1.737801e-01  1.572767e-03
2.264644e-01  7.151099e-04
2.660725e-01  4.456174e-04
3.090295e-01  2.893827e-04
3.507519e-01  2.022269e-04
3.935501e-01  1.470015e-04
4.415705e-01  1.076650e-04
4.897788e-01  8.193675e-05
5.432503e-01  6.283299e-05
6.000000e-01  4.908000e-05
6.606935e-01  3.891844e-05
7.244360e-01  3.139907e-05
7.943282e-01  2.551149e-05
8.709636e-01  2.087272e-05
9.549926e-01  1.720783e-05
1.059254e+00  1.397139e-05
1.188600e+00  1.114800e-05
1.318257e+00  9.166920e-06
1.462177e+00  7.588773e-06
1.621810e+00  6.325759e-06
1.819701e+00  5.206392e-06
2.044000e+00  4.308400e-06
2.317395e+00  3.538628e-06
2.630268e+00  2.922974e-06
3.019952e+00  2.391032e-06
3.507519e+00  1.938516e-06
4.120975e+00  1.559163e-06
4.841724e+00  1.263261e-06
5.821032e+00  1.001328e-06
7.079458e+00  7.882611e-07
9.015711e+00  5.922198e-07
1.174898e+01  4.373894e-07
1.479108e+01  3.384117e-07
2.000000e+01  2.435200e-07
2.800000e+01  1.700900e-07
4.365158e+01  1.068810e-07
7.328245e+01  6.272592e-08
1.396368e+02  3.256523e-08
2.786121e+02  1.622858e-08
1.109175e+03  4.058259e-09
1.000000e+05  4.493300e-11
-1  -1
-2  0.0
-2  -2
