4.521900e-02  0.000000e+00
4.521900e-02  4.326090e+03
4.590000e-02  4.177500e+03
4.623810e-02  4.097653e+03
4.680000e-02  3.985720e+03
4.800000e-02  3.723280e+03
5.000000e-02  3.365780e+03
5.432503e-02  2.706302e+03
6.095369e-02  2.009570e+03
6.839116e-02  1.479480e+03
8.413951e-02  8.458491e+02
1.059254e-01  4.494730e+02
1.428894e-01  1.953328e+02
2.113489e-01  6.546010e+01
2.570396e-01  3.811600e+01
2.917427e-01  2.699347e+01
3.349654e-01  1.862618e+01
3.845918e-01  1.294992e+01
4.365158e-01  9.350091e+00
4.897788e-01  7.005688e+00
5.495409e-01  5.288399e+00
6.095369e-01  4.133693e+00
6.683439e-01  3.341335e+00
7.413102e-01  2.649100e+00
8.317638e-01  2.062228e+00
9.440609e-01  1.577947e+00
1.023293e+00  1.339425e+00
1.161449e+00  1.043683e+00
1.303167e+00  8.376679e-01
1.462177e+00  6.772704e-01
1.659587e+00  5.400022e-01
1.862087e+00  4.426150e-01
2.089296e+00  3.653946e-01
2.398833e+00  2.925419e-01
2.754229e+00  2.359751e-01
3.162278e+00  1.917313e-01
3.672823e+00  1.542989e-01
4.265795e+00  1.250871e-01
5.011872e+00  1.005316e-01
5.956621e+00  8.016912e-02
7.161434e+00  6.345350e-02
8.709636e+00  4.987363e-02
1.083927e+01  3.841553e-02
1.380384e+01  2.903424e-02
1.757924e+01  2.210381e-02
2.371374e+01  1.590244e-02
3.467369e+01  1.057600e-02
4.954502e+01  7.268685e-03
8.035261e+01  4.407557e-03
1.584893e+02  2.205153e-03
3.162278e+02  1.097535e-03
1.258925e+03  2.742415e-04
1.000000e+05  3.446400e-06
-1  -1
7.394100e-03  0.000000e+00
7.394100e-03  1.683157e+04
7.510000e-03  1.631494e+04
7.700000e-03  1.566944e+04
7.852356e-03  1.513728e+04
8.150000e-03  1.426898e+04
8.810489e-03  1.243318e+04
9.660509e-03  1.060394e+04
1.035142e-02  9.337397e+03
1.202264e-02  7.054062e+03
1.513561e-02  4.481518e+03
1.678804e-02  3.622571e+03
1.950000e-02  2.649540e+03
2.290868e-02  1.870065e+03
2.570396e-02  1.449456e+03
3.000000e-02  1.021654e+03
3.548134e-02  6.917888e+02
4.168694e-02  4.713530e+02
4.897788e-02  3.184671e+02
5.821032e-02  2.073862e+02
6.918310e-02  1.338875e+02
8.222426e-02  8.577940e+01
1.000000e-01  5.136800e+01
1.244515e-01  2.871653e+01
2.371374e-01  5.059705e+00
2.884032e-01  3.004511e+00
3.427678e-01  1.910177e+00
3.935501e-01  1.338548e+00
4.472100e-01  9.697099e-01
5.069907e-01  7.120701e-01
5.688529e-01  5.401257e-01
6.382635e-01  4.127143e-01
7.079458e-01  3.265139e-01
7.943282e-01  2.535269e-01
9.015711e-01  1.934941e-01
9.772372e-01  1.635806e-01
1.096478e+00  1.299802e-01
1.244515e+00  1.016882e-01
1.396368e+00  8.199266e-02
1.584893e+00  6.519868e-02
1.778279e+00  5.329031e-02
2.000000e+00  4.369300e-02
2.290868e+00  3.502744e-02
2.630268e+00  2.818263e-02
3.019952e+00  2.284154e-02
3.507519e+00  1.833850e-02
4.073803e+00  1.483456e-02
4.786301e+00  1.189724e-02
5.688529e+00  9.467878e-03
6.839116e+00  7.479845e-03
8.317638e+00  5.868391e-03
1.035142e+01  4.512798e-03
1.300000e+01  3.460400e-03
1.659587e+01  2.622579e-03
2.162719e+01  1.956795e-03
2.851018e+01  1.450559e-03
4.000000e+01  1.011700e-03
6.456542e+01  6.143319e-04
1.109175e+02  3.526732e-04
2.213095e+02  1.750071e-04
4.415704e+02  8.728198e-05
1.757924e+03  2.184164e-05
1.000000e+05  3.834400e-07
-1  -1
7.019200e-03  0.000000e+00
7.019200e-03  3.343844e+04
7.098000e-03  3.259637e+04
7.161434e-03  3.201695e+04
7.270000e-03  3.092900e+04
7.673615e-03  2.699100e+04
8.912509e-03  1.822200e+04
9.885531e-03  1.375400e+04
1.135011e-02  9.379600e+03
1.350000e-02  5.771600e+03
1.659587e-02  3.177800e+03
1.862087e-02  2.263600e+03
2.187762e-02  1.400400e+03
2.660725e-02  7.733900e+02
3.235937e-02  4.229800e+02
3.935501e-02  2.294400e+02
4.841724e-02  1.191300e+02
6.237348e-02  5.304400e+01
1.230269e-01  5.962100e+00
1.584893e-01  2.657375e+00
1.905461e-01  1.487207e+00
2.238721e-01  9.015088e-01
2.600160e-01  5.705477e-01
2.985383e-01  3.768627e-01
3.402400e-01  2.564881e-01
3.845918e-01  1.802103e-01
4.315191e-01  1.302952e-01
4.786301e-01  9.795382e-02
5.308844e-01  7.412869e-02
5.888437e-01  5.648934e-02
6.531306e-01  4.337231e-02
7.244360e-01  3.355233e-02
8.413951e-01  2.341161e-02
9.015711e-01  1.992467e-02
9.660509e-01  1.707473e-02
1.023293e+00  1.511173e-02
1.109175e+00  1.282794e-02
1.216186e+00  1.072045e-02
1.333521e+00  9.028332e-03
1.531087e+00  7.046980e-03
1.757924e+00  5.524589e-03
1.972423e+00  4.542563e-03
2.264644e+00  3.625441e-03
2.600160e+00  2.915393e-03
3.000000e+00  2.344300e-03
3.467369e+00  1.894761e-03
4.027170e+00  1.531835e-03
4.731513e+00  1.227814e-03
5.623413e+00  9.766360e-04
6.760830e+00  7.712256e-04
8.222427e+00  6.047930e-04
1.011579e+01  4.712795e-04
1.258925e+01  3.648921e-04
1.621810e+01  2.734786e-04
2.113489e+01  2.039199e-04
2.786121e+01  1.510949e-04
3.935501e+01  1.045863e-04
6.309573e+01  6.393288e-05
1.071519e+02  3.712344e-05
2.137962e+02  1.841632e-05
4.265795e+02  9.183179e-06
1.698244e+03  2.297629e-06
1.000000e+05  3.896600e-08
-1  -1
6.451900e-03  0.000000e+00
6.451900e-03  7.243604e+04
6.640000e-03  6.796960e+04
7.000000e-03  5.922200e+04
8.128305e-03  3.940765e+04
8.912509e-03  3.043834e+04
1.011579e-02  2.118230e+04
1.244515e-02  1.162764e+04
1.396368e-02  8.247218e+03
1.603245e-02  5.445736e+03
1.972423e-02  2.880924e+03
2.371374e-02  1.617726e+03
2.818383e-02  9.335524e+02
3.349654e-02  5.345307e+02
4.027170e-02  2.925797e+02
4.897788e-02  1.530124e+02
6.095369e-02  7.356581e+01
7.943282e-02  3.004975e+01
1.258925e-01  6.306930e+00
1.603245e-01  2.794546e+00
1.883649e-01  1.634710e+00
2.187762e-01  1.000667e+00
2.511886e-01  6.407821e-01
2.851018e-01  4.290852e-01
3.198895e-01  3.002043e-01
3.548134e-01  2.191845e-01
3.935501e-01  1.611481e-01
4.365158e-01  1.193661e-01
4.786301e-01  9.204736e-02
5.248075e-01  7.144915e-02
5.754399e-01  5.583756e-02
6.309573e-01  4.395423e-02
6.918310e-01  3.485274e-02
7.585776e-01  2.783161e-02
8.609938e-01  2.060545e-02
9.225714e-01  1.760180e-02
9.885531e-01  1.514483e-02
1.071519e+00  1.282719e-02
1.174898e+00  1.069034e-02
1.288250e+00  8.975641e-03
1.428894e+00  7.430257e-03
1.698244e+00  5.468148e-03
1.905461e+00  4.486393e-03
2.137962e+00  3.708104e-03
2.454709e+00  2.972349e-03
2.818383e+00  2.400311e-03
3.235937e+00  1.952509e-03
3.758374e+00  1.573178e-03
4.415704e+00  1.256750e-03
5.188000e+00  1.011651e-03
6.165950e+00  8.079155e-04
7.498942e+00  6.312302e-04
9.120108e+00  4.970189e-04
1.135011e+01  3.834539e-04
1.462177e+01  2.864595e-04
1.905461e+01  2.129388e-04
2.570396e+01  1.535518e-04
3.715352e+01  1.035580e-04
5.623413e+01  6.712326e-05
9.225714e+01  4.030559e-05
1.840772e+02  1.996388e-05
3.672823e+02  9.946860e-06
1.462177e+03  2.486993e-06
1.000000e+05  3.630800e-08
-1  -1
1.625100e-03  0.000000e+00
1.625100e-03  4.983596e+04
1.717908e-03  4.683969e+04
1.972423e-03  3.906483e+04
2.089296e-03  3.595757e+04
2.426610e-03  2.884628e+04
2.786121e-03  2.342676e+04
3.019952e-03  2.058382e+04
3.672823e-03  1.489891e+04
4.168694e-03  1.196768e+04
4.800000e-03  9.331380e+03
5.821032e-03  6.559255e+03
6.839116e-03  4.840693e+03
7.852356e-03  3.708817e+03
9.225714e-03  2.699713e+03
1.096478e-02  1.905227e+03
1.303167e-02  1.333471e+03
1.531087e-02  9.486801e+02
1.798871e-02  6.699831e+02
2.089296e-02  4.818922e+02
2.454709e-02  3.354665e+02
2.900000e-02  2.288380e+02
3.427678e-02  1.546881e+02
4.027170e-02  1.052483e+02
4.731513e-02  7.108963e+01
5.623413e-02  4.632368e+01
6.683439e-02  2.995472e+01
8.035261e-02  1.866543e+01
9.660509e-02  1.154553e+01
1.216186e-01  6.278800e+00
1.566751e-01  3.189920e+00
2.317395e-01  1.113518e+00
2.851018e-01  6.418726e-01
3.388442e-01  4.083079e-01
3.935501e-01  2.779008e-01
4.466836e-01  2.020759e-01
5.069907e-01  1.479998e-01
5.688529e-01  1.122814e-01
6.309573e-01  8.813060e-02
7.079458e-01  6.784048e-02
7.943282e-01  5.262886e-02
8.810489e-01  4.212810e-02
9.660509e-01  3.479920e-02
1.083927e+00  2.765575e-02
1.230269e+00  2.162435e-02
1.380384e+00  1.741686e-02
1.566751e+00  1.383467e-02
1.757924e+00  1.129990e-02
1.972423e+00  9.295121e-03
2.264644e+00  7.417699e-03
2.600160e+00  5.964575e-03
3.000000e+00  4.796000e-03
3.467369e+00  3.876364e-03
4.027170e+00  3.133904e-03
4.731513e+00  2.511950e-03
5.623413e+00  1.998023e-03
6.760830e+00  1.577728e-03
8.222427e+00  1.237258e-03
1.023293e+01  9.510443e-04
1.273503e+01  7.366424e-04
1.640590e+01  5.522861e-04
2.137962e+01  4.119487e-04
2.818383e+01  3.053042e-04
3.981072e+01  2.113734e-04
6.456542e+01  1.277113e-04
1.122018e+02  7.246223e-05
2.238721e+02  3.596278e-05
4.466836e+02  1.793597e-05
1.778279e+03  4.488705e-06
1.000000e+05  7.971500e-08
-1  -1
1.461600e-03  0.000000e+00
1.461600e-03  7.917827e+04
1.485000e-03  7.836238e+04
1.566751e-03  7.464829e+04
1.621810e-03  7.205056e+04
1.730000e-03  6.691760e+04
1.850000e-03  6.140820e+04
2.041738e-03  5.366032e+04
2.220000e-03  4.756260e+04
2.400000e-03  4.219460e+04
2.600160e-03  3.703675e+04
3.000000e-03  2.890180e+04
3.235937e-03  2.522940e+04
3.548134e-03  2.119724e+04
4.000000e-03  1.678106e+04
4.365158e-03  1.405665e+04
5.000000e-03  1.057714e+04
5.500000e-03  8.602880e+03
6.237348e-03  6.498678e+03
6.918310e-03  5.121709e+03
7.800000e-03  3.861760e+03
8.810489e-03  2.875420e+03
9.885531e-03  2.161478e+03
1.122018e-02  1.567665e+03
1.273503e-02  1.128527e+03
1.450000e-02  7.998520e+02
1.650000e-02  5.637540e+02
1.883649e-02  3.910910e+02
2.162719e-02  2.650984e+02
2.483133e-02  1.784352e+02
2.884032e-02  1.153528e+02
3.388442e-02  7.153049e+01
4.027170e-02  4.251544e+01
4.841724e-02  2.420739e+01
5.956621e-02  1.273765e+01
7.585776e-02  5.970584e+00
1.445440e-01  7.797461e-01
1.798871e-01  3.934246e-01
2.065380e-01  2.568237e-01
2.540973e-01  1.368656e-01
2.917427e-01  9.058607e-02
3.311311e-01  6.247128e-02
3.758374e-01  4.340655e-02
4.168694e-01  3.243220e-02
4.677351e-01  2.363208e-02
5.248075e-01  1.734838e-02
5.821032e-01  1.322363e-02
6.456542e-01  1.015357e-02
7.161434e-01  7.855383e-03
7.943282e-01  6.123708e-03
8.709636e-01  4.922173e-03
9.332543e-01  4.205507e-03
9.885531e-01  3.709879e-03
1.071519e+00  3.140501e-03
1.174898e+00  2.616800e-03
1.288250e+00  2.197295e-03
1.428894e+00  1.819563e-03
1.698244e+00  1.339511e-03
1.905461e+00  1.098983e-03
2.137962e+00  9.081843e-04
2.454709e+00  7.279491e-04
2.818383e+00  5.878978e-04
3.235937e+00  4.782356e-04
3.758374e+00  3.853160e-04
4.365158e+00  3.127102e-04
5.128614e+00  2.515944e-04
6.095369e+00  2.008252e-04
7.413102e+00  1.568322e-04
9.015711e+00  1.234401e-04
1.122018e+01  9.519276e-05
1.445440e+01  7.108863e-05
1.862087e+01  5.350402e-05
2.570396e+01  3.760908e-05
3.715352e+01  2.536427e-05
5.688529e+01  1.624506e-05
9.332543e+01  9.756676e-06
1.862087e+02  4.833145e-06
3.715352e+02  2.408281e-06
1.479108e+03  6.021580e-07
1.000000e+05  8.893100e-09
-1  -1
1.346900e-03  0.000000e+00
1.346900e-03  2.107435e+05
1.420000e-03  1.960552e+05
1.480000e-03  1.861492e+05
1.570000e-03  1.722152e+05
1.659587e-03  1.590325e+05
1.850000e-03  1.347424e+05
2.070000e-03  1.125572e+05
2.238721e-03  9.856557e+04
2.400000e-03  8.716240e+04
2.818383e-03  6.465063e+04
3.054921e-03  5.535266e+04
3.400000e-03  4.460600e+04
3.801894e-03  3.540953e+04
4.216965e-03  2.834039e+04
4.731513e-03  2.199080e+04
5.308844e-03  1.691892e+04
5.956621e-03  1.293085e+04
6.800000e-03  9.403400e+03
7.585776e-03  7.177477e+03
8.511380e-03  5.367088e+03
9.800000e-03  3.725192e+03
1.120000e-02  2.612704e+03
1.258925e-02  1.902282e+03
1.412538e-02  1.383598e+03
1.603245e-02  9.682878e+02
1.819701e-02  6.729652e+02
2.089296e-02  4.490631e+02
2.400000e-02  2.969388e+02
2.754229e-02  1.955595e+02
3.198895e-02  1.232372e+02
3.715352e-02  7.709891e+01
4.415704e-02  4.450042e+01
5.248075e-02  2.548228e+01
6.382635e-02  1.343561e+01
8.035261e-02  6.274104e+00
1.479108e-01  8.204856e-01
1.798871e-01  4.300718e-01
2.137962e-01  2.450099e-01
2.454709e-01  1.572558e-01
2.786121e-01  1.054762e-01
3.126079e-01  7.388128e-02
3.507519e-01  5.214425e-02
3.890451e-01  3.836526e-02
4.315191e-01  2.841314e-02
4.731513e-01  2.189485e-02
5.188000e-01  1.698885e-02
5.688529e-01  1.327876e-02
6.237348e-01  1.045274e-02
6.839117e-01  8.286801e-03
7.498942e-01  6.615166e-03
8.609938e-01  4.763646e-03
9.225714e-01  4.068174e-03
9.885531e-01  3.499550e-03
1.071519e+00  2.963646e-03
1.174898e+00  2.469777e-03
1.288250e+00  2.073651e-03
1.428894e+00  1.716761e-03
1.698244e+00  1.263488e-03
1.905461e+00  1.036640e-03
2.137962e+00  8.568246e-04
2.454709e+00  6.868259e-04
2.818383e+00  5.546433e-04
3.235937e+00  4.511629e-04
3.758374e+00  3.635041e-04
4.415704e+00  2.903841e-04
5.188000e+00  2.337518e-04
6.165950e+00  1.866795e-04
7.498942e+00  1.458527e-04
9.120108e+00  1.148406e-04
1.135011e+01  8.860287e-05
1.462177e+01  6.619129e-05
1.883649e+01  4.983432e-05
2.570396e+01  3.547998e-05
3.672823e+01  2.422147e-05
5.559043e+01  1.569641e-05
9.120108e+01  9.423611e-06
1.819701e+02  4.666958e-06
3.630781e+02  2.325149e-06
1.445440e+03  5.813129e-07
1.000000e+05  8.389600e-09
-1  -1
1.059600e-03  0.000000e+00
1.059600e-03  4.787399e+05
1.095000e-03  5.154732e+05
1.135011e-03  5.430284e+05
1.210000e-03  5.566031e+05
1.216186e-03  5.565797e+05
1.244515e-03  5.468946e+05
1.258925e-03  5.375512e+05
1.400000e-03  4.169080e+05
1.513561e-03  3.436133e+05
1.659587e-03  2.714072e+05
1.819701e-03  2.126479e+05
2.000000e-03  1.643856e+05
2.220000e-03  1.229816e+05
2.426610e-03  9.518229e+04
2.754229e-03  6.571459e+04
3.054921e-03  4.812421e+04
3.500000e-03  3.174240e+04
3.935501e-03  2.197094e+04
4.415704e-03  1.522020e+04
5.069907e-03  9.702154e+03
5.688529e-03  6.617592e+03
6.456542e-03  4.312842e+03
7.413102e-03  2.679893e+03
8.413951e-03  1.719582e+03
9.549926e-03  1.095860e+03
1.096478e-02  6.652362e+02
1.258925e-02  4.006672e+02
1.450000e-02  2.366748e+02
1.659587e-02  1.421064e+02
1.905461e-02  8.374364e+01
2.187762e-02  4.904047e+01
2.570396e-02  2.608111e+01
3.054921e-02  1.315992e+01
3.715352e-02  6.014636e+00
4.731513e-02  2.266573e+00
8.709636e-02  1.903751e-01
1.071519e-01  8.257951e-02
1.273503e-01  4.145079e-02
1.500000e-01  2.171663e-02
1.737801e-01  1.223667e-02
1.995262e-01  7.195078e-03
2.264644e-01  4.451815e-03
2.540973e-01  2.897243e-03
2.851018e-01  1.899713e-03
3.126079e-01  1.364099e-03
3.467369e-01  9.465260e-04
3.845918e-01  6.613152e-04
4.315191e-01  4.473835e-04
4.786301e-01  3.171741e-04
5.248075e-01  2.352451e-04
5.688529e-01  1.822103e-04
6.095369e-01  1.471912e-04
6.606935e-01  1.157040e-04
7.244360e-01  8.855444e-05
8.035261e-01  6.601502e-05
8.609938e-01  5.395775e-05
9.120108e-01  4.592849e-05
9.549926e-01  4.063686e-05
1.000000e+00  3.621656e-05
1.047129e+00  3.254238e-05
1.096478e+00  2.945012e-05
1.148154e+00  2.681570e-05
1.216186e+00  2.402183e-05
1.318257e+00  2.077939e-05
1.513561e+00  1.643374e-05
1.819701e+00  1.189924e-05
2.018366e+00  9.984714e-06
2.317395e+00  7.977542e-06
2.660725e+00  6.422743e-06
3.054921e+00  5.208999e-06
3.548134e+00  4.184557e-06
4.120975e+00  3.386851e-06
4.841724e+00  2.717698e-06
5.754399e+00  2.163916e-06
6.918310e+00  1.710328e-06
8.413951e+00  1.342485e-06
1.047129e+01  1.032779e-06
1.318257e+01  7.900440e-07
1.678804e+01  6.006327e-07
2.213095e+01  4.426729e-07
3.019952e+01  3.163553e-07
4.265795e+01  2.193706e-07
6.998420e+01  1.311430e-07
1.258925e+02  7.191681e-08
2.511886e+02  3.572882e-08
5.011872e+02  1.782846e-08
3.981072e+03  2.236188e-09
1.000000e+05  8.895800e-11
-1  -1
1.034600e-03  0.000000e+00
1.034600e-03  1.251932e+06
1.100000e-03  1.074272e+06
1.150000e-03  9.759960e+05
1.230269e-03  8.270969e+05
1.364583e-03  6.436836e+05
1.479108e-03  5.261445e+05
1.621810e-03  4.147463e+05
1.778279e-03  3.243202e+05
1.950000e-03  2.518830e+05
2.213095e-03  1.765439e+05
2.400000e-03  1.394664e+05
2.754229e-03  9.279773e+04
3.019952e-03  7.016651e+04
3.427678e-03  4.745524e+04
3.845918e-03  3.298649e+04
4.315191e-03  2.278568e+04
4.897788e-03  1.503870e+04
5.432503e-03  1.063851e+04
6.165950e-03  6.919292e+03
7.079458e-03  4.288165e+03
8.035261e-03  2.743627e+03
9.015711e-03  1.816997e+03
1.023293e-02  1.147217e+03
1.161449e-02  7.192622e+02
1.333521e-02  4.288464e+02
1.531087e-02  2.536915e+02
1.737801e-02  1.557422e+02
1.995262e-02  9.083835e+01
2.317395e-02  5.028843e+01
2.754229e-02  2.519953e+01
3.311311e-02  1.195534e+01
4.000000e-02  5.518038e+00
5.069907e-02  2.074327e+00
8.912509e-02  1.996770e-01
1.083927e-01  8.918861e-02
1.273503e-01  4.623157e-02
1.479108e-01  2.530146e-02
1.678804e-01  1.529528e-02
1.905461e-01  9.315508e-03
2.000000e-01  7.723680e-03
2.089296e-01  6.556590e-03
2.317395e-01  4.427251e-03
2.570396e-01  3.009789e-03
2.851018e-01  2.060765e-03
3.162278e-01  1.421868e-03
3.467369e-01  1.029715e-03
3.758374e-01  7.814093e-04
4.027170e-01  6.201620e-04
4.365158e-01  4.772191e-04
4.731513e-01  3.697524e-04
5.128614e-01  2.884454e-04
5.559043e-01  2.265254e-04
6.165950e-01  1.674550e-04
6.683439e-01  1.331283e-04
7.244360e-01  1.065245e-04
7.852356e-01  8.585672e-05
8.511380e-01  6.957409e-05
9.015711e-01  6.023426e-05
9.549926e-01  5.250838e-05
1.000000e+00  4.731757e-05
1.059254e+00  4.184052e-05
1.135011e+00  3.637010e-05
1.216186e+00  3.183110e-05
1.333521e+00  2.685668e-05
1.698244e+00  1.751377e-05
1.905461e+00  1.436397e-05
2.137962e+00  1.186861e-05
2.454709e+00  9.513167e-06
2.818383e+00  7.683167e-06
3.235937e+00  6.250116e-06
3.758374e+00  5.035730e-06
4.365158e+00  4.086819e-06
5.128614e+00  3.288134e-06
6.095369e+00  2.624714e-06
7.413102e+00  2.049675e-06
9.015711e+00  1.613206e-06
1.122018e+01  1.244067e-06
1.445440e+01  9.290598e-07
1.862087e+01  6.992477e-07
2.540973e+01  4.976634e-07
3.672823e+01  3.355500e-07
5.559043e+01  2.174507e-07
9.015711e+01  1.320947e-07
1.798871e+02  6.541164e-08
3.589219e+02  3.258617e-08
1.428894e+03  8.146573e-09
1.000000e+05  1.162300e-10
-1  -1
3.280700e-04  0.000000e+00
3.280700e-04  1.172111e+05
3.680000e-04  1.091832e+05
4.466836e-04  9.314955e+04
4.731513e-04  8.833886e+04
5.500000e-04  7.535140e+04
5.956621e-04  6.895636e+04
6.500000e-04  6.206120e+04
7.500000e-04  5.173280e+04
8.222426e-04  4.573026e+04
9.549926e-04  3.703904e+04
1.071519e-03  3.127609e+04
1.244515e-03  2.489975e+04
1.445440e-03  1.964705e+04
1.659587e-03  1.568362e+04
1.949845e-03  1.197080e+04
2.317395e-03  8.889494e+03
2.754229e-03  6.553153e+03
3.311311e-03  4.698198e+03
4.027170e-03  3.274263e+03
4.897788e-03  2.264631e+03
6.000000e-03  1.533066e+03
7.244360e-03  1.058968e+03
8.609938e-03  7.493008e+02
1.035142e-02  5.141630e+02
1.244515e-02  3.499738e+02
1.479108e-02  2.422285e+02
1.757924e-02  1.664481e+02
2.089296e-02  1.135166e+02
2.483133e-02  7.681667e+01
2.951209e-02  5.157516e+01
3.467369e-02  3.529477e+01
4.120975e-02  2.332668e+01
4.897788e-02  1.529640e+01
5.821032e-02  9.949338e+00
7.000000e-02  6.234933e+00
8.317638e-02  3.998901e+00
1.023293e-01  2.324101e+00
1.318257e-01  1.186964e+00
2.344229e-01  2.532859e-01
2.884032e-01  1.461134e-01
3.427678e-01  9.300958e-02
3.935501e-01  6.523375e-02
4.466836e-01  4.743627e-02
5.069907e-01  3.474582e-02
5.688529e-01  2.636822e-02
6.382635e-01  2.015743e-02
7.161434e-01  1.552863e-02
8.035261e-01  1.205600e-02
8.912509e-01  9.657479e-03
9.772372e-01  7.984189e-03
1.109175e+00  6.207861e-03
1.258925e+00  4.860611e-03
1.412538e+00  3.920427e-03
1.603245e+00  3.118600e-03
1.798871e+00  2.550825e-03
2.018366e+00  2.101281e-03
2.317395e+00  1.679004e-03
2.660725e+00  1.351784e-03
3.054921e+00  1.096301e-03
3.548134e+00  8.806756e-04
4.120975e+00  7.127768e-04
4.841724e+00  5.719465e-04
5.754399e+00  4.554023e-04
6.918310e+00  3.599473e-04
8.413951e+00  2.825292e-04
1.047129e+01  2.173526e-04
1.318257e+01  1.662642e-04
1.678804e+01  1.264088e-04
2.213095e+01  9.316231e-05
3.019952e+01  6.657739e-05
4.216965e+01  4.672845e-05
6.918310e+01  2.792972e-05
1.230269e+02  1.549431e-05
2.454709e+02  7.696064e-06
4.897788e+02  3.839881e-06
1.949845e+03  9.613706e-07
1.000000e+05  1.872100e-08
-1  -1
2.650100e-04  0.000000e+00
2.650100e-04  9.404149e+04
3.715352e-04  8.805635e+04
4.100000e-04  8.560140e+04
4.415704e-04  8.324359e+04
4.731513e-04  8.060387e+04
5.069907e-04  7.751560e+04
5.432503e-04  7.401056e+04
5.888437e-04  6.964974e+04
6.382635e-04  6.510151e+04
6.918310e-04  6.036293e+04
7.585776e-04  5.494004e+04
8.222426e-04  5.029288e+04
9.015711e-04  4.511548e+04
1.000000e-03  3.962160e+04
1.096478e-03  3.505494e+04
1.230269e-03  2.982302e+04
1.364583e-03  2.559085e+04
1.531087e-03  2.142006e+04
1.698244e-03  1.812316e+04
1.905461e-03  1.494532e+04
2.150000e-03  1.211408e+04
2.426610e-03  9.738827e+03
2.754229e-03  7.689618e+03
3.126079e-03  6.024036e+03
3.548134e-03  4.683090e+03
4.027170e-03  3.613507e+03
4.570882e-03  2.767515e+03
5.188000e-03  2.103988e+03
5.888437e-03  1.587520e+03
6.683439e-03  1.188678e+03
7.500000e-03  9.074220e+02
8.413951e-03  6.889040e+02
9.549926e-03  5.049516e+02
1.083927e-02  3.674481e+02
1.230269e-02  2.655121e+02
1.412538e-02  1.848330e+02
1.621810e-02  1.276713e+02
1.862087e-02  8.752319e+01
2.137962e-02  5.955804e+01
2.483133e-02  3.893595e+01
2.884032e-02  2.525822e+01
3.349654e-02  1.626389e+01
3.935501e-02  1.004873e+01
4.677351e-02  5.954174e+00
5.559043e-02  3.502959e+00
7.000000e-02  1.710912e+00
9.885531e-02  5.790611e-01
1.445440e-01  1.752435e-01
1.798871e-01  8.864713e-02
2.187762e-01  4.854997e-02
2.540973e-01  3.084651e-02
2.917427e-01  2.043399e-02
3.311311e-01  1.410503e-02
3.758374e-01  9.807754e-03
4.216965e-01  7.098343e-03
4.731513e-01  5.174812e-03
5.308844e-01  3.801777e-03
5.888437e-01  2.900942e-03
6.531306e-01  2.229995e-03
7.244360e-01  1.727075e-03
8.413951e-01  1.206885e-03
9.015711e-01  1.027729e-03
9.660509e-01  8.811443e-04
1.023293e+00  7.800722e-04
1.109175e+00  6.623060e-04
1.216186e+00  5.534820e-04
1.333521e+00  4.660848e-04
1.531087e+00  3.637304e-04
1.757924e+00  2.851319e-04
1.972423e+00  2.344373e-04
2.264644e+00  1.870922e-04
2.600160e+00  1.504394e-04
3.000000e+00  1.209600e-04
3.467369e+00  9.776527e-05
4.027170e+00  7.903955e-05
4.731513e+00  6.335379e-05
5.623413e+00  5.039171e-05
6.760830e+00  3.979195e-05
8.222427e+00  3.120513e-05
1.011579e+01  2.431615e-05
1.258925e+01  1.882709e-05
1.621810e+01  1.410975e-05
2.137962e+01  1.038986e-05
2.818383e+01  7.700127e-06
3.981072e+01  5.330966e-06
6.456542e+01  3.221135e-06
1.109175e+02  1.849138e-06
2.213095e+02  9.176316e-07
4.415704e+02  4.576358e-07
1.757924e+03  1.145206e-07
1.000000e+05  2.010500e-09
-1  -1
2.398700e-04  0.000000e+00
2.398700e-04  3.234700e+05
2.786121e-04  3.053074e+05
3.126079e-04  2.903824e+05
3.467369e-04  2.753573e+05
3.801894e-04  2.605482e+05
4.120975e-04  2.464833e+05
4.466836e-04  2.315640e+05
4.850000e-04  2.154396e+05
5.308844e-04  1.975052e+05
5.800000e-04  1.801796e+05
6.309573e-04  1.639014e+05
7.000000e-04  1.447136e+05
7.673615e-04  1.287502e+05
8.511380e-04  1.119914e+05
9.440609e-04  9.673572e+04
1.059254e-03  8.153173e+04
1.174898e-03  6.942545e+04
1.318257e-03  5.764953e+04
1.479108e-03  4.751275e+04
1.659587e-03  3.888156e+04
1.883649e-03  3.094311e+04
2.150000e-03  2.416668e+04
2.454709e-03  1.870402e+04
2.786121e-03  1.452852e+04
3.150000e-03  1.129244e+04
3.548134e-03  8.787454e+03
4.000000e-03  6.781560e+03
4.500000e-03  5.224240e+03
5.069907e-03  3.985932e+03
5.754399e-03  2.969306e+03
6.531306e-03  2.195171e+03
7.413102e-03  1.610510e+03
8.413951e-03  1.172320e+03
9.549926e-03  8.470460e+02
1.083927e-02  6.075827e+02
1.230269e-02  4.326465e+02
1.396368e-02  3.059048e+02
1.603245e-02  2.079488e+02
1.840772e-02  1.402418e+02
2.113489e-02  9.384378e+01
2.426610e-02  6.232093e+01
2.786121e-02  4.109113e+01
3.235937e-02  2.596746e+01
3.758374e-02  1.628738e+01
4.415704e-02  9.780526e+00
5.248075e-02  5.617989e+00
6.382635e-02  2.971625e+00
7.943282e-02  1.446284e+00
1.531088e-01  1.633527e-01
1.840772e-01  8.911763e-02
2.187762e-01  5.087052e-02
2.511886e-01  3.271668e-02
2.851018e-01  2.198804e-02
3.198895e-01  1.543010e-02
3.589219e-01  1.091020e-02
4.000000e-01  7.932739e-03
4.415705e-01  5.972591e-03
4.897788e-01  4.469790e-03
5.370318e-01  3.478875e-03
5.888437e-01  2.726069e-03
6.456542e-01  2.151702e-03
7.079458e-01  1.710465e-03
7.762471e-01  1.369161e-03
8.609938e-01  1.071450e-03
9.225714e-01  9.153042e-04
9.885531e-01  7.875472e-04
1.071519e+00  6.670330e-04
1.174898e+00  5.559189e-04
1.288250e+00  4.667506e-04
1.428894e+00  3.863912e-04
1.698244e+00  2.843531e-04
1.905461e+00  2.333011e-04
2.137962e+00  1.928376e-04
2.454709e+00  1.545796e-04
2.818383e+00  1.248297e-04
3.235937e+00  1.015390e-04
3.758374e+00  8.180943e-05
4.365158e+00  6.639264e-05
5.128614e+00  5.341675e-05
6.095369e+00  4.263926e-05
7.328245e+00  3.377907e-05
8.912509e+00  2.657430e-05
1.109175e+01  2.048545e-05
1.412538e+01  1.549372e-05
1.819701e+01  1.165417e-05
2.483133e+01  8.288279e-06
3.589219e+01  5.585854e-06
5.248075e+01  3.750488e-06
8.511380e+01  2.276316e-06
1.678804e+02  1.139655e-06
3.349654e+02  5.674777e-07
1.333521e+03  1.418251e-07
1.000000e+05  1.888100e-09
-1  -1
1.350500e-04  0.000000e+00
1.350500e-04  4.165440e+05
1.355000e-04  4.356160e+05
1.375000e-04  5.393640e+05
1.385000e-04  5.968720e+05
1.393000e-04  6.431280e+05
1.400000e-04  6.823080e+05
1.407000e-04  7.193000e+05
1.415000e-04  7.578280e+05
1.422000e-04  7.874360e+05
1.428894e-04  8.123055e+05
1.435000e-04  8.304400e+05
1.442000e-04  8.466760e+05
1.450000e-04  8.591440e+05
1.457000e-04  8.650520e+05
1.465000e-04  8.665200e+05
1.473000e-04  8.629720e+05
1.481000e-04  8.551400e+05
1.492000e-04  8.386920e+05
1.505000e-04  8.129400e+05
1.520000e-04  7.777840e+05
1.535000e-04  7.394680e+05
1.550000e-04  7.000200e+05
1.570000e-04  6.476640e+05
1.590000e-04  5.971160e+05
1.621810e-04  5.224293e+05
1.659587e-04  4.440216e+05
1.750000e-04  3.025232e+05
1.780000e-04  2.689004e+05
1.810000e-04  2.410368e+05
1.835000e-04  2.217520e+05
1.858000e-04  2.068376e+05
1.880000e-04  1.948368e+05
1.900000e-04  1.856444e+05
1.922000e-04  1.772524e+05
1.945000e-04  1.701908e+05
1.965000e-04  1.653304e+05
1.990000e-04  1.607292e+05
2.010000e-04  1.580996e+05
2.030000e-04  1.563008e+05
2.050000e-04  1.552472e+05
2.070000e-04  1.548604e+05
2.100000e-04  1.553736e+05
2.128000e-04  1.568676e+05
2.162719e-04  1.598457e+05
2.205000e-04  1.648056e+05
2.260000e-04  1.728700e+05
2.344229e-04  1.874166e+05
2.500000e-04  2.170328e+05
2.600160e-04  2.358744e+05
2.691535e-04  2.519871e+05
2.786121e-04  2.670771e+05
2.884032e-04  2.808307e+05
2.985383e-04  2.930652e+05
3.100000e-04  3.045792e+05
3.200000e-04  3.127440e+05
3.320000e-04  3.203804e+05
3.430000e-04  3.254592e+05
3.550000e-04  3.291200e+05
3.700000e-04  3.313420e+05
3.850000e-04  3.314264e+05
4.027170e-04  3.293165e+05
4.216965e-04  3.249058e+05
4.430000e-04  3.179568e+05
4.677351e-04  3.079552e+05
4.954502e-04  2.953668e+05
5.248075e-04  2.811924e+05
5.559043e-04  2.657267e+05
5.900000e-04  2.488964e+05
6.309573e-04  2.295286e+05
6.700000e-04  2.120856e+05
7.161434e-04  1.929739e+05
7.673615e-04  1.738513e+05
8.222426e-04  1.555595e+05
8.912509e-04  1.355975e+05
9.549926e-04  1.198000e+05
1.042000e-03  1.016433e+05
1.122018e-03  8.786097e+04
1.230269e-03  7.269466e+04
1.333521e-03  6.118091e+04
1.462177e-03  4.987266e+04
1.603245e-03  4.034535e+04
1.757924e-03  3.241791e+04
1.950000e-03  2.513936e+04
2.187762e-03  1.877962e+04
2.454709e-03  1.389393e+04
2.722701e-03  1.051164e+04
3.054921e-03  7.646195e+03
3.427678e-03  5.514658e+03
3.845918e-03  3.943484e+03
4.315191e-03  2.797858e+03
4.786301e-03  2.039392e+03
5.370318e-03  1.424176e+03
6.025596e-03  9.868297e+02
6.760830e-03  6.785620e+02
7.585776e-03  4.631048e+02
8.511380e-03  3.137034e+02
9.660509e-03  2.027725e+02
1.096478e-02  1.300431e+02
1.244515e-02  8.275695e+01
1.412538e-02  5.228227e+01
1.621810e-02  3.143380e+01
1.862087e-02  1.875420e+01
2.137962e-02  1.110588e+01
2.483133e-02  6.246508e+00
2.917427e-02  3.334749e+00
3.467369e-02  1.688919e+00
4.216965e-02  7.750747e-01
5.370318e-02  2.936611e-01
9.120108e-02  3.472069e-02
1.135011e-01  1.446821e-02
1.348963e-01  7.297897e-03
1.566751e-01  4.059729e-03
1.798871e-01  2.378472e-03
2.065380e-01  1.403566e-03
2.344229e-01  8.715151e-04
2.630268e-01  5.690481e-04
2.951209e-01  3.743417e-04
3.273407e-01  2.586926e-04
3.630781e-01  1.800453e-04
4.027170e-01  1.262386e-04
4.466836e-01  8.921159e-05
4.954502e-01  6.354034e-05
5.432503e-01  4.729559e-05
5.956621e-01  3.545000e-05
6.456542e-01  2.774522e-05
7.079458e-01  2.112464e-05
8.035261e-01  1.468966e-05
8.609938e-01  1.203001e-05
9.120108e-01  1.025620e-05
9.549926e-01  9.083017e-06
1.000000e+00  8.098100e-06
1.035142e+00  7.467867e-06
1.083927e+00  6.748056e-06
1.135011e+00  6.137981e-06
1.202264e+00  5.493764e-06
1.303167e+00  4.747013e-06
1.428894e+00  4.050122e-06
1.513561e+00  3.674553e-06
1.819701e+00  2.660024e-06
2.018366e+00  2.232525e-06
2.317395e+00  1.784134e-06
2.660725e+00  1.436326e-06
3.054921e+00  1.164726e-06
3.548134e+00  9.356657e-07
4.120975e+00  7.572997e-07
4.841724e+00  6.076727e-07
5.754399e+00  4.838386e-07
6.918310e+00  3.824357e-07
8.413951e+00  3.001790e-07
1.047129e+01  2.309347e-07
1.318257e+01  1.766544e-07
1.678804e+01  1.343002e-07
2.213095e+01  9.898233e-08
3.019952e+01  7.073577e-08
4.265795e+01  4.905209e-08
6.918310e+01  2.967465e-08
1.244515e+02  1.626977e-08
2.483133e+02  8.082574e-09
4.954502e+02  4.032876e-09
1.972423e+03  1.009712e-09
1.000000e+05  1.989100e-11
-1  -1
1.305900e-04  0.000000e+00
1.305900e-04  6.134820e+05
1.324000e-04  7.630380e+05
1.333521e-04  8.497443e+05
1.340000e-04  9.091500e+05
1.348000e-04  9.813060e+05
1.354000e-04  1.033356e+06
1.360000e-04  1.082598e+06
1.367000e-04  1.135356e+06
1.373000e-04  1.175796e+06
1.380384e-04  1.218613e+06
1.387700e-04  1.252845e+06
1.395000e-04  1.278558e+06
1.403000e-04  1.297146e+06
1.411000e-04  1.306116e+06
1.419000e-04  1.306338e+06
1.427000e-04  1.298838e+06
1.435000e-04  1.284756e+06
1.445440e-04  1.258388e+06
1.458000e-04  1.217766e+06
1.472000e-04  1.165086e+06
1.485000e-04  1.112328e+06
1.500000e-04  1.049712e+06
1.520000e-04  9.667860e+05
1.548817e-04  8.533966e+05
1.584893e-04  7.259994e+05
1.693900e-04  4.461629e+05
1.720000e-04  4.006962e+05
1.740000e-04  3.707196e+05
1.760000e-04  3.446124e+05
1.780000e-04  3.220662e+05
1.800000e-04  3.027600e+05
1.820000e-04  2.863866e+05
1.842000e-04  2.714424e+05
1.865000e-04  2.588796e+05
1.885000e-04  2.502210e+05
1.905461e-04  2.433159e+05
1.927525e-04  2.378401e+05
1.950000e-04  2.341278e+05
1.973000e-04  2.320482e+05
2.000000e-04  2.315412e+05
2.020000e-04  2.323404e+05
2.050000e-04  2.351430e+05
2.080000e-04  2.395692e+05
2.120000e-04  2.474850e+05
2.170000e-04  2.597922e+05
2.238721e-04  2.795198e+05
2.371374e-04  3.214765e+05
2.454709e-04  3.480058e+05
2.540973e-04  3.743585e+05
2.630268e-04  3.996692e+05
2.722701e-04  4.232068e+05
2.800000e-04  4.406004e+05
2.900000e-04  4.599900e+05
3.000000e-04  4.760784e+05
3.100000e-04  4.891854e+05
3.200000e-04  4.995996e+05
3.320000e-04  5.088426e+05
3.430000e-04  5.144370e+05
3.550000e-04  5.177142e+05
3.700000e-04  5.183004e+05
3.850000e-04  5.158224e+05
4.050000e-04  5.089638e+05
4.216965e-04  5.006810e+05
4.430000e-04  4.876854e+05
4.677351e-04  4.701381e+05
4.954502e-04  4.487289e+05
5.248075e-04  4.252734e+05
5.559043e-04  4.003451e+05
5.900000e-04  3.735804e+05
6.309573e-04  3.430251e+05
6.760830e-04  3.118667e+05
7.244360e-04  2.814866e+05
7.800000e-04  2.504022e+05
8.413951e-04  2.204817e+05
9.120108e-04  1.910490e+05
9.885530e-04  1.643321e+05
1.071519e-03  1.403252e+05
1.174898e-03  1.162064e+05
1.273503e-03  9.783124e+04
1.396368e-03  7.979461e+04
1.548817e-03  6.286077e+04
1.698244e-03  5.046259e+04
1.862087e-03  4.024903e+04
2.070000e-03  3.078768e+04
2.317395e-03  2.292510e+04
2.600160e-03  1.681579e+04
2.917427e-03  1.222489e+04
3.273407e-03  8.809656e+03
3.630781e-03  6.512916e+03
4.027170e-03  4.782142e+03
4.518559e-03  3.365757e+03
5.011872e-03  2.436821e+03
5.559043e-03  1.752813e+03
6.165950e-03  1.252637e+03
6.918310e-03  8.558890e+02
7.762471e-03  5.803022e+02
8.709636e-03  3.906669e+02
9.772372e-03  2.610559e+02
1.109175e-02  1.662500e+02
1.258925e-02  1.050717e+02
1.428894e-02  6.591498e+01
1.621810e-02  4.105062e+01
1.862087e-02  2.429598e+01
2.137962e-02  1.426752e+01
2.454709e-02  8.317205e+00
2.851018e-02  4.601059e+00
3.349654e-02  2.413106e+00
4.027170e-02  1.144677e+00
5.011872e-02  4.680263e-01
6.382635e-02  1.728370e-01
9.015711e-02  4.153048e-02
1.109175e-01  1.777219e-02
1.303167e-01  9.248069e-03
1.500000e-01  5.265273e-03
1.717908e-01  3.080924e-03
1.927525e-01  1.968190e-03
2.162719e-01  1.265879e-03
2.398833e-01  8.567593e-04
2.660725e-01  5.842867e-04
2.917427e-01  4.187754e-04
3.198895e-01  3.023699e-04
3.507519e-01  2.199878e-04
3.845918e-01  1.612550e-04
4.216965e-01  1.190480e-04
4.570882e-01  9.184981e-05
4.954502e-01  7.131248e-05
5.370318e-01  5.572845e-05
5.821032e-01  4.385680e-05
6.165950e-01  3.714775e-05
6.683439e-01  2.966340e-05
7.244360e-01  2.385747e-05
8.609938e-01  1.517875e-05
9.120108e-01  1.313034e-05
9.660509e-01  1.143884e-05
1.011579e+00  1.030746e-05
1.071519e+00  9.113206e-06
1.135011e+00  8.106790e-06
1.216186e+00  7.092991e-06
1.318257e+00  6.114588e-06
1.798871e+00  3.541176e-06
2.000000e+00  2.959200e-06
2.290868e+00  2.372412e-06
2.630268e+00  1.908790e-06
3.019952e+00  1.546996e-06
3.507519e+00  1.242041e-06
4.073803e+00  1.004725e-06
4.786301e+00  8.057537e-07
5.688529e+00  6.412325e-07
6.839116e+00  5.065916e-07
8.317638e+00  3.974576e-07
1.035142e+01  3.056364e-07
1.303167e+01  2.337152e-07
1.659587e+01  1.776217e-07
2.162719e+01  1.325325e-07
2.851018e+01  9.824398e-08
4.000000e+01  6.851800e-08
6.531306e+01  4.111512e-08
1.122018e+02  2.360696e-08
2.238721e+02  1.171596e-08
4.466836e+02  5.843419e-09
1.778279e+03  1.462337e-09
1.000000e+05  2.597000e-11
-1  -1
8.880000e-06  0.000000e+00
8.880000e-06  1.806733e+05
9.120108e-06  1.779461e+05
9.440609e-06  1.752961e+05
9.700000e-06  1.740193e+05
1.000000e-05  1.734422e+05
1.035142e-05  1.740018e+05
1.071519e-05  1.757643e+05
1.110000e-05  1.789402e+05
1.150000e-05  1.835619e+05
1.190000e-05  1.893750e+05
1.230269e-05  1.963739e+05
1.273503e-05  2.051091e+05
1.330000e-05  2.182674e+05
1.396368e-05  2.360437e+05
1.462177e-05  2.559393e+05
1.548817e-05  2.853383e+05
1.659587e-05  3.278008e+05
1.819701e-05  3.980499e+05
2.187762e-05  5.915650e+05
2.400000e-05  7.171724e+05
2.570396e-05  8.216451e+05
2.730000e-05  9.195098e+05
2.900000e-05  1.021906e+06
3.054921e-05  1.112080e+06
3.235937e-05  1.212274e+06
3.427678e-05  1.311139e+06
3.630781e-05  1.407334e+06
3.850000e-05  1.501931e+06
4.073803e-05  1.589356e+06
4.365158e-05  1.690307e+06
4.677351e-05  1.784546e+06
5.011872e-05  1.870379e+06
5.308844e-05  1.932956e+06
5.650000e-05  1.989856e+06
5.956621e-05  2.026627e+06
6.309573e-05  2.052730e+06
6.683439e-05  2.064736e+06
7.079458e-05  2.061683e+06
7.585776e-05  2.041688e+06
8.128305e-05  2.006987e+06
8.810489e-05  1.952838e+06
9.500000e-05  1.889983e+06
1.023293e-04  1.818065e+06
1.096478e-04  1.739869e+06
1.161449e-04  1.668667e+06
1.244515e-04  1.575575e+06
1.333521e-04  1.478679e+06
1.450000e-04  1.357984e+06
1.548817e-04  1.261109e+06
1.650000e-04  1.168058e+06
1.778279e-04  1.057489e+06
1.905461e-04  9.571009e+05
2.041738e-04  8.607206e+05
2.190000e-04  7.675017e+05
2.350000e-04  6.785473e+05
2.500000e-04  6.051179e+05
2.691535e-04  5.239508e+05
2.884032e-04  4.546138e+05
3.090295e-04  3.917921e+05
3.311311e-04  3.354939e+05
3.548134e-04  2.855087e+05
3.845918e-04  2.347555e+05
4.168694e-04  1.915410e+05
4.518559e-04  1.551428e+05
4.897788e-04  1.247965e+05
5.308844e-04  9.973671e+04
5.821032e-04  7.662320e+04
6.382635e-04  5.843712e+04
7.000000e-04  4.422392e+04
7.673615e-04  3.328404e+04
8.413951e-04  2.486648e+04
9.332543e-04  1.778052e+04
1.035142e-03  1.262200e+04
1.148154e-03  8.897158e+03
1.273503e-03  6.228774e+03
1.412538e-03  4.331837e+03
1.584893e-03  2.872040e+03
1.778279e-03  1.889663e+03
2.000000e-03  1.222941e+03
2.238721e-03  7.995620e+02
2.511886e-03  5.143225e+02
2.818383e-03  3.284422e+02
3.162278e-03  2.082569e+02
3.427678e-03  1.506181e+02
3.890451e-03  8.974244e+01
4.466836e-03  5.063752e+01
5.011872e-03  3.121250e+01
5.623413e-03  1.908152e+01
6.309573e-03  1.158232e+01
7.161434e-03  6.636184e+00
8.128305e-03  3.772558e+00
9.332543e-03  2.022011e+00
1.122018e-02  8.725963e-01
1.303167e-02  4.375747e-01
1.500000e-02  2.271210e-01
1.737801e-02  1.134337e-01
2.018366e-02  5.557607e-02
2.371374e-02  2.554052e-02
2.851018e-02  1.041583e-02
3.589219e-02  3.365041e-03
6.237348e-02  2.216911e-04
7.852356e-02  7.182667e-05
9.332543e-02  3.101876e-05
1.071519e-01  1.595023e-05
1.216186e-01  8.727071e-06
1.380384e-01  4.809856e-06
1.548817e-01  2.819003e-06
1.737801e-01  1.665069e-06
1.949845e-01  9.909011e-07
2.187762e-01  5.935430e-07
2.398833e-01  3.963609e-07
2.630268e-01  2.664977e-07
2.851018e-01  1.895194e-07
3.090295e-01  1.356407e-07
3.349654e-01  9.773908e-08
3.672823e-01  6.768725e-08
4.168694e-01  4.123136e-08
4.570882e-01  2.892464e-08
5.000000e-01  2.063100e-08
5.432503e-01  1.521123e-08
5.888437e-01  1.139727e-08
6.309573e-01  8.964556e-09
6.839117e-01  6.827911e-09
7.413102e-01  5.238338e-09
8.035261e-01  4.040883e-09
8.511380e-01  3.332819e-09
8.912509e-01  2.874009e-09
9.225714e-01  2.584197e-09
9.549926e-01  2.335313e-09
9.885531e-01  2.122784e-09
1.023293e+00  1.942503e-09
1.059254e+00  1.788585e-09
1.096478e+00  1.655900e-09
1.148154e+00  1.505293e-09
1.202264e+00  1.378129e-09
1.288250e+00  1.218432e-09
1.380384e+00  1.085070e-09
1.500000e+00  9.493600e-10
1.883649e+00  6.377880e-10
2.065380e+00  5.465970e-10
2.371374e+00  4.373160e-10
2.722701e+00  3.525130e-10
3.126079e+00  2.862280e-10
3.630781e+00  2.302050e-10
4.216965e+00  1.865250e-10
4.954502e+00  1.498370e-10
5.888437e+00  1.194270e-10
7.079458e+00  9.448030e-11
8.609938e+00  7.422740e-11
1.071519e+01  5.715080e-11
1.348963e+01  4.375120e-11
1.717908e+01  3.328470e-11
2.290868e+01  2.423680e-11
3.311311e+01  1.630180e-11
4.623810e+01  1.146500e-11
7.585776e+01  6.863050e-12
1.445440e+02  3.553460e-12
2.884032e+02  1.767410e-12
1.148154e+03  4.414060e-13
1.000000e+05  5.058200e-15
-1  -1
8.350000e-06  0.000000e+00
8.350000e-06  2.578323e+05
8.609938e-06  2.526947e+05
8.912509e-06  2.487528e+05
9.225714e-06  2.464644e+05
9.600000e-06  2.459649e+05
9.930000e-06  2.474309e+05
1.023293e-05  2.501277e+05
1.060000e-05  2.550417e+05
1.100000e-05  2.623152e+05
1.135011e-05  2.701704e+05
1.180000e-05  2.820957e+05
1.230269e-05  2.976777e+05
1.290000e-05  3.190311e+05
1.350000e-05  3.433139e+05
1.428894e-05  3.791802e+05
1.513561e-05  4.221814e+05
1.640590e-05  4.946270e+05
2.162719e-05  8.707010e+05
2.350000e-05  1.025528e+06
2.511886e-05  1.162520e+06
2.660725e-05  1.288460e+06
2.818383e-05  1.419016e+06
2.985383e-05  1.551698e+06
3.162278e-05  1.684926e+06
3.350000e-05  1.816481e+06
3.548134e-05  1.943120e+06
3.758374e-05  2.065320e+06
4.000000e-05  2.191695e+06
4.265795e-05  2.313817e+06
4.570882e-05  2.436462e+06
4.900000e-05  2.548332e+06
5.248075e-05  2.643679e+06
5.559043e-05  2.709909e+06
5.900000e-05  2.760092e+06
6.237348e-05  2.789435e+06
6.606934e-05  2.800575e+06
7.000000e-05  2.791691e+06
7.500000e-05  2.760354e+06
8.035261e-05  2.708187e+06
8.709636e-05  2.630723e+06
9.549926e-05  2.521191e+06
1.023293e-04  2.424707e+06
1.100000e-04  2.311392e+06
1.174898e-04  2.196059e+06
1.260000e-04  2.066772e+06
1.380384e-04  1.890724e+06
1.500000e-04  1.727250e+06
1.584893e-04  1.618408e+06
1.698244e-04  1.481787e+06
1.826000e-04  1.339049e+06
1.927525e-04  1.235580e+06
2.089296e-04  1.087909e+06
2.264644e-04  9.488643e+05
2.450000e-04  8.221963e+05
2.630268e-04  7.166334e+05
2.818383e-04  6.225483e+05
3.019952e-04  5.371924e+05
3.235937e-04  4.605242e+05
3.467369e-04  3.923385e+05
3.758374e-04  3.229869e+05
4.073803e-04  2.638371e+05
4.415704e-04  2.139380e+05
4.786301e-04  1.722663e+05
5.188000e-04  1.377952e+05
5.688529e-04  1.059530e+05
6.237348e-04  8.086516e+04
6.839116e-04  6.128495e+04
7.585776e-04  4.451549e+04
8.317638e-04  3.327722e+04
9.225714e-04  2.380909e+04
1.023293e-03  1.690643e+04
1.135011e-03  1.191674e+04
1.258925e-03  8.338997e+03
1.396368e-03  5.793321e+03
1.548817e-03  3.996820e+03
1.737801e-03  2.626458e+03
2.000000e-03  1.560634e+03
2.238721e-03  1.020218e+03
2.483133e-03  6.855631e+02
2.691535e-03  5.005291e+02
3.000000e-03  3.249218e+02
3.349654e-03  2.079607e+02
3.935501e-03  1.072546e+02
4.466836e-03  6.325707e+01
5.011872e-03  3.887181e+01
5.559043e-03  2.492611e+01
6.237348e-03  1.509311e+01
7.079458e-03  8.627197e+00
8.128305e-03  4.649100e+00
9.332543e-03  2.487826e+00
1.071519e-02  1.321606e+00
1.244515e-02  6.608236e-01
1.445440e-02  3.280944e-01
1.678804e-02  1.616628e-01
1.927525e-02  8.351887e-02
2.162719e-02  4.785696e-02
2.540973e-02  2.177536e-02
3.162278e-02  7.409445e-03
4.265795e-02  1.680814e-03
7.328245e-02  1.144779e-04
8.709636e-02  4.887900e-05
1.011580e-01  2.353331e-05
1.161449e-01  1.206667e-05
1.303167e-01  6.962407e-06
1.445440e-01  4.271133e-06
1.603245e-01  2.638760e-06
1.778279e-01  1.641598e-06
1.972423e-01  1.028758e-06
2.187762e-01  6.490423e-07
2.398833e-01  4.342631e-07
2.600160e-01  3.076294e-07
2.818383e-01  2.195734e-07
3.054921e-01  1.578461e-07
3.273407e-01  1.196634e-07
3.548134e-01  8.727633e-08
3.845918e-01  6.411693e-08
4.168694e-01  4.743151e-08
4.518559e-01  3.528038e-08
4.897788e-01  2.643434e-08
5.248075e-01  2.077996e-08
5.623413e-01  1.645863e-08
6.025596e-01  1.312353e-08
6.456542e-01  1.053418e-08
6.918310e-01  8.514529e-09
7.413102e-01  6.925886e-09
8.035261e-01  5.484047e-09
8.609938e-01  4.509590e-09
9.120108e-01  3.852747e-09
9.691100e-01  3.284400e-09
1.000000e+00  3.033200e-09
1.035142e+00  2.794844e-09
1.083927e+00  2.523042e-09
1.135011e+00  2.293212e-09
1.202264e+00  2.051331e-09
1.288250e+00  1.809528e-09
1.396368e+00  1.575031e-09
1.513561e+00  1.376383e-09
1.840772e+00  9.769709e-10
2.018366e+00  8.362150e-10
2.317395e+00  6.682060e-10
2.660725e+00  5.379600e-10
3.054921e+00  4.362630e-10
3.548134e+00  3.504600e-10
4.120975e+00  2.836500e-10
4.841724e+00  2.276100e-10
5.754399e+00  1.812220e-10
6.918310e+00  1.432460e-10
8.413951e+00  1.124380e-10
1.047129e+01  8.649650e-11
1.318257e+01  6.616680e-11
1.678804e+01  5.030400e-11
2.200000e+01  3.731600e-11
2.951209e+01  2.715680e-11
4.120975e+01  1.905090e-11
6.683439e+01  1.151830e-11
1.161449e+02  6.538150e-12
2.317395e+02  3.245840e-12
4.623810e+02  1.619130e-12
1.840772e+03  4.052700e-13
1.000000e+05  7.450300e-15
-1  -1
4.627000e-05  0.000000e+00
4.627000e-05  5.489220e+04
4.677351e-05  5.585599e+04
4.841724e-05  5.966237e+04
5.308844e-05  7.223842e+04
5.580000e-05  7.962040e+04
5.821032e-05  8.583631e+04
6.070000e-05  9.175700e+04
6.309573e-05  9.690056e+04
6.531306e-05  1.011525e+05
6.800000e-05  1.056174e+05
7.079458e-05  1.094666e+05
7.328245e-05  1.122269e+05
7.585776e-05  1.144510e+05
7.900000e-05  1.163586e+05
8.222426e-05  1.175034e+05
8.609938e-05  1.179777e+05
9.015711e-05  1.176502e+05
9.500000e-05  1.164584e+05
1.011579e-04  1.141190e+05
1.083927e-04  1.107090e+05
1.161449e-04  1.066678e+05
1.244515e-04  1.021145e+05
1.333521e-04  9.711314e+04
1.428894e-04  9.176113e+04
1.548817e-04  8.526404e+04
1.698244e-04  7.781717e+04
1.905461e-04  6.886665e+04
2.113489e-04  6.125115e+04
2.371374e-04  5.333918e+04
2.754229e-04  4.418063e+04
3.126079e-04  3.743343e+04
3.715352e-04  2.959568e+04
4.315191e-04  2.398917e+04
5.188000e-04  1.838232e+04
6.237348e-04  1.397419e+04
7.413102e-04  1.073322e+04
8.810489e-04  8.189694e+03
1.059254e-03  6.090545e+03
1.273503e-03  4.493328e+03
1.513561e-03  3.354678e+03
1.840772e-03  2.389825e+03
2.238721e-03  1.689544e+03
2.691535e-03  1.210921e+03
3.427678e-03  7.748560e+02
4.216965e-03  5.244934e+02
5.188000e-03  3.523176e+02
6.382635e-03  2.348470e+02
7.762471e-03  1.589580e+02
9.332543e-03  1.093040e+02
1.122018e-02  7.459928e+01
1.348963e-02  5.052442e+01
1.603245e-02  3.481351e+01
1.927525e-02  2.322316e+01
2.344229e-02  1.499505e+01
2.786121e-02  1.011853e+01
3.162278e-02  7.539583e+00
3.715352e-02  5.144321e+00
4.365158e-02  3.484267e+00
5.188000e-02  2.277416e+00
6.165950e-02  1.477343e+00
7.413102e-02  9.239805e-01
8.709636e-02  6.087690e-01
1.083927e-01  3.426425e-01
1.428894e-01  1.642996e-01
2.371374e-01  4.216679e-02
2.917427e-01  2.433673e-02
3.467369e-01  1.550043e-02
4.000000e-01  1.074800e-02
4.570882e-01  7.692625e-03
5.188000e-01  5.642870e-03
5.821032e-01  4.288337e-03
6.531306e-01  3.283330e-03
7.328245e-01  2.533337e-03
8.317638e-01  1.921136e-03
9.120108e-01  1.580390e-03
1.000000e+00  1.309000e-03
1.148154e+00  9.966345e-04
1.288250e+00  7.992176e-04
1.445440e+00  6.454848e-04
1.640590e+00  5.141969e-04
1.840772e+00  4.211665e-04
2.065380e+00  3.474433e-04
2.371374e+00  2.779772e-04
2.722701e+00  2.240731e-04
3.126079e+00  1.819399e-04
3.630781e+00  1.463295e-04
4.216965e+00  1.185637e-04
4.954502e+00  9.524216e-05
5.888437e+00  7.591197e-05
7.079458e+00  6.005698e-05
8.609938e+00  4.718262e-05
1.071519e+01  3.632821e-05
1.348963e+01  2.781031e-05
1.717908e+01  2.115729e-05
2.290868e+01  1.540629e-05
3.273407e+01  1.049115e-05
4.570882e+01  7.376036e-06
7.413102e+01  4.467136e-06
1.412538e+02  2.312216e-06
2.818383e+02  1.149817e-06
1.122018e+03  2.871286e-07
1.000000e+05  3.215200e-09
-1  -1
2.896000e-05  0.000000e+00
2.896000e-05  7.013360e+06
3.235937e-05  4.661614e+06
3.801894e-05  2.601807e+06
4.216965e-05  1.776335e+06
5.188000e-05  8.195709e+05
5.688529e-05  5.848132e+05
6.165950e-05  4.385266e+05
6.606934e-05  3.449799e+05
7.000000e-05  2.838200e+05
7.413102e-05  2.353144e+05
7.800000e-05  2.005180e+05
8.222426e-05  1.710911e+05
8.650000e-05  1.480130e+05
9.015711e-05  1.322929e+05
9.440609e-05  1.175486e+05
9.900000e-05  1.048354e+05
1.040000e-04  9.384260e+04
1.083927e-04  8.602543e+04
1.141600e-04  7.771586e+04
1.202264e-04  7.076704e+04
1.260000e-04  6.542680e+04
1.330000e-04  6.019840e+04
1.400000e-04  5.598940e+04
1.480000e-04  5.208720e+04
1.584893e-04  4.800612e+04
1.720000e-04  4.390460e+04
1.905461e-04  3.957776e+04
2.213095e-04  3.432873e+04
2.951209e-04  2.625930e+04
3.427678e-04  2.269285e+04
3.935501e-04  1.970800e+04
4.466836e-04  1.720259e+04
5.128614e-04  1.472474e+04
5.800000e-04  1.272862e+04
6.531306e-04  1.099121e+04
7.413102e-04  9.332433e+03
8.413951e-04  7.866271e+03
9.549926e-04  6.580092e+03
1.083927e-03  5.461876e+03
1.230269e-03  4.498560e+03
1.396368e-03  3.676779e+03
1.584893e-03  2.982321e+03
1.798871e-03  2.400994e+03
2.041738e-03  1.918997e+03
2.317395e-03  1.523012e+03
2.630268e-03  1.200263e+03
3.000000e-03  9.303760e+02
3.427678e-03  7.133664e+02
3.890451e-03  5.503178e+02
4.415704e-03  4.216157e+02
5.011872e-03  3.207417e+02
5.688529e-03  2.422460e+02
6.456542e-03  1.816478e+02
7.328245e-03  1.352276e+02
8.317638e-03  9.992965e+01
9.440609e-03  7.329679e+01
1.071519e-02  5.338081e+01
1.216186e-02  3.860843e+01
1.448320e-02  2.445668e+01
1.603245e-02  1.865254e+01
1.819701e-02  1.321326e+01
2.089296e-02  9.004493e+00
2.398833e-02  6.094350e+00
2.786121e-02  3.962704e+00
3.235937e-02  2.557335e+00
3.801894e-02  1.583402e+00
4.518559e-02  9.401002e-01
5.370318e-02  5.541491e-01
6.683439e-02  2.812789e-01
9.015711e-02  1.101627e-01
1.445440e-01  2.495992e-02
1.798871e-01  1.262599e-02
2.162719e-01  7.162844e-03
2.511886e-01  4.548878e-03
2.884032e-01  3.011726e-03
3.273407e-01  2.077622e-03
3.715352e-01  1.443605e-03
4.168694e-01  1.043990e-03
4.677351e-01  7.604272e-04
5.188000e-01  5.755238e-04
5.754399e-01  4.385129e-04
6.382635e-01  3.365209e-04
7.079458e-01  2.601704e-04
7.852356e-01  2.026468e-04
8.709636e-01  1.584646e-04
9.332543e-01  1.353667e-04
9.885531e-01  1.193965e-04
1.071519e+00  1.010590e-04
1.161449e+00  8.610988e-05
1.273503e+00  7.223879e-05
1.412538e+00  5.977800e-05
1.698244e+00  4.310329e-05
1.905461e+00  3.536301e-05
2.137962e+00  2.923102e-05
2.454709e+00  2.343194e-05
2.818383e+00  1.892153e-05
3.235937e+00  1.539111e-05
3.758374e+00  1.240095e-05
4.415704e+00  9.906425e-06
5.188000e+00  7.974319e-06
6.165950e+00  6.368463e-06
7.498942e+00  4.975693e-06
9.120108e+00  3.917743e-06
1.135011e+01  3.022572e-06
1.462177e+01  2.258079e-06
1.883649e+01  1.700091e-06
2.570396e+01  1.210341e-06
3.672823e+01  8.262744e-07
5.559043e+01  5.354668e-07
9.120108e+01  3.214730e-07
1.819701e+02  1.592098e-07
3.630781e+02  7.931953e-08
1.445440e+03  1.983130e-08
1.000000e+05  2.862000e-10
-1  -1
2.546000e-05  0.000000e+00
2.546000e-05  1.492380e+07
2.722701e-05  1.139645e+07
2.900000e-05  8.914560e+06
3.198895e-05  6.148129e+06
4.168694e-05  2.277436e+06
4.518559e-05  1.692867e+06
4.841724e-05  1.321495e+06
5.150000e-05  1.066648e+06
5.432503e-05  8.918943e+05
5.754399e-05  7.410164e+05
6.025596e-05  6.429141e+05
6.309573e-05  5.612218e+05
6.606934e-05  4.931915e+05
6.918310e-05  4.365288e+05
7.244360e-05  3.893078e+05
7.585776e-05  3.498964e+05
7.900000e-05  3.205640e+05
8.222426e-05  2.957819e+05
8.609938e-05  2.714549e+05
9.015711e-05  2.508111e+05
9.500000e-05  2.309240e+05
1.000000e-04  2.143248e+05
1.060000e-04  1.981624e+05
1.135011e-04  1.820156e+05
1.230269e-04  1.659352e+05
1.350000e-04  1.502908e+05
1.566751e-04  1.294636e+05
2.041738e-04  9.965806e+04
2.426610e-04  8.341746e+04
2.818383e-04  7.102264e+04
3.235937e-04  6.080069e+04
3.715352e-04  5.168455e+04
4.216965e-04  4.426182e+04
4.841724e-04  3.710970e+04
5.500000e-04  3.133892e+04
6.309573e-04  2.593299e+04
7.244360e-04  2.126900e+04
8.222426e-04  1.761550e+04
9.440609e-04  1.422979e+04
1.071519e-03  1.161717e+04
1.216186e-03  9.415887e+03
1.380384e-03  7.577383e+03
1.566751e-03  6.054654e+03
1.778279e-03  4.803944e+03
2.018366e-03  3.785334e+03
2.290868e-03  2.962685e+03
2.600160e-03  2.303112e+03
2.951209e-03  1.778269e+03
3.349654e-03  1.363825e+03
3.801894e-03  1.038855e+03
4.315191e-03  7.858980e+02
4.897788e-03  5.904146e+02
5.559043e-03  4.404510e+02
6.309573e-03  3.262021e+02
7.161434e-03  2.397845e+02
8.128305e-03  1.749345e+02
9.225714e-03  1.267078e+02
1.047129e-02  9.108382e+01
1.188502e-02  6.499715e+01
1.348963e-02  4.605212e+01
1.548817e-02  3.137897e+01
1.778279e-02  2.121694e+01
2.041738e-02  1.423504e+01
2.344229e-02  9.477152e+00
2.691535e-02  6.263985e+00
3.090295e-02  4.111482e+00
3.589219e-02  2.585800e+00
4.216965e-02  1.557085e+00
5.011872e-02  8.970311e-01
6.025596e-02  4.935994e-01
7.498942e-02  2.408230e-01
1.011580e-01  8.938694e-02
1.445440e-01  2.727068e-02
1.778279e-01  1.377891e-02
2.137962e-01  7.569878e-03
2.454709e-01  4.863188e-03
2.786121e-01  3.264334e-03
3.126079e-01  2.287661e-03
3.507519e-01  1.615191e-03
3.890451e-01  1.189007e-03
4.315191e-01  8.816098e-04
4.786301e-01  6.587328e-04
5.248075e-01  5.119254e-04
5.754399e-01  4.005351e-04
6.309573e-01  3.155865e-04
6.918310e-01  2.504305e-04
7.585776e-01  2.001212e-04
8.609938e-01  1.482997e-04
9.225714e-01  1.267343e-04
9.885531e-01  1.090717e-04
1.071519e+00  9.239030e-05
1.174898e+00  7.700526e-05
1.288250e+00  6.465362e-05
1.428894e+00  5.351581e-05
1.698244e+00  3.938242e-05
1.905461e+00  3.231205e-05
2.137962e+00  2.670485e-05
2.454709e+00  2.140564e-05
2.818383e+00  1.728663e-05
3.235937e+00  1.406192e-05
3.758374e+00  1.132995e-05
4.415704e+00  9.050989e-06
5.188000e+00  7.285815e-06
6.165950e+00  5.818597e-06
7.498942e+00  4.546138e-06
9.120108e+00  3.579483e-06
1.135011e+01  2.761613e-06
1.462177e+01  2.063133e-06
1.883649e+01  1.553286e-06
2.570396e+01  1.105864e-06
3.715352e+01  7.458092e-07
5.623413e+01  4.834174e-07
9.225714e+01  2.902814e-07
1.840772e+02  1.437812e-07
3.672823e+02  7.163674e-08
1.462177e+03  1.791127e-08
1.000000e+05  2.614900e-10
-1  -1
5.030000e-06  0.000000e+00
5.030000e-06  3.183855e+06
5.500000e-06  2.107140e+06
5.888437e-06  1.528697e+06
6.350000e-06  1.062928e+06
6.760830e-06  7.803448e+05
7.200000e-06  5.683160e+05
7.673615e-06  4.092471e+05
8.128305e-06  3.021659e+05
8.709636e-06  2.083705e+05
1.023293e-05  8.607164e+04
1.071519e-05  6.724441e+04
1.110000e-05  5.602920e+04
1.135011e-05  5.015247e+04
1.165000e-05  4.430380e+04
1.190000e-05  4.027040e+04
1.216186e-05  3.673737e+04
1.240000e-05  3.404980e+04
1.264200e-05  3.175768e+04
1.290000e-05  2.973260e+04
1.310000e-05  2.841980e+04
1.333521e-05  2.712515e+04
1.357000e-05  2.606700e+04
1.380384e-05  2.521426e+04
1.410000e-05  2.437920e+04
1.440000e-05  2.377180e+04
1.470000e-05  2.336280e+04
1.500000e-05  2.311800e+04
1.531087e-05  2.300727e+04
1.570000e-05  2.303380e+04
1.610000e-05  2.321160e+04
1.659587e-05  2.358964e+04
1.717908e-05  2.419114e+04
1.800000e-05  2.521180e+04
2.070000e-05  2.889500e+04
2.213095e-05  3.064592e+04
2.350000e-05  3.207900e+04
2.483133e-05  3.322902e+04
2.630268e-05  3.423329e+04
2.800000e-05  3.508760e+04
2.985383e-05  3.570114e+04
3.162278e-05  3.601545e+04
3.350000e-05  3.610080e+04
3.570000e-05  3.592580e+04
3.801894e-05  3.548921e+04
4.073803e-05  3.474928e+04
4.365158e-05  3.375793e+04
4.677351e-05  3.254481e+04
5.011872e-05  3.114304e+04
5.432503e-05  2.935560e+04
5.888437e-05  2.746511e+04
6.382635e-05  2.552552e+04
7.161434e-05  2.279428e+04
8.035261e-05  2.019870e+04
9.440609e-05  1.690104e+04
1.202264e-04  1.279107e+04
1.479108e-04  1.002447e+04
1.640590e-04  8.824364e+03
1.840772e-04  7.598283e+03
2.065380e-04  6.493645e+03
2.398833e-04  5.243753e+03
3.090295e-04  3.617247e+03
3.845918e-04  2.633646e+03
4.415704e-04  2.140702e+03
6.237348e-04  1.262630e+03
7.244360e-04  9.990851e+02
9.660509e-04  6.294376e+02
1.148154e-03  4.737318e+02
1.333521e-03  3.679341e+02
1.678804e-03  2.445035e+02
2.041738e-03  1.723055e+02
2.660725e-03  1.080531e+02
3.090295e-03  8.258041e+01
3.672823e-03  5.997638e+01
4.415704e-03  4.231986e+01
5.370318e-03  2.899065e+01
6.918310e-03  1.760379e+01
8.413951e-03  1.188095e+01
1.011579e-02  8.145762e+00
1.216186e-02  5.541793e+00
1.462177e-02  3.741189e+00
1.737801e-02  2.569974e+00
2.065380e-02  1.752575e+00
2.454709e-02  1.186022e+00
2.917427e-02  7.963800e-01
3.427678e-02  5.450960e-01
4.073803e-02  3.603497e-01
4.841724e-02  2.363708e-01
5.754399e-02  1.537989e-01
6.918310e-02  9.647073e-02
8.222426e-02  6.186557e-02
1.011580e-01  3.597198e-02
1.303167e-01  1.838075e-02
1.621810e-01  1.023396e-02
2.344229e-01  3.805577e-03
2.884032e-01  2.196069e-03
3.427678e-01  1.398470e-03
3.935501e-01  9.812437e-04
4.466836e-01  7.138623e-04
5.069907e-01  5.231964e-04
5.688529e-01  3.973252e-04
6.309573e-01  3.121553e-04
6.998420e-01  2.468355e-04
7.762471e-01  1.964819e-04
8.609938e-01  1.574376e-04
9.549926e-01  1.270773e-04
1.071519e+00  1.010274e-04
1.230269e+00  7.724175e-05
1.380384e+00  6.218758e-05
1.548817e+00  5.040335e-05
1.737801e+00  4.113978e-05
1.949845e+00  3.381833e-05
2.213095e+00  2.747376e-05
2.540973e+00  2.206413e-05
2.917427e+00  1.785028e-05
3.349654e+00  1.454566e-05
3.890451e+00  1.173963e-05
4.570882e+00  9.394338e-06
5.370318e+00  7.574026e-06
6.456542e+00  5.969225e-06
7.852356e+00  4.672512e-06
9.660509e+00  3.634928e-06
1.202264e+01  2.809952e-06
1.548817e+01  2.103049e-06
2.041738e+01  1.546326e-06
2.691535e+01  1.145033e-06
3.801894e+01  7.919520e-07
5.956621e+01  4.954724e-07
9.885531e+01  2.942997e-07
1.972423e+02  1.458738e-07
3.935501e+02  7.271186e-08
1.566751e+03  1.818497e-08
1.000000e+05  2.845100e-10
-1  -1
-2  0.0
-2  -2
