5.030300e-02  0.000000e+00
5.030300e-02  3.833496e+03
5.050000e-02  3.791448e+03
5.140000e-02  3.634975e+03
5.248075e-02  3.451073e+03
5.350000e-02  3.277560e+03
5.559043e-02  2.981875e+03
6.095369e-02  2.342273e+03
6.839116e-02  1.739113e+03
7.585776e-02  1.320737e+03
9.332543e-02  7.560848e+02
1.174898e-01  4.026501e+02
2.238721e-01  6.761139e+01
2.691535e-01  4.086606e+01
3.054921e-01  2.905196e+01
3.507519e-01  2.014816e+01
3.981072e-01  1.450056e+01
4.518559e-01  1.051309e+01
5.069907e-01  7.907864e+00
5.688529e-01  5.992158e+00
6.309573e-01  4.699711e+00
6.998420e-01  3.714661e+00
7.852356e-01  2.882936e+00
8.810489e-01  2.254228e+00
9.660509e-01  1.859750e+00
1.071519e+00  1.510814e+00
1.216186e+00  1.180137e+00
1.364583e+00  9.498304e-01
1.548817e+00  7.540394e-01
1.757924e+00  6.032988e-01
1.972423e+00  4.960250e-01
2.238721e+00  4.028765e-01
2.570396e+00  3.235713e-01
2.951209e+00  2.618525e-01
3.427678e+00  2.098843e-01
4.000000e+00  1.683900e-01
4.677351e+00  1.357113e-01
5.559043e+00  1.077671e-01
6.606934e+00  8.623904e-02
8.035261e+00  6.752668e-02
9.885531e+00  5.253642e-02
1.244515e+01  4.008506e-02
1.584893e+01  3.040881e-02
2.041738e+01  2.293512e-02
2.800000e+01  1.626000e-02
4.168694e+01  1.065265e-02
6.095369e+01  7.165859e-03
1.011579e+02  4.256412e-03
1.972423e+02  2.159300e-03
3.935501e+02  1.076449e-03
1.566751e+03  2.691226e-04
1.000000e+05  4.210600e-06
-1  -1
8.349800e-03  0.000000e+00
8.349800e-03  1.474346e+04
8.480000e-03  1.426946e+04
8.709636e-03  1.367328e+04
8.920000e-03  1.312162e+04
9.225714e-03  1.243113e+04
1.000000e-02  1.077086e+04
1.083927e-02  9.375171e+03
1.150000e-02  8.408460e+03
1.220000e-02  7.516940e+03
1.330000e-02  6.403960e+03
1.698244e-02  3.955804e+03
1.905461e-02  3.120404e+03
2.187762e-02  2.337085e+03
2.600160e-02  1.607490e+03
2.917427e-02  1.244575e+03
3.349654e-02  9.100512e+02
3.935501e-02  6.258712e+02
4.623810e-02  4.266319e+02
5.432503e-02  2.884049e+02
6.456542e-02  1.879364e+02
7.673615e-02  1.214528e+02
9.120108e-02  7.789985e+01
1.122019e-01  4.533344e+01
1.462177e-01  2.249930e+01
2.371374e-01  6.184749e+00
2.917427e-01  3.579762e+00
3.467369e-01  2.285621e+00
4.027170e-01  1.560948e+00
4.570882e-01  1.138216e+00
5.188000e-01  8.362224e-01
5.821032e-01  6.362104e-01
6.456542e-01  5.005256e-01
7.244360e-01  3.867131e-01
8.128305e-01  3.009530e-01
9.332543e-01  2.246316e-01
1.011579e+00  1.904996e-01
1.161449e+00  1.450327e-01
1.303167e+00  1.163742e-01
1.462177e+00  9.407074e-02
1.659587e+00  7.499845e-02
1.883649e+00  6.026578e-02
2.137962e+00  4.881315e-02
2.426610e+00  3.981712e-02
2.786121e+00  3.212173e-02
3.198895e+00  2.610490e-02
3.715352e+00  2.101208e-02
4.365158e+00  1.676663e-02
5.188000e+00  1.327300e-02
6.165950e+00  1.058822e-02
7.498942e+00  8.268343e-03
9.120108e+00  6.505991e-03
1.122018e+01  5.084545e-03
1.428894e+01  3.844370e-03
1.862087e+01  2.854302e-03
2.570396e+01  2.004823e-03
3.589219e+01  1.402662e-03
5.308844e+01  9.296698e-04
8.912509e+01  5.446591e-04
1.757924e+02  2.727219e-04
3.507519e+02  1.358529e-04
1.396368e+03  3.394972e-05
1.000000e+05  4.733400e-07
-1  -1
7.947000e-03  0.000000e+00
7.947000e-03  2.916500e+04
8.040000e-03  2.828700e+04
8.070000e-03  2.814800e+04
8.245900e-03  2.677200e+04
8.709636e-03  2.331500e+04
1.011579e-02  1.573600e+04
1.096478e-02  1.266600e+04
1.273503e-02  8.378800e+03
1.540000e-02  4.925800e+03
1.900000e-02  2.686800e+03
2.162719e-02  1.835200e+03
2.511886e-02  1.176000e+03
3.054921e-02  6.506100e+02
3.758374e-02  3.442000e+02
4.623810e-02  1.805600e+02
5.821032e-02  8.746600e+01
1.230269e-01  8.100673e+00
1.603245e-01  3.511445e+00
1.927525e-01  1.977114e+00
2.264644e-01  1.204523e+00
2.630268e-01  7.656604e-01
3.019952e-01  5.077351e-01
3.427678e-01  3.509566e-01
3.845918e-01  2.525789e-01
4.315191e-01  1.830498e-01
4.786301e-01  1.378982e-01
5.308844e-01  1.045616e-01
5.888437e-01  7.982087e-02
6.531306e-01  6.136527e-02
7.244360e-01  4.752410e-02
8.317638e-01  3.414341e-02
9.015711e-01  2.830971e-02
9.660509e-01  2.428266e-02
1.023293e+00  2.150159e-02
1.109175e+00  1.825647e-02
1.216186e+00  1.525421e-02
1.333521e+00  1.284142e-02
1.513561e+00  1.022553e-02
1.737801e+00  8.010573e-03
1.949845e+00  6.578761e-03
2.213095e+00  5.339382e-03
2.540973e+00  4.285356e-03
2.917427e+00  3.465663e-03
3.349654e+00  2.823094e-03
3.890451e+00  2.277533e-03
4.570882e+00  1.821379e-03
5.432503e+00  1.444863e-03
6.382635e+00  1.172158e-03
7.762471e+00  9.165682e-04
9.549926e+00  7.121866e-04
1.188502e+01  5.500488e-04
1.513561e+01  4.166313e-04
1.972423e+01  3.098886e-04
2.722701e+01  2.179723e-04
4.027170e+01  1.436996e-04
5.888437e+01  9.660249e-05
9.772372e+01  5.735371e-05
1.905461e+02  2.908390e-05
3.801894e+02  1.449648e-05
1.513561e+03  3.623605e-06
1.000000e+05  5.476800e-08
-1  -1
7.242700e-03  0.000000e+00
7.242700e-03  6.345985e+04
7.380000e-03  6.091320e+04
7.500000e-03  5.855440e+04
7.943282e-03  5.028887e+04
9.332543e-03  3.232983e+04
1.047129e-02  2.332979e+04
1.244515e-02  1.417381e+04
1.400000e-02  1.006876e+04
1.757924e-02  5.091464e+03
2.113489e-02  2.895288e+03
2.400000e-02  1.949484e+03
2.800000e-02  1.199860e+03
3.349654e-02  6.767309e+02
4.027170e-02  3.725833e+02
4.841724e-02  2.036226e+02
6.025596e-02  9.858850e+01
7.852356e-02  4.062107e+01
1.303167e-01  7.387484e+00
1.640590e-01  3.423526e+00
1.927525e-01  2.011471e+00
2.238721e-01  1.236280e+00
2.570396e-01  7.945102e-01
2.917427e-01  5.337966e-01
3.273407e-01  3.745948e-01
3.630781e-01  2.742264e-01
4.027170e-01  2.021412e-01
4.466836e-01  1.501223e-01
4.954502e-01  1.124090e-01
5.432503e-01  8.751879e-02
6.000000e-01  6.731133e-02
6.606935e-01  5.259342e-02
7.244360e-01  4.183968e-02
7.943282e-01  3.351825e-02
8.709636e-01  2.696122e-02
9.332543e-01  2.305333e-02
9.885531e-01  2.034742e-02
1.071519e+00  1.723108e-02
1.174898e+00  1.435801e-02
1.288250e+00  1.205315e-02
1.428894e+00  9.976584e-03
1.698244e+00  7.341518e-03
1.927525e+00  5.905380e-03
2.187762e+00  4.789350e-03
2.511886e+00  3.841343e-03
2.884032e+00  3.104691e-03
3.311311e+00  2.527582e-03
3.845918e+00  2.037972e-03
4.518559e+00  1.628902e-03
5.370318e+00  1.291512e-03
6.309573e+00  1.047233e-03
7.673615e+00  8.185275e-04
9.440609e+00  6.357321e-04
1.174898e+01  4.907971e-04
1.500000e+01  3.705500e-04
1.949845e+01  2.763140e-04
2.722701e+01  1.918967e-04
4.027170e+01  1.265126e-04
5.821032e+01  8.606784e-05
9.660509e+01  5.109098e-05
1.883649e+02  2.590556e-05
3.758374e+02  1.291172e-05
1.496236e+03  3.227210e-06
1.000000e+05  4.821800e-08
-1  -1
1.864600e-03  0.000000e+00
1.864600e-03  4.335066e+04
1.960000e-03  4.110680e+04
2.264644e-03  3.394749e+04
2.371374e-03  3.176840e+04
2.900000e-03  2.354580e+04
3.198895e-03  2.029502e+04
3.467369e-03  1.782121e+04
4.216965e-03  1.287749e+04
4.731513e-03  1.054425e+04
5.500000e-03  8.076960e+03
6.683439e-03  5.647244e+03
7.762471e-03  4.254198e+03
8.912509e-03  3.257296e+03
1.047129e-02  2.368674e+03
1.244515e-02  1.669776e+03
1.479108e-02  1.167313e+03
1.737801e-02  8.295890e+02
2.041738e-02  5.852628e+02
2.400000e-02  4.093820e+02
2.818383e-02  2.848838e+02
3.311311e-02  1.965544e+02
3.935501e-02  1.309798e+02
4.677351e-02  8.655819e+01
5.495409e-02  5.837277e+01
6.531306e-02  3.798702e+01
7.762471e-02  2.453533e+01
9.332543e-02  1.528032e+01
1.148154e-01  8.898101e+00
1.513561e-01  4.290353e+00
2.344229e-01  1.338570e+00
2.884032e-01  7.757044e-01
3.427678e-01  4.955474e-01
3.981072e-01  3.384908e-01
4.570882e-01  2.399630e-01
5.188000e-01  1.763571e-01
5.821032e-01  1.342003e-01
6.531306e-01  1.028793e-01
7.328245e-01  7.945881e-02
8.317638e-01  6.030719e-02
9.225714e-01  4.846098e-02
1.011579e+00  4.018195e-02
1.161449e+00  3.060755e-02
1.303167e+00  2.455716e-02
1.462177e+00  1.984233e-02
1.640590e+00  1.614164e-02
1.862087e+00  1.296208e-02
2.113489e+00  1.049059e-02
2.398833e+00  8.551629e-03
2.754229e+00  6.894889e-03
3.162278e+00  5.600305e-03
3.672823e+00  4.505064e-03
4.315191e+00  3.592763e-03
5.128614e+00  2.842681e-03
6.095369e+00  2.266531e-03
7.413102e+00  1.769080e-03
9.015711e+00  1.391361e-03
1.109175e+01  1.086945e-03
1.412538e+01  8.215588e-04
1.840772e+01  6.097383e-04
2.540973e+01  4.281462e-04
3.507519e+01  3.031594e-04
5.188000e+01  2.008351e-04
8.709636e+01  1.176137e-04
1.717908e+02  5.887686e-05
3.427678e+02  2.932336e-05
1.364583e+03  7.327265e-06
1.000000e+05  9.983200e-08
-1  -1
1.686900e-03  0.000000e+00
1.686900e-03  6.983207e+04
1.770000e-03  6.665132e+04
1.927525e-03  6.074782e+04
2.018366e-03  5.745454e+04
2.187762e-03  5.159780e+04
2.400000e-03  4.526880e+04
2.600160e-03  4.020667e+04
2.818383e-03  3.542011e+04
3.019952e-03  3.157385e+04
3.548134e-03  2.378020e+04
3.801894e-03  2.094716e+04
4.265795e-03  1.677952e+04
4.731513e-03  1.366512e+04
5.248075e-03  1.103099e+04
5.888437e-03  8.640521e+03
6.531306e-03  6.880824e+03
7.328245e-03  5.310239e+03
8.317638e-03  3.956296e+03
9.225714e-03  3.091439e+03
1.059254e-02  2.205783e+03
1.216186e-02  1.559125e+03
1.380384e-02  1.125669e+03
1.566751e-02  8.070721e+02
1.778279e-02  5.747426e+02
2.041738e-02  3.939083e+02
2.344229e-02  2.679522e+02
2.691535e-02  1.810122e+02
3.126079e-02  1.174864e+02
3.672823e-02  7.318024e+01
4.315191e-02  4.525616e+01
5.188000e-02  2.592451e+01
6.382635e-02  1.373708e+01
8.222426e-02  6.266676e+00
1.479108e-01  1.004254e+00
1.840772e-01  5.109210e-01
2.065380e-01  3.595321e-01
2.570396e-01  1.863529e-01
2.951209e-01  1.238816e-01
3.349654e-01  8.575846e-02
3.801894e-01  5.979772e-02
4.265795e-01  4.338995e-02
4.786301e-01  3.171877e-02
5.308844e-01  2.409395e-02
5.888437e-01  1.842834e-02
6.531306e-01  1.418933e-02
7.244360e-01  1.100223e-02
8.317638e-01  7.914545e-03
9.015711e-01  6.566170e-03
9.660509e-01  5.634233e-03
1.023293e+00  4.989966e-03
1.122018e+00  4.141662e-03
1.230269e+00  3.463756e-03
1.348963e+00  2.918224e-03
1.584893e+00  2.185706e-03
1.798871e+00  1.751114e-03
2.018366e+00  1.441121e-03
2.290868e+00  1.171902e-03
2.630268e+00  9.423911e-04
3.019952e+00  7.635418e-04
3.507519e+00  6.127576e-04
4.073803e+00  4.954396e-04
4.786301e+00  3.970572e-04
5.688529e+00  3.156152e-04
6.760830e+00  2.528288e-04
8.222427e+00  1.981435e-04
1.011579e+01  1.542917e-04
1.273503e+01  1.178081e-04
1.621810e+01  8.943852e-05
2.113489e+01  6.664725e-05
2.884032e+01  4.754863e-05
4.365158e+01  3.063260e-05
6.531306e+01  2.013753e-05
1.122018e+02  1.155783e-05
2.238721e+02  5.734338e-06
8.912509e+02  1.429652e-06
1.412538e+04  8.999617e-08
1.000000e+05  1.271000e-08
-1  -1
1.541800e-03  0.000000e+00
1.541800e-03  1.865098e+05
1.610000e-03  1.775505e+05
1.640590e-03  1.731624e+05
1.670000e-03  1.694728e+05
1.800000e-03  1.528824e+05
1.900000e-03  1.410668e+05
2.137962e-03  1.171294e+05
2.350000e-03  1.003536e+05
2.570396e-03  8.596899e+04
2.754229e-03  7.584797e+04
3.235937e-03  5.597860e+04
3.507519e-03  4.777533e+04
4.073803e-03  3.515203e+04
4.466836e-03  2.891853e+04
5.128614e-03  2.135837e+04
5.688529e-03  1.689623e+04
6.456542e-03  1.258781e+04
7.293000e-03  9.403642e+03
8.128305e-03  7.208224e+03
9.225714e-03  5.243045e+03
1.047129e-02  3.783228e+03
1.174898e-02  2.793429e+03
1.333521e-02  1.986920e+03
1.513561e-02  1.403177e+03
1.730000e-02  9.646600e+02
1.972423e-02  6.629701e+02
2.264644e-02  4.431782e+02
2.600160e-02  2.940684e+02
3.000000e-02  1.908968e+02
3.500000e-02  1.188636e+02
4.073803e-02  7.400770e+01
4.841724e-02  4.281691e+01
5.754399e-02  2.458460e+01
7.079458e-02  1.252597e+01
9.332543e-02  5.051293e+00
1.479108e-01  1.101486e+00
1.798871e-01  5.801973e-01
2.162719e-01  3.197875e-01
2.483133e-01  2.059546e-01
2.818383e-01  1.385450e-01
3.162278e-01  9.726751e-02
3.548134e-01  6.878697e-02
3.935501e-01  5.071324e-02
4.365158e-01  3.767560e-02
4.841724e-01  2.819878e-02
5.370318e-01  2.125939e-02
5.888437e-01  1.664825e-02
6.456542e-01  1.313156e-02
7.079458e-01  1.043187e-02
7.762471e-01  8.345396e-03
8.609938e-01  6.528471e-03
9.225714e-01  5.576349e-03
9.885531e-01  4.797481e-03
1.071519e+00  4.062746e-03
1.174898e+00  3.385273e-03
1.288250e+00  2.841795e-03
1.428894e+00  2.352219e-03
1.698244e+00  1.730888e-03
1.927525e+00  1.392312e-03
2.187762e+00  1.129283e-03
2.511886e+00  9.057691e-04
2.884032e+00  7.320459e-04
3.311311e+00  5.959620e-04
3.845918e+00  4.805188e-04
4.518559e+00  3.840697e-04
5.370318e+00  3.045208e-04
6.382635e+00  2.433149e-04
7.762471e+00  1.902584e-04
9.549926e+00  1.478404e-04
1.188502e+01  1.141823e-04
1.513561e+01  8.648401e-05
1.972423e+01  6.432648e-05
2.722701e+01  4.524630e-05
4.027170e+01  2.982907e-05
5.821032e+01  2.029343e-05
9.660509e+01  1.204682e-05
1.883649e+02  6.108040e-06
3.758374e+02  3.044288e-06
1.496236e+03  7.609121e-07
1.000000e+05  1.136900e-08
-1  -1
1.231600e-03  0.000000e+00
1.231600e-03  4.174585e+05
1.261500e-03  4.461223e+05
1.272000e-03  4.532973e+05
1.274000e-03  4.567201e+05
1.303167e-03  4.840687e+05
1.318257e-03  4.939151e+05
1.340000e-03  5.067899e+05
1.364583e-03  5.118438e+05
1.370000e-03  5.122726e+05
1.396368e-03  5.057123e+05
1.428894e-03  4.823213e+05
1.621810e-03  3.539630e+05
1.778279e-03  2.802439e+05
1.927525e-03  2.270453e+05
2.113489e-03  1.772821e+05
2.350000e-03  1.322568e+05
2.630268e-03  9.614660e+04
2.917427e-03  7.099181e+04
3.300000e-03  4.923760e+04
3.715352e-03  3.427927e+04
4.168694e-03  2.398728e+04
4.800000e-03  1.532260e+04
5.308844e-03  1.106182e+04
6.095369e-03  7.015867e+03
6.918310e-03  4.582302e+03
7.762471e-03  3.091995e+03
8.912509e-03  1.913203e+03
1.023293e-02  1.173995e+03
1.174898e-02  7.147174e+02
1.350000e-02  4.306080e+02
1.548817e-02  2.589769e+02
1.800000e-02  1.473048e+02
2.089296e-02  8.351626e+01
2.426610e-02  4.689916e+01
2.851018e-02  2.501907e+01
3.427678e-02  1.210468e+01
4.216965e-02  5.306450e+00
5.559043e-02  1.751205e+00
9.015711e-02  2.502948e-01
1.109175e-01  1.093918e-01
1.318257e-01  5.525800e-02
1.566751e-01  2.813382e-02
1.798871e-01  1.650733e-02
2.065380e-01  9.756827e-03
2.344229e-01  6.068874e-03
2.630268e-01  3.968163e-03
2.951209e-01  2.613040e-03
3.311311e-01  1.732946e-03
3.672823e-01  1.206558e-03
4.027170e-01  8.806214e-04
4.415705e-01  6.477339e-04
4.841724e-01  4.796255e-04
5.370318e-01  3.446786e-04
5.888437e-01  2.587323e-04
6.531306e-01  1.887579e-04
7.161434e-01  1.436562e-04
8.609938e-01  8.459361e-05
9.120108e-01  7.220964e-05
9.549926e-01  6.401262e-05
1.000000e+00  5.712197e-05
1.047129e+00  5.135783e-05
1.096478e+00  4.650454e-05
1.148154e+00  4.236523e-05
1.216186e+00  3.796593e-05
1.318257e+00  3.282370e-05
1.513561e+00  2.590275e-05
1.819701e+00  1.875084e-05
2.018366e+00  1.572590e-05
2.290868e+00  1.278636e-05
2.630268e+00  1.028259e-05
3.019952e+00  8.332071e-06
3.507519e+00  6.686702e-06
4.073803e+00  5.406475e-06
4.786301e+00  4.332849e-06
5.688529e+00  3.444143e-06
6.760830e+00  2.758886e-06
8.222427e+00  2.162254e-06
1.011579e+01  1.683675e-06
1.273503e+01  1.285603e-06
1.603245e+01  9.887220e-07
2.065380e+01  7.459266e-07
2.818383e+01  5.318390e-07
4.216965e+01  3.466481e-07
6.237348e+01  2.304712e-07
1.047129e+02  1.353383e-07
2.065380e+02  6.788610e-08
8.222427e+02  1.691432e-08
1.303167e+04  1.064498e-09
1.000000e+05  1.386900e-10
-1  -1
1.199800e-03  0.000000e+00
1.199800e-03  9.401876e+05
1.320000e-03  8.474396e+05
1.333521e-03  8.293873e+05
1.570000e-03  5.537832e+05
1.717908e-03  4.400520e+05
1.862087e-03  3.560169e+05
2.041738e-03  2.776303e+05
2.264644e-03  2.081448e+05
2.540973e-03  1.500904e+05
2.754229e-03  1.185010e+05
3.198895e-03  7.577404e+04
3.548134e-03  5.512824e+04
4.000000e-03  3.792810e+04
4.518559e-03  2.570644e+04
5.011872e-03  1.836928e+04
5.754399e-03  1.163022e+04
6.456542e-03  7.885832e+03
7.244360e-03  5.314608e+03
8.317638e-03  3.281730e+03
9.549926e-03  2.008807e+03
1.083927e-02  1.271471e+03
1.216186e-02  8.340412e+02
1.364583e-02  5.441868e+02
1.548817e-02  3.380836e+02
1.778279e-02  1.996832e+02
2.018366e-02  1.224557e+02
2.317395e-02  7.137027e+01
2.722701e-02  3.772654e+01
3.198895e-02  1.979392e+01
3.845918e-02  9.399818e+00
4.786301e-02  3.849634e+00
9.015711e-02  2.846072e-01
1.122019e-01  1.164831e-01
1.318257e-01  6.072925e-02
1.513561e-01  3.498351e-02
1.717908e-01  2.124150e-02
1.927525e-01  1.358466e-02
2.162719e-01  8.748851e-03
2.398833e-01  5.928080e-03
2.660725e-01  4.045913e-03
2.917427e-01  2.900310e-03
3.198895e-01  2.093258e-03
3.507519e-01  1.521660e-03
3.845918e-01  1.114414e-03
4.168694e-01  8.540272e-04
4.570882e-01  6.348089e-04
5.000000e-01  4.791664e-04
5.432503e-01  3.719848e-04
5.888437e-01  2.927728e-04
6.456542e-01  2.242370e-04
6.918310e-01  1.847359e-04
7.444800e-01  1.514591e-04
8.035261e-01  1.242627e-04
8.609938e-01  1.044217e-04
9.120108e-01  9.081531e-05
9.660509e-01  7.947282e-05
1.023293e+00  7.006545e-05
1.096478e+00  6.072132e-05
1.174898e+00  5.298122e-05
1.288250e+00  4.454224e-05
1.428894e+00  3.694569e-05
1.757924e+00  2.563532e-05
1.972423e+00  2.106316e-05
2.238721e+00  1.710724e-05
2.570396e+00  1.374003e-05
2.951209e+00  1.111957e-05
3.427678e+00  8.912806e-06
4.000000e+00  7.150700e-06
4.677351e+00  5.762848e-06
5.559043e+00  4.576228e-06
6.606934e+00  3.662069e-06
8.035261e+00  2.867446e-06
1.000000e+01  2.200500e-06
1.258925e+01  1.679637e-06
1.603245e+01  1.274688e-06
2.065380e+01  9.616479e-07
2.818383e+01  6.856547e-07
4.216965e+01  4.468956e-07
6.165950e+01  3.006908e-07
1.023293e+02  1.786360e-07
2.018366e+02  8.958180e-08
8.035261e+02  2.231535e-08
1.273503e+04  1.404362e-09
1.000000e+05  1.788000e-10
-1  -1
3.813900e-04  0.000000e+00
3.813900e-04  1.025865e+05
4.240000e-04  9.596620e+04
5.069907e-04  8.273578e+04
5.500000e-04  7.682600e+04
6.025596e-04  6.970342e+04
6.850000e-04  6.049500e+04
7.413102e-04  5.504897e+04
8.511380e-04  4.615336e+04
9.440609e-04  4.021160e+04
1.071519e-03  3.365087e+04
1.216186e-03  2.798380e+04
1.428894e-03  2.189441e+04
1.621810e-03  1.792934e+04
1.883649e-03  1.405985e+04
2.238721e-03  1.052713e+04
2.691535e-03  7.658800e+03
3.235937e-03  5.524376e+03
3.890451e-03  3.953366e+03
4.677351e-03  2.809006e+03
5.688529e-03  1.939266e+03
6.918310e-03  1.328590e+03
8.317638e-03  9.239102e+02
1.000000e-02  6.376620e+02
1.202264e-02  4.366030e+02
1.428894e-02  3.038730e+02
1.698244e-02  2.099871e+02
2.018366e-02  1.440531e+02
2.398833e-02  9.808526e+01
2.851018e-02  6.627417e+01
3.349654e-02  4.563199e+01
3.981072e-02  3.035636e+01
4.731513e-02  2.003790e+01
5.559043e-02  1.350127e+01
6.683439e-02  8.529877e+00
8.035261e-02  5.347722e+00
9.772372e-02  3.226960e+00
1.230269e-01  1.766855e+00
1.566751e-01  9.323235e-01
2.371374e-01  3.094646e-01
2.917427e-01  1.794438e-01
3.467369e-01  1.147166e-01
4.027170e-01  7.842219e-02
4.623810e-01  5.564301e-02
5.248075e-01  4.092812e-02
5.888437e-01  3.116916e-02
6.606935e-01  2.391378e-02
7.413102e-01  1.848367e-02
8.413951e-01  1.403934e-02
9.332543e-01  1.129167e-02
1.023293e+00  9.370768e-03
1.174898e+00  7.142263e-03
1.318257e+00  5.734552e-03
1.479108e+00  4.636634e-03
1.659587e+00  3.774317e-03
1.883649e+00  3.033055e-03
2.137962e+00  2.456654e-03
2.426610e+00  2.003880e-03
2.786121e+00  1.616595e-03
3.198895e+00  1.313784e-03
3.715352e+00  1.057468e-03
4.365158e+00  8.437997e-04
5.188000e+00  6.679901e-04
6.165950e+00  5.328938e-04
7.498942e+00  4.161240e-04
9.120108e+00  3.274298e-04
1.122018e+01  2.558876e-04
1.428894e+01  1.934780e-04
1.862087e+01  1.436467e-04
2.570396e+01  1.008958e-04
3.630781e+01  6.973812e-05
5.370318e+01  4.623140e-05
9.015711e+01  2.709013e-05
1.757924e+02  1.372533e-05
3.507519e+02  6.837207e-06
1.396368e+03  1.708613e-06
1.000000e+05  2.382200e-08
-1  -1
3.113000e-04  0.000000e+00
3.113000e-04  8.247202e+04
4.168694e-04  7.931151e+04
4.466836e-04  7.793660e+04
4.897788e-04  7.557353e+04
5.300000e-04  7.301240e+04
5.688529e-04  7.031501e+04
6.095369e-04  6.726348e+04
6.606934e-04  6.336412e+04
7.161434e-04  5.931421e+04
7.673615e-04  5.570984e+04
8.317638e-04  5.141689e+04
9.120108e-04  4.660185e+04
9.885530e-04  4.248720e+04
1.096478e-03  3.740882e+04
1.202264e-03  3.319636e+04
1.333521e-03  2.878485e+04
1.479108e-03  2.478753e+04
1.650000e-03  2.100160e+04
1.840772e-03  1.766586e+04
2.070000e-03  1.455516e+04
2.317395e-03  1.199411e+04
2.600160e-03  9.776421e+03
2.917427e-03  7.913143e+03
3.300000e-03  6.264680e+03
3.715352e-03  4.968969e+03
4.216965e-03  3.850702e+03
4.800000e-03  2.944360e+03
5.432503e-03  2.261559e+03
6.165950e-03  1.713963e+03
7.000000e-03  1.288604e+03
7.852356e-03  9.888387e+02
8.912509e-03  7.333735e+02
1.023293e-02  5.248291e+02
1.161449e-02  3.832736e+02
1.318257e-02  2.779149e+02
1.513561e-02  1.941993e+02
1.737801e-02  1.346674e+02
2.000000e-02  9.208944e+01
2.317395e-02  6.133100e+01
2.691535e-02  4.025659e+01
3.126079e-02  2.622086e+01
3.672823e-02  1.638933e+01
4.365158e-02  9.825707e+00
5.188000e-02  5.847114e+00
6.382635e-02  3.108992e+00
8.317638e-02  1.374497e+00
1.513561e-01  2.143638e-01
1.883649e-01  1.094490e-01
2.264644e-01  6.258047e-02
2.630268e-01  4.000534e-02
3.019952e-01  2.664945e-02
3.427678e-01  1.848607e-02
3.890451e-01  1.291758e-02
4.365158e-01  9.392812e-03
4.897788e-01  6.879975e-03
5.495409e-01  5.078621e-03
6.095369e-01  3.891728e-03
6.760830e-01  3.003367e-03
7.498942e-01  2.334704e-03
8.609938e-01  1.683445e-03
9.225714e-01  1.438034e-03
9.885531e-01  1.237133e-03
1.071519e+00  1.047656e-03
1.174898e+00  8.729512e-04
1.288250e+00  7.328322e-04
1.428894e+00  6.066508e-04
1.698244e+00  4.464806e-04
1.927525e+00  3.591361e-04
2.187762e+00  2.912435e-04
2.511886e+00  2.335948e-04
2.884032e+00  1.888082e-04
3.311311e+00  1.537153e-04
3.845918e+00  1.239399e-04
4.518559e+00  9.906066e-05
5.370318e+00  7.854223e-05
6.382635e+00  6.275638e-05
7.762471e+00  4.907309e-05
9.549926e+00  3.813077e-05
1.188502e+01  2.944921e-05
1.513561e+01  2.230646e-05
1.972423e+01  1.659111e-05
2.722701e+01  1.167026e-05
3.981072e+01  7.787566e-06
5.754399e+01  5.296938e-06
9.549926e+01  3.143844e-06
1.883649e+02  1.575362e-06
3.758374e+02  7.851808e-07
1.496236e+03  1.962532e-07
1.000000e+05  2.932300e-09
-1  -1
2.788600e-04  0.000000e+00
2.788600e-04  2.986088e+05
3.200000e-04  2.870520e+05
3.388442e-04  2.804289e+05
3.600000e-04  2.723284e+05
3.935501e-04  2.592485e+05
4.315191e-04  2.442120e+05
4.623810e-04  2.323761e+05
5.011872e-04  2.179353e+05
5.400000e-04  2.039628e+05
5.888437e-04  1.873992e+05
6.500000e-04  1.689204e+05
7.079458e-04  1.532919e+05
7.852356e-04  1.351247e+05
8.609938e-04  1.200604e+05
9.549926e-04  1.042736e+05
1.059254e-03  8.997149e+04
1.188502e-03  7.572337e+04
1.318257e-03  6.442162e+04
1.496236e-03  5.241663e+04
1.659587e-03  4.398633e+04
1.883649e-03  3.523060e+04
2.150000e-03  2.769028e+04
2.426610e-03  2.204115e+04
2.722701e-03  1.762634e+04
3.090295e-03  1.368466e+04
3.507519e-03  1.054480e+04
4.027170e-03  7.868574e+03
4.623810e-03  5.820714e+03
5.248075e-03  4.382153e+03
5.956621e-03  3.275446e+03
6.683439e-03  2.498014e+03
7.500000e-03  1.892692e+03
8.511380e-03  1.385958e+03
9.660509e-03  1.006753e+03
1.096478e-02  7.259744e+02
1.244515e-02  5.196708e+02
1.412538e-02  3.693555e+02
1.603245e-02  2.607156e+02
1.840772e-02  1.769358e+02
2.113489e-02  1.191456e+02
2.426610e-02  7.962587e+01
2.786121e-02  5.283016e+01
3.198895e-02  3.480591e+01
3.715352e-02  2.198237e+01
4.365158e-02  1.329531e+01
5.188000e-02  7.694064e+00
6.237348e-02  4.258305e+00
7.673615e-02  2.170925e+00
1.023293e-01  8.434489e-01
1.548817e-01  2.152728e-01
1.883649e-01  1.137242e-01
2.213095e-01  6.769001e-02
2.540973e-01  4.368433e-02
2.884032e-01  2.944477e-02
3.235937e-01  2.071011e-02
3.630781e-01  1.467401e-02
4.027170e-01  1.083811e-02
4.466836e-01  8.065643e-03
4.954502e-01  6.048589e-03
5.432503e-01  4.715298e-03
6.000000e-01  3.630852e-03
6.606935e-01  2.838838e-03
7.244360e-01  2.259461e-03
7.943282e-01  1.810801e-03
8.709636e-01  1.457276e-03
9.332543e-01  1.246480e-03
9.885531e-01  1.100454e-03
1.071519e+00  9.321442e-04
1.174898e+00  7.767364e-04
1.288250e+00  6.519858e-04
1.428894e+00  5.396115e-04
1.698244e+00  3.970645e-04
1.927525e+00  3.193943e-04
2.187762e+00  2.590331e-04
2.511886e+00  2.077633e-04
2.884032e+00  1.679253e-04
3.311311e+00  1.367138e-04
3.845918e+00  1.102323e-04
4.518559e+00  8.810299e-05
5.370318e+00  6.985331e-05
6.382635e+00  5.581418e-05
7.762471e+00  4.364396e-05
9.549926e+00  3.391193e-05
1.188502e+01  2.619183e-05
1.513561e+01  1.983872e-05
1.972423e+01  1.475622e-05
2.722701e+01  1.037897e-05
4.027170e+01  6.842438e-06
5.821032e+01  4.655134e-06
9.660509e+01  2.763332e-06
1.905461e+02  1.384886e-06
3.801894e+02  6.902854e-07
1.513561e+03  1.725483e-07
1.000000e+05  2.607900e-09
-1  -1
1.621600e-04  0.000000e+00
1.621600e-04  3.182764e+05
1.627000e-04  3.187312e+05
1.632000e-04  3.206304e+05
1.639000e-04  3.253648e+05
1.647000e-04  3.335184e+05
1.655000e-04  3.440904e+05
1.665000e-04  3.601412e+05
1.685000e-04  3.967336e+05
1.695000e-04  4.145280e+05
1.705000e-04  4.303600e+05
1.713000e-04  4.409240e+05
1.722000e-04  4.502000e+05
1.730000e-04  4.559600e+05
1.740000e-04  4.598560e+05
1.750000e-04  4.604240e+05
1.761000e-04  4.576640e+05
1.772000e-04  4.520640e+05
1.785000e-04  4.426800e+05
1.800000e-04  4.292920e+05
1.820000e-04  4.089640e+05
1.842000e-04  3.852540e+05
1.865000e-04  3.603260e+05
1.900000e-04  3.238184e+05
2.010000e-04  2.305100e+05
2.041738e-04  2.107861e+05
2.070000e-04  1.959464e+05
2.100000e-04  1.828380e+05
2.128000e-04  1.728644e+05
2.150000e-04  1.664252e+05
2.170000e-04  1.615456e+05
2.198000e-04  1.561268e+05
2.220000e-04  1.529204e+05
2.240000e-04  1.507256e+05
2.270000e-04  1.485932e+05
2.300000e-04  1.476668e+05
2.330000e-04  1.477892e+05
2.365000e-04  1.490572e+05
2.400000e-04  1.513656e+05
2.440000e-04  1.550440e+05
2.500000e-04  1.621240e+05
2.580000e-04  1.734668e+05
2.786121e-04  2.063597e+05
2.900000e-04  2.243720e+05
3.000000e-04  2.392732e+05
3.100000e-04  2.528440e+05
3.200000e-04  2.649352e+05
3.311311e-04  2.765673e+05
3.430000e-04  2.868801e+05
3.550000e-04  2.953340e+05
3.672823e-04  3.021767e+05
3.801894e-04  3.075699e+05
3.935501e-04  3.113453e+05
4.100000e-04  3.136984e+05
4.280000e-04  3.138408e+05
4.500000e-04  3.114304e+05
4.731513e-04  3.066531e+05
4.954502e-04  3.003393e+05
5.230000e-04  2.908200e+05
5.500000e-04  2.803032e+05
5.821032e-04  2.671136e+05
6.165950e-04  2.526769e+05
6.531306e-04  2.373958e+05
6.998420e-04  2.184968e+05
7.500000e-04  1.995588e+05
8.035261e-04  1.809597e+05
8.609938e-04  1.629258e+05
9.225714e-04  1.457871e+05
9.885530e-04  1.296377e+05
1.071519e-03  1.122313e+05
1.161449e-03  9.645688e+04
1.258925e-03  8.231088e+04
1.364583e-03  6.978410e+04
1.479108e-03  5.877869e+04
1.621810e-03  4.796760e+04
1.778279e-03  3.884454e+04
1.927525e-03  3.211123e+04
2.137962e-03  2.495248e+04
2.371374e-03  1.922841e+04
2.630268e-03  1.470099e+04
2.884032e-03  1.150732e+04
3.162278e-03  8.957488e+03
3.507519e-03  6.712141e+03
3.900000e-03  4.959640e+03
4.315191e-03  3.691775e+03
4.786301e-03  2.710633e+03
5.308844e-03  1.977646e+03
5.888437e-03  1.433370e+03
6.606934e-03  9.949520e+02
7.413102e-03  6.854716e+02
8.317638e-03  4.687167e+02
9.332543e-03  3.181557e+02
1.047129e-02  2.145137e+02
1.188502e-02  1.379621e+02
1.348963e-02  8.804861e+01
1.531087e-02  5.578917e+01
1.757924e-02  3.365369e+01
2.018366e-02  2.014663e+01
2.344229e-02  1.146206e+01
2.722701e-02  6.471629e+00
3.198895e-02  3.469962e+00
3.845918e-02  1.687820e+00
4.731513e-02  7.440186e-01
6.531306e-02  2.059071e-01
9.549926e-02  4.520287e-02
1.188502e-01  1.900354e-02
1.412538e-01  9.654255e-03
1.640590e-01  5.404288e-03
1.883649e-01  3.184700e-03
2.162719e-01  1.890856e-03
2.454709e-01  1.181314e-03
2.754229e-01  7.756200e-04
3.090295e-01  5.128737e-04
3.427678e-01  3.557565e-04
3.801894e-01  2.485597e-04
4.168694e-01  1.819741e-04
4.570882e-01  1.341307e-04
5.069907e-01  9.589301e-05
5.559043e-01  7.163632e-05
6.095369e-01  5.387170e-05
6.683439e-01  4.078103e-05
7.328245e-01  3.110665e-05
8.511380e-01  2.028899e-05
9.015711e-01  1.732025e-05
9.440609e-01  1.534941e-05
9.885531e-01  1.368723e-05
1.035142e+00  1.229227e-05
1.083927e+00  1.111726e-05
1.135011e+00  1.011549e-05
1.202264e+00  9.052117e-06
1.318257e+00  7.657322e-06
1.531087e+00  5.916151e-06
1.819701e+00  4.370065e-06
2.018366e+00  3.665672e-06
2.290868e+00  2.980929e-06
2.630268e+00  2.397154e-06
3.019952e+00  1.942222e-06
3.507519e+00  1.558665e-06
4.073803e+00  1.260237e-06
4.786301e+00  1.009982e-06
5.688529e+00  8.028313e-07
6.760830e+00  6.431028e-07
8.222427e+00  5.040181e-07
1.011579e+01  3.924567e-07
1.273503e+01  2.996711e-07
1.621810e+01  2.275058e-07
2.113489e+01  1.695254e-07
2.884032e+01  1.209488e-07
4.265795e+01  7.982907e-08
6.309573e+01  5.308594e-08
1.059254e+02  3.117900e-08
2.089296e+02  1.564060e-08
8.317638e+02  3.897315e-09
1.318257e+04  2.452930e-10
1.000000e+05  3.232900e-11
-1  -1
1.563000e-04  0.000000e+00
1.563000e-04  4.588950e+05
1.570000e-04  4.641126e+05
1.577000e-04  4.728570e+05
1.584893e-04  4.860557e+05
1.594000e-04  5.054250e+05
1.605000e-04  5.332128e+05
1.623000e-04  5.838468e+05
1.635000e-04  6.162300e+05
1.643000e-04  6.353040e+05
1.650000e-04  6.496440e+05
1.659587e-04  6.650917e+05
1.669000e-04  6.751860e+05
1.678804e-04  6.803706e+05
1.688000e-04  6.806460e+05
1.698244e-04  6.764036e+05
1.710000e-04  6.666960e+05
1.722000e-04  6.527460e+05
1.737801e-04  6.301731e+05
1.755000e-04  6.024480e+05
1.778279e-04  5.628919e+05
1.810000e-04  5.094258e+05
1.851100e-04  4.451808e+05
1.927525e-04  3.475022e+05
1.952700e-04  3.221243e+05
1.980000e-04  2.983878e+05
2.000000e-04  2.834052e+05
2.020000e-04  2.703528e+05
2.041738e-04  2.582245e+05
2.065380e-04  2.472905e+05
2.090000e-04  2.381886e+05
2.113489e-04  2.314705e+05
2.137962e-04  2.263053e+05
2.162719e-04  2.227932e+05
2.190000e-04  2.206884e+05
2.213095e-04  2.201828e+05
2.240000e-04  2.209368e+05
2.270000e-04  2.231586e+05
2.300300e-04  2.267296e+05
2.340000e-04  2.330730e+05
2.380400e-04  2.410688e+05
2.450000e-04  2.573832e+05
2.630268e-04  3.059790e+05
2.730000e-04  3.331176e+05
2.830000e-04  3.590856e+05
2.917427e-04  3.802437e+05
3.000000e-04  3.985596e+05
3.100000e-04  4.182936e+05
3.200000e-04  4.353210e+05
3.320000e-04  4.522308e+05
3.430000e-04  4.646850e+05
3.550000e-04  4.753644e+05
3.700000e-04  4.849500e+05
3.850000e-04  4.907670e+05
4.000000e-04  4.932150e+05
4.168694e-04  4.925694e+05
4.365158e-04  4.883210e+05
4.600000e-04  4.797162e+05
4.850000e-04  4.674672e+05
5.080000e-04  4.539720e+05
5.370318e-04  4.352665e+05
5.688529e-04  4.137597e+05
6.025596e-04  3.905759e+05
6.382635e-04  3.662607e+05
6.839116e-04  3.365478e+05
7.328245e-04  3.068407e+05
7.852356e-04  2.776501e+05
8.413951e-04  2.496441e+05
9.015711e-04  2.229915e+05
9.772372e-04  1.939919e+05
1.047129e-03  1.711455e+05
1.135011e-03  1.468045e+05
1.230269e-03  1.251159e+05
1.350000e-03  1.031568e+05
1.462177e-03  8.684334e+04
1.621810e-03  6.883190e+04
1.757924e-03  5.706048e+04
1.927525e-03  4.577185e+04
2.162719e-03  3.440920e+04
2.426610e-03  2.560637e+04
2.691535e-03  1.946646e+04
2.951209e-03  1.516122e+04
3.235937e-03  1.174228e+04
3.589219e-03  8.749591e+03
3.981072e-03  6.474515e+03
4.415704e-03  4.758660e+03
4.897788e-03  3.474468e+03
5.495409e-03  2.430272e+03
6.095369e-03  1.750109e+03
6.839116e-03  1.205932e+03
7.673615e-03  8.247159e+02
8.511380e-03  5.819206e+02
9.660509e-03  3.769602e+02
1.083927e-02  2.521785e+02
1.216186e-02  1.675407e+02
1.380384e-02  1.060473e+02
1.566751e-02  6.662673e+01
1.778279e-02  4.156722e+01
2.041738e-02  2.465450e+01
2.344229e-02  1.451226e+01
2.722701e-02  8.109344e+00
3.162278e-02  4.497403e+00
3.758374e-02  2.259250e+00
4.570882e-02  1.026609e+00
5.688529e-02  4.217714e-01
9.225714e-02  5.828154e-02
1.135011e-01  2.512305e-02
1.333521e-01  1.314725e-02
1.548817e-01  7.259593e-03
1.757924e-01  4.422203e-03
1.972423e-01  2.836418e-03
2.213095e-01  1.832324e-03
2.454709e-01  1.244892e-03
2.722701e-01  8.516882e-04
3.000000e-01  6.010882e-04
3.273407e-01  4.421330e-04
3.589219e-01  3.219637e-04
3.890451e-01  2.455559e-04
4.168694e-01  1.958163e-04
4.518559e-01  1.513627e-04
4.897788e-01  1.177496e-04
5.370318e-01  8.902694e-05
5.821032e-01  7.016595e-05
6.382635e-01  5.383770e-05
6.918310e-01  4.298735e-05
7.498942e-01  3.456210e-05
8.413951e-01  2.557380e-05
8.912509e-01  2.212344e-05
9.440609e-01  1.926274e-05
1.000000e+00  1.690000e-05
1.059254e+00  1.494287e-05
1.135011e+00  1.298779e-05
1.216186e+00  1.136548e-05
1.333521e+00  9.587851e-06
1.698244e+00  6.250522e-06
1.927525e+00  5.025817e-06
2.187762e+00  4.075606e-06
2.511886e+00  3.268884e-06
2.884032e+00  2.642084e-06
3.311311e+00  2.150985e-06
3.845918e+00  1.734329e-06
4.518559e+00  1.386231e-06
5.370318e+00  1.099107e-06
6.309573e+00  8.912023e-07
7.673615e+00  6.965696e-07
9.440609e+00  5.410035e-07
1.174898e+01  4.176686e-07
1.500000e+01  3.153400e-07
1.949845e+01  2.351369e-07
2.722701e+01  1.633081e-07
3.981072e+01  1.089739e-07
5.754399e+01  7.412351e-08
9.549926e+01  4.399378e-08
1.883649e+02  2.204569e-08
3.758374e+02  1.098693e-08
1.496236e+03  2.746302e-09
1.000000e+05  4.103300e-11
-1  -1
1.703000e-05  0.000000e+00
1.703000e-05  2.787636e+05
1.949845e-05  2.626354e+05
2.041738e-05  2.591975e+05
2.113489e-05  2.581768e+05
2.190000e-05  2.589156e+05
2.264644e-05  2.614921e+05
2.344229e-05  2.662698e+05
2.426610e-05  2.734697e+05
2.500000e-05  2.818692e+05
2.580000e-05  2.931867e+05
2.660725e-05  3.069167e+05
2.754229e-05  3.257378e+05
2.851018e-05  3.484696e+05
2.951209e-05  3.754125e+05
3.080000e-05  4.149870e+05
3.235937e-05  4.697238e+05
3.730000e-05  6.808560e+05
3.935501e-05  7.784084e+05
4.120975e-05  8.679689e+05
4.315191e-05  9.612740e+05
4.518559e-05  1.056961e+06
4.731513e-05  1.154691e+06
4.954502e-05  1.254087e+06
5.188000e-05  1.354198e+06
5.500000e-05  1.481985e+06
5.821032e-05  1.606525e+06
6.165950e-05  1.731872e+06
6.531306e-05  1.853309e+06
6.839116e-05  1.944605e+06
7.161434e-05  2.027979e+06
7.500000e-05  2.101548e+06
7.852356e-05  2.163152e+06
8.222426e-05  2.212358e+06
8.650000e-05  2.251788e+06
9.120108e-05  2.278150e+06
9.660509e-05  2.292333e+06
1.023293e-04  2.292595e+06
1.096478e-04  2.275990e+06
1.161449e-04  2.248212e+06
1.230269e-04  2.205752e+06
1.303167e-04  2.149863e+06
1.380384e-04  2.081961e+06
1.480000e-04  1.986264e+06
1.584893e-04  1.883566e+06
1.698244e-04  1.771496e+06
1.800000e-04  1.672755e+06
1.905461e-04  1.570950e+06
2.040000e-04  1.446555e+06
2.187762e-04  1.317549e+06
2.344229e-04  1.193253e+06
2.511886e-04  1.071894e+06
2.660725e-04  9.744996e+05
2.851018e-04  8.623184e+05
3.019952e-04  7.743098e+05
3.273407e-04  6.607352e+05
3.507519e-04  5.720699e+05
3.715352e-04  5.046759e+05
4.027170e-04  4.201135e+05
4.365158e-04  3.468340e+05
4.700000e-04  2.887977e+05
5.050000e-04  2.402160e+05
5.495409e-04  1.920161e+05
6.000000e-04  1.510092e+05
6.531306e-04  1.188596e+05
7.161434e-04  9.095603e+04
7.852356e-04  6.907521e+04
8.609938e-04  5.208876e+04
9.440609e-04  3.901659e+04
1.047129e-03  2.797287e+04
1.161449e-03  1.989982e+04
1.288250e-03  1.405143e+04
1.428894e-03  9.851198e+03
1.603245e-03  6.587663e+03
1.778279e-03  4.554675e+03
1.995262e-03  2.999567e+03
2.238721e-03  1.960021e+03
2.511886e-03  1.270952e+03
2.818383e-03  8.179695e+02
3.162278e-03  5.225929e+02
3.548134e-03  3.314958e+02
4.000000e-03  2.048361e+02
4.518559e-03  1.246137e+02
5.069907e-03  7.736216e+01
5.688529e-03  4.767774e+01
6.382635e-03  2.916926e+01
7.161434e-03  1.771763e+01
8.000000e-03  1.089327e+01
9.120108e-03  6.067089e+00
1.109175e-02  2.504734e+00
1.303167e-02  1.199335e+00
1.531087e-02  5.697666e-01
1.778279e-02  2.834838e-01
2.041738e-02  1.478426e-01
2.371374e-02  7.242100e-02
2.818383e-02  3.154160e-02
3.548134e-02  1.032190e-02
6.839116e-02  4.203728e-04
8.317638e-02  1.628321e-04
9.772372e-02  7.505400e-05
1.135011e-01  3.680721e-05
1.288250e-01  2.027514e-05
1.462177e-01  1.124985e-05
1.640590e-01  6.634808e-06
1.840772e-01  3.942468e-06
2.041738e-01  2.484749e-06
2.264644e-01  1.576987e-06
2.511886e-01  1.007972e-06
2.818383e-01  6.179293e-07
3.090295e-01  4.203156e-07
3.388442e-01  2.879816e-07
3.672823e-01  2.082539e-07
3.935501e-01  1.588896e-07
4.265795e-01  1.166526e-07
4.677351e-01  8.255721e-08
5.188000e-01  5.642919e-08
5.688529e-01  4.051424e-08
6.456542e-01  2.590324e-08
6.918310e-01  2.041217e-08
7.413102e-01  1.619655e-08
7.852356e-01  1.344665e-08
8.609938e-01  1.004413e-08
9.015711e-01  8.729765e-09
9.332543e-01  7.893006e-09
9.660509e-01  7.170864e-09
1.000000e+00  6.552200e-09
1.035142e+00  6.024720e-09
1.071519e+00  5.567649e-09
1.122018e+00  5.046526e-09
1.174898e+00  4.605292e-09
1.244515e+00  4.139132e-09
1.333521e+00  3.666945e-09
1.513561e+00  2.971632e-09
1.862087e+00  2.067727e-09
2.044000e+00  1.766500e-09
2.317395e+00  1.439946e-09
2.660725e+00  1.158712e-09
3.054921e+00  9.394310e-10
3.548134e+00  7.543670e-10
4.120975e+00  6.102660e-10
4.841724e+00  4.893380e-10
5.754399e+00  3.891710e-10
6.839116e+00  3.119000e-10
8.317638e+00  2.445560e-10
1.023293e+01  1.905010e-10
1.288250e+01  1.455160e-10
1.640590e+01  1.105110e-10
2.137962e+01  8.237560e-11
2.884032e+01  5.951690e-11
4.315191e+01  3.880970e-11
6.456542e+01  2.550800e-11
1.096478e+02  1.481100e-11
2.187762e+02  7.346640e-12
8.709636e+02  1.831280e-12
1.380384e+04  1.152740e-13
1.000000e+05  1.590900e-14
-1  -1
1.620000e-05  0.000000e+00
1.620000e-05  4.049720e+05
1.800000e-05  3.783968e+05
1.883649e-05  3.695505e+05
1.950000e-05  3.649924e+05
2.018366e-05  3.625739e+05
2.090000e-05  3.625980e+05
2.162719e-05  3.653341e+05
2.238721e-05  3.711299e+05
2.300000e-05  3.779720e+05
2.371374e-05  3.883814e+05
2.450000e-05  4.028760e+05
2.511886e-05  4.165060e+05
2.580000e-05  4.337600e+05
2.660725e-05  4.572538e+05
2.754229e-05  4.885306e+05
2.851018e-05  5.253831e+05
2.951209e-05  5.681472e+05
3.090295e-05  6.347780e+05
3.630781e-05  9.545339e+05
3.850000e-05  1.099640e+06
4.027170e-05  1.218303e+06
4.220000e-05  1.346460e+06
4.415704e-05  1.473607e+06
4.650000e-05  1.620620e+06
4.900000e-05  1.771416e+06
5.188000e-05  1.936397e+06
5.500000e-05  2.106384e+06
5.821032e-05  2.270907e+06
6.165950e-05  2.434152e+06
6.531306e-05  2.590581e+06
6.839116e-05  2.707037e+06
7.161434e-05  2.811423e+06
7.500000e-05  2.901236e+06
7.900000e-05  2.983244e+06
8.317638e-05  3.043566e+06
8.800000e-05  3.085352e+06
9.332543e-05  3.106406e+06
9.900000e-05  3.108524e+06
1.060000e-04  3.087308e+06
1.135011e-04  3.043367e+06
1.202264e-04  2.986420e+06
1.273503e-04  2.910687e+06
1.350000e-04  2.818436e+06
1.430000e-04  2.712504e+06
1.540000e-04  2.563580e+06
1.650000e-04  2.413328e+06
1.765600e-04  2.259134e+06
1.862087e-04  2.131606e+06
2.000000e-04  1.956544e+06
2.122300e-04  1.809018e+06
2.290868e-04  1.623268e+06
2.454709e-04  1.459538e+06
2.600160e-04  1.328501e+06
2.800000e-04  1.166476e+06
2.951209e-04  1.057896e+06
3.200000e-04  9.032120e+05
3.467369e-04  7.646386e+05
3.672823e-04  6.744153e+05
3.935501e-04  5.767152e+05
4.315191e-04  4.635768e+05
4.730000e-04  3.689976e+05
5.128614e-04  2.991135e+05
5.559043e-04  2.410959e+05
6.025596e-04  1.930739e+05
6.531306e-04  1.535944e+05
7.161434e-04  1.173905e+05
7.852356e-04  8.906122e+04
8.609938e-04  6.709545e+04
9.440609e-04  5.019810e+04
1.047129e-03  3.593530e+04
1.161449e-03  2.552925e+04
1.288250e-03  1.800250e+04
1.428894e-03  1.260448e+04
1.603245e-03  8.415540e+03
1.778279e-03  5.809723e+03
1.995262e-03  3.819558e+03
2.238721e-03  2.491539e+03
2.511886e-03  1.612763e+03
2.818383e-03  1.036072e+03
3.162278e-03  6.608461e+02
3.548134e-03  4.184989e+02
4.000000e-03  2.581153e+02
4.518559e-03  1.566582e+02
5.069907e-03  9.705677e+01
5.688529e-03  5.969471e+01
6.382635e-03  3.644008e+01
7.161434e-03  2.207937e+01
8.000000e-03  1.352836e+01
9.015711e-03  7.910920e+00
1.023293e-02  4.447409e+00
1.188502e-02  2.233400e+00
1.496236e-02  7.673576e-01
1.737801e-02  3.805230e-01
2.000000e-02  1.956306e-01
2.344229e-02  9.128044e-02
2.786121e-02  3.952206e-02
3.427678e-02  1.435083e-02
4.623810e-02  3.288851e-03
7.161434e-02  3.807202e-04
8.609938e-02  1.545522e-04
1.011580e-01  7.072524e-05
1.161449e-01  3.642729e-05
1.318257e-01  1.997358e-05
1.479108e-01  1.164992e-05
1.640590e-01  7.218742e-06
1.819701e-01  4.504957e-06
2.000000e-01  2.951000e-06
2.187762e-01  1.988905e-06
2.398833e-01  1.335472e-06
2.691535e-01  8.187209e-07
2.917427e-01  5.844830e-07
3.162278e-01  4.200317e-07
3.388442e-01  3.183590e-07
3.589219e-01  2.540908e-07
3.890451e-01  1.867682e-07
4.216965e-01  1.383890e-07
4.570882e-01  1.033022e-07
4.954502e-01  7.770324e-08
5.370318e-01  5.889779e-08
5.821032e-01  4.498754e-08
6.309573e-01  3.461117e-08
6.760830e-01  2.782125e-08
7.244360e-01  2.251198e-08
7.762471e-01  1.835324e-08
8.317638e-01  1.506594e-08
8.912509e-01  1.245129e-08
9.549926e-01  1.033425e-08
9.885531e-01  9.460966e-09
1.023293e+00  8.706111e-09
1.071519e+00  7.847344e-09
1.122018e+00  7.121966e-09
1.188502e+00  6.359934e-09
1.273503e+00  5.601858e-09
1.380384e+00  4.868674e-09
1.513561e+00  4.170550e-09
1.840772e+00  2.959760e-09
2.044000e+00  2.479500e-09
2.317395e+00  2.021232e-09
2.660725e+00  1.626464e-09
3.054921e+00  1.318629e-09
3.548134e+00  1.058843e-09
4.120975e+00  8.565720e-10
4.841724e+00  6.868420e-10
5.754399e+00  5.462400e-10
6.839116e+00  4.377820e-10
8.317638e+00  3.432530e-10
1.023293e+01  2.673890e-10
1.300000e+01  2.021200e-10
1.640590e+01  1.551160e-10
2.162719e+01  1.141690e-10
2.917427e+01  8.251470e-11
4.415704e+01  5.317160e-11
6.760830e+01  3.413940e-11
1.188502e+02  1.914870e-11
2.371374e+02  9.505410e-12
4.731513e+02  4.742440e-12
1.883649e+03  1.186900e-12
1.000000e+05  2.233000e-14
-1  -1
5.466000e-05  0.000000e+00
5.466000e-05  6.088320e+04
5.520000e-05  6.111800e+04
5.623413e-05  6.192181e+04
5.754399e-05  6.333941e+04
5.920000e-05  6.559460e+04
6.165950e-05  6.949957e+04
6.800000e-05  8.051220e+04
7.161434e-05  8.643874e+04
7.500000e-05  9.140100e+04
7.800000e-05  9.521060e+04
8.128305e-05  9.868167e+04
8.413951e-05  1.010948e+05
8.709636e-05  1.030215e+05
9.015711e-05  1.044424e+05
9.400000e-05  1.054938e+05
9.800000e-05  1.058686e+05
1.023293e-04  1.056383e+05
1.083927e-04  1.045412e+05
1.150000e-04  1.026936e+05
1.230269e-04  9.992243e+04
1.318257e-04  9.650236e+04
1.412538e-04  9.255864e+04
1.513561e-04  8.813265e+04
1.621810e-04  8.333317e+04
1.757924e-04  7.750397e+04
1.950000e-04  7.003720e+04
2.162719e-04  6.283711e+04
2.371374e-04  5.667790e+04
2.660725e-04  4.941408e+04
3.054921e-04  4.161302e+04
3.467369e-04  3.529812e+04
4.120975e-04  2.794572e+04
4.786301e-04  2.266881e+04
5.821032e-04  1.709715e+04
7.079458e-04  1.277900e+04
8.511380e-04  9.642025e+03
1.023293e-03  7.221071e+03
1.230269e-03  5.366544e+03
1.479108e-03  3.957008e+03
1.778279e-03  2.894967e+03
2.137962e-03  2.102413e+03
2.600160e-03  1.485205e+03
3.162278e-03  1.041061e+03
3.890451e-03  7.091950e+02
4.786301e-03  4.794245e+02
5.888437e-03  3.218019e+02
7.161434e-03  2.192683e+02
8.709636e-03  1.482878e+02
1.047129e-02  1.018749e+02
1.258925e-02  6.948128e+01
1.513561e-02  4.702992e+01
1.819701e-02  3.157878e+01
2.264644e-02  1.950869e+01
2.691535e-02  1.324371e+01
3.090295e-02  9.657894e+00
3.630781e-02  6.626713e+00
4.265795e-02  4.513860e+00
5.069907e-02  2.968598e+00
6.025596e-02  1.937612e+00
7.244360e-02  1.219770e+00
8.511380e-02  8.082930e-01
1.047129e-01  4.722278e-01
1.348963e-01  2.427626e-01
2.398833e-01  5.260116e-02
2.951209e-01  3.052029e-02
3.507519e-01  1.952240e-02
4.027170e-01  1.374613e-02
4.623810e-01  9.753521e-03
5.248075e-01  7.174313e-03
5.888437e-01  5.463757e-03
6.606935e-01  4.192063e-03
7.413102e-01  3.240264e-03
8.413951e-01  2.461223e-03
9.332543e-01  1.979550e-03
1.023293e+00  1.642758e-03
1.174898e+00  1.252091e-03
1.318257e+00  1.005320e-03
1.479108e+00  8.128336e-04
1.659587e+00  6.616402e-04
1.862087e+00  5.421863e-04
2.113489e+00  4.388735e-04
2.426610e+00  3.513097e-04
2.786121e+00  2.834073e-04
3.198895e+00  2.303160e-04
3.715352e+00  1.853805e-04
4.365158e+00  1.479221e-04
5.188000e+00  1.171022e-04
6.165950e+00  9.342071e-05
7.498942e+00  7.294969e-05
9.120108e+00  5.740078e-05
1.122018e+01  4.486015e-05
1.428894e+01  3.391856e-05
1.862087e+01  2.518296e-05
2.570396e+01  1.768810e-05
3.589219e+01  1.237618e-05
5.308844e+01  8.202279e-06
8.912509e+01  4.805437e-06
1.757924e+02  2.406131e-06
3.507519e+02  1.198650e-06
1.396368e+03  2.995337e-07
1.000000e+05  4.176200e-09
-1  -1
3.483000e-05  0.000000e+00
3.483000e-05  4.725080e+06
3.548134e-05  4.530025e+06
3.630781e-05  4.264686e+06
3.758374e-05  3.857529e+06
3.920000e-05  3.382020e+06
4.073803e-05  2.982839e+06
4.265795e-05  2.550229e+06
4.500000e-05  2.110840e+06
4.800000e-05  1.666294e+06
5.956621e-05  7.374569e+05
6.500000e-05  5.337340e+05
7.000000e-05  4.084000e+05
7.500000e-05  3.205460e+05
8.000000e-05  2.573960e+05
8.500000e-05  2.110260e+05
8.912509e-05  1.817829e+05
9.332543e-05  1.582048e+05
9.800000e-05  1.375078e+05
1.023293e-04  1.222689e+05
1.071519e-04  1.086366e+05
1.122018e-04  9.722330e+04
1.174898e-04  8.762785e+04
1.230269e-04  7.952442e+04
1.288400e-04  7.263948e+04
1.350000e-04  6.672320e+04
1.412538e-04  6.182513e+04
1.480000e-04  5.749600e+04
1.566751e-04  5.301708e+04
1.659587e-04  4.920850e+04
1.778279e-04  4.535545e+04
1.927525e-04  4.156583e+04
2.137962e-04  3.746392e+04
2.483133e-04  3.253470e+04
3.200000e-04  2.573780e+04
3.758374e-04  2.203176e+04
4.315191e-04  1.915148e+04
4.897788e-04  1.673309e+04
5.559043e-04  1.452888e+04
6.309573e-04  1.252746e+04
7.161434e-04  1.072759e+04
8.035261e-04  9.258290e+03
9.015711e-04  7.944255e+03
1.023293e-03  6.665099e+03
1.161449e-03  5.551184e+03
1.318257e-03  4.587273e+03
1.500000e-03  3.746520e+03
1.699000e-03  3.058856e+03
1.905461e-03  2.520740e+03
2.162719e-03  2.021180e+03
2.454709e-03  1.608917e+03
2.786121e-03  1.271629e+03
3.162278e-03  9.980522e+02
3.589219e-03  7.779338e+02
4.073803e-03  6.021653e+02
4.623810e-03  4.629191e+02
5.248075e-03  3.534030e+02
6.000000e-03  2.636391e+02
6.839116e-03  1.964762e+02
7.762471e-03  1.467625e+02
8.810489e-03  1.088372e+02
1.000000e-02  8.013276e+01
1.135011e-02  5.854212e+01
1.303167e-02  4.125724e+01
1.584893e-02  2.488469e+01
1.819701e-02  1.731606e+01
2.041738e-02  1.271904e+01
2.317395e-02  8.976972e+00
2.660725e-02  6.089271e+00
3.090295e-02  3.966999e+00
3.630781e-02  2.482428e+00
4.315191e-02  1.489929e+00
5.128614e-02  8.875572e-01
6.309573e-02  4.724112e-01
8.128305e-02  2.166294e-01
1.566751e-01  2.828391e-02
1.927525e-01  1.497482e-02
2.290868e-01  8.873531e-03
2.660725e-01  5.676192e-03
3.054921e-01  3.783765e-03
3.467369e-01  2.626560e-03
3.935501e-01  1.836800e-03
4.415705e-01  1.336644e-03
4.954502e-01  9.798227e-04
5.559043e-01  7.238401e-04
6.165950e-01  5.550600e-04
6.839117e-01  4.286372e-04
7.585776e-01  3.334362e-04
8.609938e-01  2.471393e-04
9.225714e-01  2.111224e-04
9.885531e-01  1.816283e-04
1.071519e+00  1.538028e-04
1.174898e+00  1.281537e-04
1.288250e+00  1.075817e-04
1.428894e+00  8.905129e-05
1.698244e+00  6.553114e-05
1.927525e+00  5.271212e-05
2.187762e+00  4.275260e-05
2.511886e+00  3.429040e-05
2.884032e+00  2.771386e-05
3.311311e+00  2.256230e-05
3.845918e+00  1.819198e-05
4.518559e+00  1.454024e-05
5.370318e+00  1.152864e-05
6.382635e+00  9.211622e-06
7.762471e+00  7.203052e-06
9.549926e+00  5.596877e-06
1.188502e+01  4.322673e-06
1.513561e+01  3.274163e-06
1.972423e+01  2.435307e-06
2.722701e+01  1.712960e-06
4.073803e+01  1.115667e-06
5.888437e+01  7.591716e-07
9.772372e+01  4.507313e-07
1.905461e+02  2.285630e-07
3.801894e+02  1.139295e-07
1.513561e+03  2.847729e-08
1.000000e+05  4.304100e-10
-1  -1
3.018000e-05  0.000000e+00
3.018000e-05  1.007692e+07
3.090295e-05  9.394399e+06
3.198895e-05  8.409692e+06
3.350000e-05  7.195320e+06
3.570000e-05  5.760320e+06
3.845918e-05  4.404581e+06
4.168694e-05  3.268422e+06
4.900000e-05  1.783212e+06
5.248075e-05  1.387028e+06
5.575000e-05  1.119036e+06
5.900000e-05  9.214160e+05
6.237348e-05  7.672549e+05
6.531306e-05  6.634646e+05
6.839116e-05  5.772948e+05
7.161434e-05  5.057038e+05
7.500000e-05  4.460680e+05
7.852356e-05  3.968468e+05
8.150000e-05  3.631292e+05
8.511380e-05  3.296517e+05
8.912509e-05  2.998385e+05
9.332543e-05  2.748300e+05
9.800000e-05  2.525284e+05
1.035142e-04  2.315989e+05
1.096478e-04  2.131523e+05
1.161449e-04  1.974925e+05
1.244515e-04  1.814868e+05
1.350000e-04  1.655808e+05
1.496236e-04  1.487621e+05
2.187762e-04  1.024437e+05
2.540973e-04  8.788213e+04
2.951209e-04  7.488440e+04
3.388442e-04  6.415398e+04
3.890451e-04  5.456251e+04
4.415704e-04  4.675881e+04
5.069907e-04  3.923385e+04
5.800000e-04  3.285140e+04
6.606934e-04  2.747730e+04
7.585776e-04  2.257495e+04
8.709636e-04  1.840534e+04
9.885530e-04  1.516064e+04
1.135011e-03  1.217406e+04
1.288250e-03  9.885361e+03
1.462177e-03  7.971459e+03
1.659587e-03  6.382743e+03
1.883649e-03  5.075027e+03
2.137962e-03  4.007243e+03
2.426610e-03  3.142265e+03
2.754229e-03  2.447117e+03
3.162278e-03  1.848519e+03
3.589219e-03  1.419280e+03
4.073803e-03  1.082303e+03
4.623810e-03  8.197175e+02
5.248075e-03  6.166200e+02
6.000000e-03  4.529120e+02
6.839116e-03  3.323603e+02
7.762471e-03  2.446105e+02
8.810489e-03  1.786703e+02
1.000000e-02  1.295576e+02
1.135011e-02  9.324262e+01
1.288250e-02  6.663060e+01
1.462177e-02  4.728274e+01
1.678804e-02  3.227744e+01
1.927525e-02  2.186243e+01
2.213095e-02  1.469344e+01
2.540973e-02  9.801843e+00
2.917427e-02  6.492369e+00
3.349654e-02  4.269840e+00
3.890451e-02  2.692187e+00
4.570882e-02  1.625917e+00
5.308844e-02  1.011159e+00
6.382635e-02  5.590896e-01
8.035261e-02  2.643007e-01
1.047129e-01  1.108096e-01
1.496236e-01  3.419314e-02
1.840772e-01  1.739336e-02
2.187762e-01  9.972743e-03
2.511886e-01  6.433327e-03
2.851018e-01  4.334081e-03
3.198895e-01  3.046840e-03
3.589219e-01  2.157545e-03
4.000000e-01  1.570800e-03
4.415705e-01  1.184291e-03
4.897788e-01  8.874217e-04
5.370318e-01  6.912322e-04
5.888437e-01  5.419197e-04
6.456542e-01  4.277666e-04
7.079458e-01  3.399837e-04
7.762471e-01  2.720810e-04
8.609938e-01  2.129560e-04
9.225714e-01  1.819586e-04
9.885531e-01  1.565813e-04
1.071519e+00  1.326198e-04
1.174898e+00  1.105120e-04
1.288250e+00  9.276829e-05
1.428894e+00  7.677980e-05
1.698244e+00  5.649906e-05
1.927525e+00  4.544670e-05
2.187762e+00  3.685540e-05
2.511886e+00  2.956031e-05
2.884032e+00  2.389284e-05
3.311311e+00  1.945201e-05
3.845918e+00  1.568404e-05
4.518559e+00  1.253568e-05
5.370318e+00  9.939183e-06
6.382635e+00  7.941600e-06
7.762471e+00  6.209990e-06
9.549926e+00  4.825241e-06
1.188502e+01  3.726723e-06
1.513561e+01  2.822783e-06
1.972423e+01  2.099600e-06
2.722701e+01  1.476853e-06
3.981072e+01  9.854889e-07
5.754399e+01  6.703099e-07
9.549926e+01  3.978427e-07
1.862087e+02  2.017012e-07
3.715352e+02  1.005190e-07
1.479108e+03  2.512340e-08
1.000000e+05  3.710700e-10
-1  -1
5.190000e-06  0.000000e+00
5.190000e-06  2.017500e+06
5.495409e-06  2.205341e+06
5.700000e-06  2.319580e+06
5.956621e-06  2.447856e+06
6.237348e-06  2.572211e+06
6.531306e-06  2.685528e+06
6.918310e-06  2.815124e+06
7.350000e-06  2.935396e+06
7.852356e-06  3.048134e+06
8.413951e-06  3.147701e+06
9.015711e-06  3.225790e+06
9.660509e-06  3.279991e+06
1.023293e-05  3.304857e+06
1.083927e-05  3.308884e+06
1.150000e-05  3.290444e+06
1.215000e-05  3.248884e+06
1.273503e-05  3.192951e+06
1.333521e-05  3.120590e+06
1.400000e-05  3.025564e+06
1.462177e-05  2.923574e+06
1.531087e-05  2.800172e+06
1.603245e-05  2.662271e+06
1.678804e-05  2.512603e+06
1.757924e-05  2.354445e+06
1.840772e-05  2.191076e+06
1.927525e-05  2.025555e+06
2.018366e-05  1.860861e+06
2.113489e-05  1.699874e+06
2.238721e-05  1.507452e+06
2.371374e-05  1.327531e+06
2.511886e-05  1.161852e+06
2.691535e-05  9.833636e+05
2.900000e-05  8.150880e+05
3.126079e-05  6.696136e+05
3.350000e-05  5.549320e+05
3.589219e-05  4.567161e+05
3.801894e-05  3.859303e+05
4.027170e-05  3.241119e+05
4.265795e-05  2.704019e+05
4.518559e-05  2.241309e+05
4.800000e-05  1.826152e+05
5.069907e-05  1.507724e+05
5.370318e-05  1.224177e+05
5.754399e-05  9.455665e+04
6.095369e-05  7.573731e+04
6.531306e-05  5.758484e+04
6.918310e-05  4.552650e+04
7.400000e-05  3.432148e+04
7.852356e-05  2.655189e+04
8.317638e-05  2.056308e+04
8.810489e-05  1.581916e+04
1.040000e-04  7.294640e+03
1.083927e-04  6.038205e+03
1.122018e-04  5.184654e+03
1.161449e-04  4.484473e+03
1.190000e-04  4.072320e+03
1.220000e-04  3.711192e+03
1.250000e-04  3.412844e+03
1.280000e-04  3.167460e+03
1.307000e-04  2.985080e+03
1.333521e-04  2.836450e+03
1.362400e-04  2.704309e+03
1.390000e-04  2.602820e+03
1.415000e-04  2.528768e+03
1.445440e-04  2.458147e+03
1.480000e-04  2.399980e+03
1.515000e-04  2.360860e+03
1.548817e-04  2.338332e+03
1.603245e-04  2.323577e+03
1.659587e-04  2.327595e+03
1.717908e-04  2.347976e+03
1.778279e-04  2.382548e+03
1.862087e-04  2.447209e+03
2.000000e-04  2.578848e+03
2.264644e-04  2.710309e+03
2.454709e-04  2.781859e+03
2.630268e-04  2.827048e+03
2.786121e-04  2.849157e+03
2.851018e-04  2.852594e+03
3.019952e-04  2.832045e+03
3.198895e-04  2.792446e+03
3.388442e-04  2.734938e+03
3.589219e-04  2.661696e+03
3.801894e-04  2.574888e+03
4.073803e-04  2.456122e+03
4.365158e-04  2.325249e+03
4.677351e-04  2.185537e+03
5.011872e-04  2.040422e+03
5.370318e-04  1.893568e+03
5.754399e-04  1.746435e+03
6.165950e-04  1.601010e+03
6.683439e-04  1.435948e+03
7.244360e-04  1.278446e+03
7.852356e-04  1.130331e+03
8.511380e-04  9.924957e+02
9.225714e-04  8.655830e+02
1.000000e-03  7.499039e+02
1.083927e-03  6.455675e+02
1.188502e-03  5.399123e+02
1.303167e-03  4.481536e+02
1.428894e-03  3.692200e+02
1.566751e-03  3.019562e+02
1.717908e-03  2.451114e+02
1.905461e-03  1.923333e+02
2.137962e-03  1.457147e+02
2.371374e-03  1.126951e+02
2.630268e-03  8.651872e+01
2.917427e-03  6.592414e+01
3.198895e-03  5.142276e+01
3.548134e-03  3.859266e+01
3.935501e-03  2.875187e+01
4.365158e-03  2.128263e+01
4.841724e-03  1.565006e+01
5.370318e-03  1.143283e+01
6.025596e-03  8.004806e+00
6.760830e-03  5.560895e+00
7.585776e-03  3.833573e+00
8.511380e-03  2.622951e+00
9.549926e-03  1.781418e+00
1.071519e-02  1.201466e+00
1.216186e-02  7.730561e-01
1.380384e-02  4.936107e-01
1.566751e-02  3.129092e-01
1.798871e-02  1.888329e-01
2.065380e-02  1.130781e-01
2.371374e-02  6.721957e-02
2.754229e-02  3.798236e-02
3.198895e-02  2.131077e-02
3.801894e-02  1.085600e-02
4.677351e-02  4.793106e-03
6.095369e-02  1.671455e-03
9.549926e-02  2.788586e-04
1.188502e-01  1.172876e-04
1.412538e-01  5.959862e-05
1.640590e-01  3.336560e-05
1.883649e-01  1.966248e-05
2.162719e-01  1.167396e-05
2.454709e-01  7.292928e-06
2.754229e-01  4.787984e-06
3.090295e-01  3.165528e-06
3.427678e-01  2.195250e-06
3.801894e-01  1.533666e-06
4.120975e-01  1.167291e-06
4.570882e-01  8.284409e-07
5.069907e-01  5.925397e-07
5.559043e-01  4.425470e-07
6.095369e-01  3.327077e-07
6.683439e-01  2.518788e-07
7.244360e-01  1.986896e-07
7.852356e-01  1.577330e-07
8.609938e-01  1.214466e-07
9.120108e-01  1.038551e-07
9.549926e-01  9.218635e-08
1.000000e+00  8.235200e-08
1.047129e+00  7.409847e-08
1.096478e+00  6.712564e-08
1.161449e+00  5.980189e-08
1.230269e+00  5.365526e-08
1.333521e+00  4.641313e-08
1.479108e+00  3.884897e-08
1.840772e+00  2.649857e-08
2.044000e+00  2.220200e-08
2.317395e+00  1.809766e-08
2.660725e+00  1.456313e-08
3.054921e+00  1.180725e-08
3.548134e+00  9.481305e-09
4.120975e+00  7.670211e-09
4.841724e+00  6.150351e-09
5.754399e+00  4.891333e-09
6.839116e+00  3.920122e-09
8.317638e+00  3.073642e-09
1.023293e+01  2.394337e-09
1.303167e+01  1.804832e-09
1.640590e+01  1.388987e-09
2.137962e+01  1.035369e-09
2.884032e+01  7.480440e-10
4.365158e+01  4.819200e-10
6.606934e+01  3.130590e-10
1.135011e+02  1.797090e-10
2.264644e+02  8.917230e-11
4.518559e+02  4.448180e-11
1.798871e+03  1.112980e-11
1.000000e+05  1.999500e-13
-1  -1
4.850000e-06  0.000000e+00
4.850000e-06  3.547428e+06
5.100000e-06  3.788412e+06
5.308844e-06  3.966603e+06
5.600000e-06  4.181412e+06
5.888437e-06  4.359520e+06
6.237348e-06  4.540588e+06
6.606934e-06  4.695022e+06
7.079458e-06  4.851875e+06
7.585776e-06  4.976527e+06
8.128305e-06  5.069822e+06
8.709636e-06  5.131933e+06
9.332543e-06  5.160840e+06
1.000000e-05  5.152758e+06
1.059254e-05  5.114139e+06
1.122018e-05  5.043611e+06
1.188502e-05  4.939828e+06
1.250000e-05  4.818810e+06
1.318257e-05  4.659480e+06
1.380384e-05  4.497488e+06
1.445440e-05  4.312298e+06
1.513561e-05  4.107763e+06
1.590000e-05  3.870852e+06
1.659587e-05  3.652308e+06
1.737801e-05  3.408196e+06
1.830000e-05  3.129186e+06
1.927525e-05  2.849998e+06
2.018366e-05  2.607135e+06
2.137962e-05  2.314897e+06
2.270000e-05  2.030004e+06
2.400000e-05  1.785924e+06
2.570396e-05  1.513963e+06
2.754229e-05  1.273232e+06
2.951209e-05  1.063796e+06
3.162278e-05  8.829861e+05
3.388442e-05  7.281770e+05
3.630781e-05  5.958098e+05
3.845918e-05  5.010936e+05
4.073803e-05  4.186635e+05
4.315191e-05  3.475102e+05
4.570882e-05  2.864902e+05
4.841724e-05  2.344395e+05
5.128614e-05  1.906150e+05
5.432503e-05  1.538562e+05
5.800000e-05  1.197162e+05
6.165950e-05  9.395712e+04
6.531306e-05  7.437466e+04
6.918310e-05  5.848544e+04
7.328245e-05  4.572307e+04
7.762471e-05  3.550240e+04
8.300000e-05  2.625606e+04
9.015711e-05  1.790384e+04
1.000000e-04  1.104282e+04
1.050000e-04  8.854020e+03
1.083927e-04  7.708700e+03
1.115000e-04  6.854280e+03
1.148154e-04  6.110603e+03
1.174898e-04  5.615732e+03
1.202264e-04  5.192184e+03
1.230269e-04  4.833547e+03
1.258925e-04  4.532831e+03
1.288250e-04  4.283304e+03
1.315000e-04  4.099512e+03
1.345000e-04  3.936276e+03
1.375000e-04  3.811368e+03
1.405000e-04  3.717870e+03
1.440000e-04  3.641430e+03
1.462177e-04  3.608597e+03
1.500000e-04  3.575820e+03
1.548817e-04  3.557575e+03
1.603245e-04  3.564029e+03
1.659587e-04  3.594239e+03
1.717908e-04  3.645156e+03
1.798871e-04  3.740334e+03
1.905461e-04  3.893608e+03
2.000000e-04  4.042206e+03
2.187762e-04  4.172430e+03
2.371374e-04  4.264999e+03
2.540973e-04  4.318025e+03
2.722701e-04  4.340143e+03
2.884032e-04  4.330777e+03
3.019952e-04  4.300247e+03
3.198895e-04  4.217309e+03
3.388442e-04  4.110572e+03
3.589219e-04  3.982886e+03
3.845918e-04  3.806324e+03
4.120975e-04  3.609371e+03
4.415704e-04  3.397500e+03
4.731513e-04  3.176102e+03
5.128614e-04  2.912682e+03
5.495409e-04  2.687282e+03
5.956621e-04  2.427807e+03
6.456542e-04  2.175607e+03
7.000000e-04  1.934466e+03
7.585776e-04  1.709519e+03
8.222426e-04  1.500272e+03
8.912509e-04  1.308135e+03
9.660509e-04  1.132848e+03
1.059254e-03  9.536056e+02
1.161449e-03  7.963943e+02
1.273503e-03  6.599759e+02
1.396368e-03  5.428345e+02
1.531087e-03  4.432408e+02
1.678804e-03  3.593658e+02
1.840772e-03  2.893922e+02
2.041738e-03  2.250579e+02
2.238721e-03  1.787431e+02
2.483133e-03  1.366163e+02
2.786121e-03  1.004898e+02
3.090295e-03  7.574394e+01
3.427678e-03  5.670945e+01
3.801894e-03  4.217519e+01
4.216965e-03  3.115813e+01
4.677351e-03  2.286657e+01
5.188000e-03  1.666983e+01
5.754399e-03  1.207195e+01
6.456542e-03  8.370484e+00
7.244360e-03  5.758444e+00
8.128305e-03  3.930900e+00
9.120108e-03  2.662793e+00
1.023293e-02  1.790597e+00
1.148154e-02  1.195721e+00
1.303167e-02  7.609789e-01
1.479108e-02  4.805792e-01
1.678804e-02  3.012925e-01
1.905461e-02  1.875753e-01
2.187762e-02  1.109961e-01
2.511886e-02  6.519246e-02
2.917427e-02  3.635112e-02
3.388442e-02  2.011543e-02
4.027170e-02  1.008492e-02
4.954502e-02  4.367837e-03
9.549926e-02  3.009140e-04
1.174898e-01  1.300308e-04
1.380384e-01  6.818286e-05
1.584893e-01  3.947510e-05
1.798871e-01  2.408373e-05
2.018366e-01  1.547294e-05
2.264644e-01  1.001453e-05
2.511886e-01  6.817425e-06
2.786121e-01  4.674769e-06
3.054921e-01  3.365075e-06
3.349654e-01  2.438980e-06
3.672823e-01  1.781064e-06
4.000000e-01  1.340700e-06
4.365158e-01  1.010954e-06
4.731513e-01  7.844265e-07
5.188000e-01  5.915063e-07
5.623413e-01  4.651741e-07
6.095369e-01  3.682973e-07
6.606935e-01  2.936631e-07
7.161434e-01  2.358190e-07
7.762471e-01  1.907388e-07
8.511380e-01  1.505461e-07
9.015711e-01  1.305666e-07
9.549926e-01  1.139637e-07
1.011579e+00  1.002212e-07
1.071519e+00  8.875232e-08
1.148154e+00  7.724802e-08
1.244515e+00  6.622074e-08
1.364583e+00  5.595155e-08
1.737801e+00  3.650670e-08
1.949845e+00  2.997110e-08
2.213095e+00  2.432267e-08
2.540973e+00  1.952153e-08
2.917427e+00  1.578831e-08
3.349654e+00  1.286100e-08
3.890451e+00  1.037543e-08
4.570882e+00  8.297266e-09
5.432503e+00  6.582102e-09
6.456542e+00  5.261916e-09
7.852356e+00  4.116481e-09
9.660509e+00  3.199940e-09
1.202264e+01  2.472469e-09
1.531087e+01  1.873398e-09
2.000000e+01  1.390300e-09
2.754229e+01  9.807360e-10
4.120975e+01  6.389180e-10
6.000000e+01  4.316100e-10
9.885531e+01  2.582200e-10
1.949845e+02  1.294420e-10
3.890451e+02  6.453020e-11
1.548817e+03  1.613150e-11
1.000000e+05  2.495000e-13
-1  -1
5.710000e-06  0.000000e+00
5.710000e-06  3.864639e+06
6.200000e-06  2.662320e+06
6.700000e-06  1.861414e+06
7.244360e-06  1.287081e+06
7.762471e-06  9.215445e+05
8.222426e-06  6.936820e+05
8.709636e-06  5.192231e+05
9.225714e-06  3.864109e+05
9.885531e-06  2.691632e+05
1.071519e-05  1.750961e+05
1.180000e-05  1.044150e+05
1.230269e-05  8.386090e+04
1.273503e-05  7.029508e+04
1.318257e-05  5.933847e+04
1.350000e-05  5.309240e+04
1.380384e-05  4.808925e+04
1.412538e-05  4.367312e+04
1.445440e-05  3.994330e+04
1.470000e-05  3.760320e+04
1.500000e-05  3.518640e+04
1.531087e-05  3.312367e+04
1.560000e-05  3.155020e+04
1.590000e-05  3.021820e+04
1.621810e-05  2.908997e+04
1.650000e-05  2.830260e+04
1.680000e-05  2.765060e+04
1.717908e-05  2.705878e+04
1.757924e-05  2.666663e+04
1.800000e-05  2.646260e+04
1.850000e-05  2.643860e+04
1.905461e-05  2.662353e+04
1.972423e-05  2.706016e+04
2.041738e-05  2.767758e+04
2.162719e-05  2.897568e+04
2.454709e-05  3.226929e+04
2.600160e-05  3.370421e+04
2.754229e-05  3.498328e+04
2.917427e-05  3.605376e+04
3.090295e-05  3.689110e+04
3.273407e-05  3.748114e+04
3.467369e-05  3.781491e+04
3.672823e-05  3.789085e+04
3.900000e-05  3.769140e+04
4.150000e-05  3.719200e+04
4.415704e-05  3.642806e+04
4.677351e-05  3.551424e+04
5.011872e-05  3.419708e+04
5.370318e-05  3.267998e+04
5.800000e-05  3.081360e+04
6.309573e-05  2.866682e+04
6.918310e-05  2.628787e+04
7.762471e-05  2.337356e+04
8.912509e-05  2.013327e+04
1.122018e-04  1.551005e+04
1.621810e-04  1.015164e+04
1.798871e-04  8.954613e+03
2.000000e-04  7.820120e+03
2.238721e-04  6.711038e+03
2.570396e-04  5.518310e+03
3.090295e-04  4.225924e+03
3.801894e-04  3.137146e+03
4.466836e-04  2.470732e+03
5.821032e-04  1.652954e+03
7.161434e-04  1.203718e+03
8.810489e-04  8.672178e+02
1.071519e-03  6.337067e+02
1.288250e-03  4.681311e+02
1.566751e-03  3.366597e+02
1.905461e-03  2.402518e+02
2.317395e-03  1.701623e+02
2.818383e-03  1.196436e+02
3.548134e-03  7.838202e+01
4.365158e-03  5.317382e+01
5.370318e-03  3.580554e+01
6.683439e-03  2.339760e+01
8.128305e-03  1.587156e+01
9.885531e-03  1.068313e+01
1.188502e-02  7.304279e+00
1.428894e-02  4.956495e+00
1.717908e-02  3.337193e+00
2.041738e-02  2.286359e+00
2.426610e-02  1.555014e+00
2.884032e-02  1.049674e+00
3.388442e-02  7.220788e-01
4.027170e-02  4.799498e-01
4.786301e-02  3.165687e-01
5.623413e-02  2.131550e-01
6.760830e-02  1.345793e-01
8.128305e-02  8.431635e-02
9.885531e-02  5.084735e-02
1.258925e-01  2.699498e-02
1.603245e-01  1.423472e-02
2.371374e-01  5.027095e-03
2.917427e-01  2.916305e-03
3.467369e-01  1.864988e-03
4.027170e-01  1.275424e-03
4.570882e-01  9.311048e-04
5.188000e-01  6.847413e-04
5.821032e-01  5.215380e-04
6.531306e-01  4.001507e-04
7.328245e-01  3.093862e-04
8.222427e-01  2.411061e-04
9.120108e-01  1.939935e-04
1.011579e+00  1.572757e-04
1.174898e+00  1.172283e-04
1.318257e+00  9.410553e-05
1.496236e+00  7.447682e-05
1.678804e+00  6.065944e-05
1.883649e+00  4.974304e-05
2.137962e+00  4.029381e-05
2.454709e+00  3.227612e-05
2.818383e+00  2.605389e-05
3.235937e+00  2.118547e-05
3.758374e+00  1.706177e-05
4.415704e+00  1.362223e-05
5.248075e+00  1.078978e-05
6.237348e+00  8.611991e-06
7.585776e+00  6.728045e-06
9.225714e+00  5.296171e-06
1.135011e+01  4.140790e-06
1.445440e+01  3.131887e-06
1.883649e+01  2.326162e-06
2.630268e+01  1.614053e-06
3.801894e+01  1.089416e-06
5.559043e+01  7.315382e-07
9.332543e+01  4.288845e-07
1.840772e+02  2.148644e-07
3.672823e+02  1.070696e-07
1.462177e+03  2.676068e-08
1.000000e+05  3.907100e-10
-1  -1
-2  0.0
-2  -2
