3.598500e-02  0.000000e+00
3.598500e-02  5.612425e+03
3.630781e-02  5.500675e+03
3.680000e-02  5.318200e+03
3.715352e-02  5.202919e+03
3.801894e-02  4.887702e+03
3.950000e-02  4.447600e+03
4.315191e-02  3.525903e+03
4.800000e-02  2.677020e+03
5.432503e-02  1.925996e+03
6.760830e-02  1.065033e+03
8.500000e-02  5.659220e+02
1.083927e-01  2.861525e+02
1.640590e-01  8.828481e+01
2.187762e-01  3.908293e+01
2.650000e-01  2.286940e+01
3.090295e-01  1.498466e+01
3.548134e-01  1.032379e+01
4.027170e-01  7.390162e+00
4.518559e-01  5.490354e+00
5.069907e-01  4.108648e+00
5.623413e-01  3.187689e+00
6.237348e-01  2.489750e+00
6.918310e-01  1.958256e+00
7.673615e-01  1.550920e+00
8.511380e-01  1.237791e+00
9.332543e-01  1.020079e+00
1.023293e+00  8.465742e-01
1.174898e+00  6.454298e-01
1.303167e+00  5.298365e-01
1.462177e+00  4.285079e-01
1.640590e+00  3.489971e-01
1.862087e+00  2.806042e-01
2.113489e+00  2.273089e-01
2.398833e+00  1.855260e-01
2.722701e+00  1.525032e-01
3.126079e+00  1.240596e-01
3.630781e+00  9.997722e-02
4.265795e+00  7.986447e-02
5.011872e+00  6.426270e-02
5.956621e+00  5.131668e-02
7.161434e+00  4.067548e-02
8.810489e+00  3.157486e-02
1.100000e+01  2.427700e-02
1.412538e+01  1.820484e-02
1.905461e+01  1.302828e-02
2.630268e+01  9.174703e-03
3.758374e+01  6.275770e-03
5.754399e+01  4.022474e-03
9.660509e+01  2.360986e-03
1.927525e+02  1.170398e-03
3.845918e+02  5.835081e-04
1.531087e+03  1.459802e-04
1.000000e+05  2.231700e-06
-1  -1
5.684900e-03  0.000000e+00
5.684900e-03  2.223200e+04
5.880000e-03  2.107700e+04
6.025596e-03  2.020002e+04
6.165950e-03  1.950930e+04
7.300000e-03  1.460246e+04
7.762471e-03  1.306238e+04
9.015711e-03  9.912281e+03
9.885531e-03  8.294079e+03
1.161449e-02  6.054820e+03
1.318257e-02  4.675554e+03
1.500000e-02  3.576360e+03
1.778279e-02  2.481147e+03
2.000000e-02  1.914528e+03
2.300000e-02  1.397870e+03
2.722701e-02  9.466204e+02
3.198895e-02  6.461907e+02
3.758374e-02  4.372565e+02
4.415704e-02  2.934117e+02
5.248075e-02  1.896872e+02
6.200000e-02  1.235030e+02
7.413102e-02  7.735314e+01
8.912509e-02  4.737756e+01
1.096478e-01  2.707897e+01
1.428894e-01  1.312515e+01
2.426610e-01  3.066138e+00
2.917427e-01  1.861371e+00
3.388442e-01  1.248999e+00
3.890451e-01  8.701371e-01
4.415705e-01  6.290486e-01
5.000000e-01  4.609264e-01
5.623413e-01  3.462721e-01
6.309573e-01  2.636600e-01
6.998420e-01  2.077327e-01
7.762471e-01  1.647192e-01
8.609938e-01  1.315831e-01
9.440609e-01  1.085230e-01
1.035142e+00  9.013154e-02
1.174898e+00  7.030466e-02
1.303167e+00  5.771161e-02
1.462177e+00  4.667365e-02
1.640590e+00  3.801118e-02
1.862087e+00  3.056026e-02
2.113489e+00  2.475559e-02
2.398833e+00  2.020454e-02
2.722701e+00  1.660719e-02
3.126079e+00  1.350881e-02
3.630781e+00  1.088625e-02
4.265795e+00  8.696141e-03
5.011872e+00  6.997372e-03
5.956621e+00  5.587689e-03
7.161434e+00  4.428957e-03
8.810489e+00  3.438068e-03
1.100000e+01  2.643400e-03
1.412538e+01  1.982248e-03
1.905461e+01  1.418617e-03
2.630268e+01  9.989993e-04
3.758374e+01  6.833463e-04
5.754399e+01  4.379910e-04
9.660509e+01  2.570762e-04
1.927525e+02  1.274409e-04
3.845918e+02  6.353559e-05
1.531087e+03  1.589513e-05
1.000000e+05  2.430000e-07
-1  -1
5.363200e-03  0.000000e+00
5.363200e-03  4.526361e+04
5.453000e-03  4.386600e+04
5.550000e-03  4.223600e+04
5.888437e-03  3.634700e+04
6.683439e-03  2.609400e+04
7.328245e-03  2.033600e+04
8.413951e-03  1.388500e+04
1.023293e-02  8.025300e+03
1.120000e-02  6.188800e+03
1.333521e-02  3.719700e+03
1.621810e-02  2.074200e+03
1.883649e-02  1.316100e+03
2.162719e-02  8.604700e+02
2.576800e-02  4.982200e+02
3.126079e-02  2.703400e+02
3.801894e-02  1.443700e+02
4.731513e-02  7.105200e+01
6.237348e-02  2.876000e+01
1.216186e-01  3.194475e+00
1.513561e-01  1.565509e+00
1.819701e-01  8.647510e-01
2.137962e-01  5.180908e-01
2.454709e-01  3.362388e-01
2.818383e-01  2.198422e-01
3.198895e-01  1.500209e-01
3.589219e-01  1.067151e-01
4.027170e-01  7.645152e-02
4.518559e-01  5.519069e-02
5.011872e-01  4.144861e-02
5.559043e-01  3.134463e-02
6.165950e-01  2.387980e-02
6.760830e-01  1.887903e-02
7.498942e-01  1.461671e-02
8.317638e-01  1.140147e-02
9.440609e-01  8.475156e-03
1.000000e+00  7.454100e-03
1.071519e+00  6.445798e-03
1.148154e+00  5.613767e-03
1.250000e+00  4.774158e-03
1.380384e+00  3.984064e-03
1.717908e+00  2.710701e-03
1.949845e+00  2.184048e-03
2.213095e+00  1.774315e-03
2.511886e+00  1.452073e-03
2.884032e+00  1.175946e-03
3.311311e+00  9.594478e-04
3.845918e+00  7.754122e-04
4.518559e+00  6.210268e-04
5.308844e+00  5.010248e-04
6.382635e+00  3.952398e-04
7.762471e+00  3.097218e-04
9.549926e+00  2.411734e-04
1.202264e+01  1.841777e-04
1.462177e+01  1.472796e-04
1.927525e+01  1.082013e-04
2.660725e+01  7.621771e-05
3.801894e+01  5.214670e-05
5.821032e+01  3.343122e-05
9.660509e+01  1.985772e-05
1.927525e+02  9.844032e-06
3.845918e+02  4.907666e-06
1.531087e+03  1.227819e-06
1.000000e+05  1.877000e-08
-1  -1
5.006100e-03  0.000000e+00
5.006100e-03  9.801399e+04
5.050000e-03  9.569348e+04
5.170000e-03  9.078560e+04
5.432503e-03  7.979782e+04
6.300000e-03  5.350200e+04
7.000000e-03  3.983656e+04
8.413951e-03  2.356875e+04
9.800000e-03  1.516948e+04
1.150000e-02  9.417320e+03
1.273503e-02  6.928486e+03
1.548817e-02  3.798234e+03
1.862087e-02  2.133018e+03
2.213400e-02  1.229677e+03
2.630268e-02  7.035826e+02
3.126079e-02  3.992093e+02
3.758374e-02  2.164364e+02
4.570882e-02  1.120383e+02
5.623413e-02  5.538822e+01
7.079458e-02  2.514618e+01
1.188502e-01  4.216577e+00
1.566751e-01  1.639097e+00
1.840772e-01  9.510807e-01
2.137962e-01  5.780029e-01
2.454709e-01  3.677903e-01
2.754229e-01  2.540367e-01
3.090295e-01  1.767330e-01
3.427678e-01  1.283927e-01
3.801894e-01  9.394947e-02
4.216965e-01  6.927473e-02
4.623810e-01  5.321032e-02
5.069907e-01  4.115408e-02
5.559043e-01  3.205306e-02
6.095369e-01  2.514781e-02
6.683439e-01  1.988389e-02
7.328245e-01  1.583789e-02
8.222427e-01  1.202783e-02
8.912509e-01  9.974622e-03
9.549926e-01  8.555093e-03
1.011579e+00  7.572131e-03
1.109175e+00  6.282154e-03
1.216186e+00  5.251129e-03
1.333521e+00  4.421808e-03
1.500000e+00  3.579806e-03
1.717908e+00  2.819031e-03
1.949845e+00  2.271764e-03
2.213095e+00  1.845313e-03
2.511886e+00  1.510046e-03
2.884032e+00  1.222839e-03
3.311311e+00  9.976930e-04
3.845918e+00  8.063191e-04
4.518559e+00  6.457779e-04
5.308844e+00  5.209969e-04
6.382635e+00  4.109979e-04
7.762471e+00  3.220686e-04
9.549926e+00  2.507862e-04
1.188502e+01  1.940868e-04
1.462177e+01  1.531486e-04
1.927525e+01  1.125125e-04
2.660725e+01  7.925570e-05
3.801894e+01  5.422572e-05
5.821032e+01  3.476346e-05
9.772372e+01  2.040800e-05
1.949845e+02  1.011786e-05
3.890451e+02  5.044602e-06
1.548817e+03  1.262077e-06
1.000000e+05  1.951900e-08
-1  -1
1.196400e-03  0.000000e+00
1.196400e-03  6.707716e+04
1.380384e-03  5.625791e+04
1.445440e-03  5.297601e+04
1.737801e-03  4.074266e+04
2.018366e-03  3.272837e+04
2.187762e-03  2.885558e+04
2.660725e-03  2.102089e+04
2.985383e-03  1.729429e+04
3.467369e-03  1.334590e+04
4.168694e-03  9.587363e+03
4.800000e-03  7.388100e+03
5.559043e-03  5.599220e+03
6.606934e-03  4.008110e+03
7.852356e-03  2.844714e+03
9.332543e-03  2.002607e+03
1.096478e-02  1.432506e+03
1.288250e-02  1.017168e+03
1.500000e-02  7.311900e+02
1.757924e-02  5.145771e+02
2.065380e-02  3.573941e+02
2.426610e-02  2.463322e+02
2.851018e-02  1.685188e+02
3.349654e-02  1.144232e+02
3.935501e-02  7.711463e+01
4.623810e-02  5.158971e+01
5.495409e-02  3.327633e+01
6.531306e-02  2.129988e+01
7.852356e-02  1.313094e+01
9.440609e-02  8.035435e+00
1.202264e-01  4.176880e+00
2.570396e-01  5.239696e-01
3.054921e-01  3.292671e-01
3.548134e-01  2.215804e-01
4.073803e-01  1.548179e-01
4.623810e-01  1.122526e-01
5.188000e-01  8.439886e-02
5.821032e-01  6.393657e-02
6.456542e-01  5.013943e-02
7.161434e-01  3.958274e-02
8.000000e-01  3.097703e-02
8.810489e-01  2.515757e-02
9.660509e-01  2.076894e-02
1.083927e+00  1.650089e-02
1.230269e+00  1.290441e-02
1.380384e+00  1.039988e-02
1.548817e+00  8.440810e-03
1.757924e+00  6.761982e-03
2.000000e+00  5.437703e-03
2.264644e+00  4.440530e-03
2.570396e+00  3.638390e-03
2.951209e+00  2.950175e-03
3.388442e+00  2.409842e-03
3.935501e+00  1.949762e-03
4.623810e+00  1.563159e-03
5.432503e+00  1.262448e-03
6.531306e+00  9.968824e-04
7.943282e+00  7.818838e-04
9.772372e+00  6.093537e-04
1.230269e+01  4.656863e-04
1.500000e+01  3.716300e-04
1.927525e+01  2.809538e-04
2.660725e+01  1.979115e-04
3.801894e+01  1.354044e-04
5.888437e+01  8.578002e-05
9.772372e+01  5.096052e-05
1.949845e+02  2.526483e-05
3.890451e+02  1.259684e-05
1.548817e+03  3.151598e-06
1.000000e+05  4.874000e-08
-1  -1
1.059500e-03  0.000000e+00
1.059500e-03  1.044400e+05
1.079000e-03  1.031563e+05
1.165000e-03  9.668700e+04
1.244515e-03  9.055058e+04
1.333521e-03  8.350325e+04
1.450000e-03  7.518080e+04
1.584893e-03  6.670082e+04
1.717908e-03  5.937239e+04
1.862087e-03  5.244625e+04
2.041738e-03  4.505623e+04
2.264644e-03  3.778451e+04
2.426610e-03  3.340812e+04
2.722701e-03  2.694685e+04
3.000000e-03  2.235240e+04
3.311311e-03  1.832727e+04
3.715352e-03  1.444536e+04
4.120975e-03  1.156460e+04
4.623810e-03  8.973156e+03
5.188000e-03  6.903419e+03
5.754399e-03  5.420514e+03
6.531306e-03  4.000366e+03
7.328245e-03  3.012588e+03
8.222426e-03  2.254515e+03
9.332543e-03  1.626791e+03
1.071519e-02  1.129811e+03
1.230269e-02  7.779094e+02
1.412538e-02  5.311511e+02
1.621810e-02  3.597858e+02
1.862087e-02  2.418611e+02
2.150000e-02  1.587768e+02
2.500000e-02  1.013356e+02
2.917427e-02  6.348720e+01
3.427678e-02  3.867532e+01
4.073803e-02  2.257344e+01
4.897788e-02  1.261283e+01
6.095369e-02  6.266905e+00
8.128305e-02  2.474438e+00
1.318257e-01  5.164242e-01
1.659587e-01  2.465643e-01
1.972423e-01  1.425762e-01
2.426610e-01  7.481124e-02
2.786121e-01  4.901437e-02
3.126079e-01  3.467775e-02
3.548134e-01  2.387843e-02
4.000000e-01  1.689976e-02
4.466836e-01  1.237574e-02
5.000000e-01  9.070375e-03
5.559043e-01  6.824774e-03
6.165950e-01  5.206229e-03
6.839117e-01  4.002099e-03
7.585776e-01  3.100022e-03
8.609938e-01  2.285323e-03
9.225714e-01  1.946509e-03
9.772372e-01  1.712185e-03
1.047129e+00  1.479103e-03
1.135011e+00  1.257282e-03
1.230269e+00  1.076584e-03
1.348963e+00  9.082578e-04
1.621810e+00  6.549393e-04
1.840772e+00  5.259903e-04
2.065380e+00  4.337797e-04
2.344229e+00  3.535579e-04
2.660725e+00  2.902416e-04
3.054921e+00  2.357929e-04
3.548134e+00  1.897920e-04
4.168694e+00  1.514495e-04
4.897788e+00  1.217373e-04
5.821032e+00  9.711277e-05
7.000000e+00  7.688300e-05
8.511380e+00  6.047942e-05
1.059254e+01  4.661761e-05
1.380384e+01  3.433158e-05
1.883649e+01  2.424195e-05
2.630268e+01  1.685624e-05
3.758374e+01  1.153040e-05
5.754399e+01  7.390461e-06
9.549926e+01  4.389151e-06
1.905461e+02  2.175617e-06
3.801894e+02  1.084602e-06
1.513561e+03  2.713236e-07
1.000000e+05  4.100300e-09
-1  -1
9.906800e-04  0.000000e+00
9.906800e-04  2.687429e+05
1.047129e-03  2.470921e+05
1.070000e-03  2.439790e+05
1.100000e-03  2.372612e+05
1.135011e-03  2.285932e+05
1.174898e-03  2.182056e+05
1.333521e-03  1.829912e+05
1.479108e-03  1.570473e+05
1.603245e-03  1.384356e+05
1.737801e-03  1.211877e+05
1.927525e-03  1.010550e+05
2.150000e-03  8.301720e+04
2.317395e-03  7.203946e+04
2.660725e-03  5.490448e+04
2.917427e-03  4.550247e+04
3.311311e-03  3.481850e+04
3.650000e-03  2.815852e+04
4.150000e-03  2.110576e+04
4.623810e-03  1.642959e+04
5.188000e-03  1.249953e+04
5.888437e-03  9.172532e+03
6.531306e-03  7.075948e+03
7.328245e-03  5.271148e+03
8.413951e-03  3.669319e+03
9.660509e-03  2.531043e+03
1.096478e-02  1.786575e+03
1.244515e-02  1.251855e+03
1.412538e-02  8.709623e+02
1.603245e-02  6.017634e+02
1.840772e-02  3.989911e+02
2.113489e-02  2.625318e+02
2.426610e-02  1.715270e+02
2.818383e-02  1.073510e+02
3.311311e-02  6.428189e+01
3.890451e-02  3.817569e+01
4.623810e-02  2.167384e+01
5.559043e-02  1.175724e+01
6.918310e-02  5.640262e+00
9.225714e-02  2.125915e+00
1.380384e-01  5.405853e-01
1.678804e-01  2.796841e-01
1.972423e-01  1.636674e-01
2.290868e-01  1.001944e-01
2.600160e-01  6.661238e-02
2.917427e-01  4.626616e-02
3.273407e-01  3.236217e-02
3.630781e-01  2.362390e-02
4.027170e-01  1.737337e-02
4.415705e-01  1.331372e-02
4.841724e-01  1.026975e-02
5.308844e-01  7.975711e-03
5.821032e-01  6.237590e-03
6.382635e-01  4.914031e-03
6.998420e-01  3.900083e-03
7.673615e-01  3.118347e-03
8.511380e-01  2.441280e-03
9.120108e-01  2.085595e-03
9.772372e-01  1.793860e-03
1.059254e+00  1.518539e-03
1.161449e+00  1.264772e-03
1.273503e+00  1.061059e-03
1.412538e+00  8.778867e-04
1.678804e+00  6.465369e-04
1.905461e+00  5.203254e-04
2.162719e+00  4.220364e-04
2.454709e+00  3.449050e-04
2.818383e+00  2.789410e-04
3.235937e+00  2.273137e-04
3.758374e+00  1.835064e-04
4.415704e+00  1.468145e-04
5.188000e+00  1.183204e-04
6.165950e+00  9.462566e-05
7.413102e+00  7.510527e-05
9.120108e+00  5.837975e-05
1.135011e+01  4.511067e-05
1.428894e+01  3.463185e-05
1.905461e+01  2.510796e-05
2.630268e+01  1.768090e-05
3.758374e+01  1.209414e-05
5.754399e+01  7.751973e-06
9.549926e+01  4.603824e-06
1.905461e+02  2.282006e-06
3.801894e+02  1.137640e-06
1.513561e+03  2.845935e-07
1.000000e+05  4.300900e-09
-1  -1
7.477000e-04  0.000000e+00
7.477000e-04  1.631100e+06
7.507500e-04  1.634015e+06
7.539000e-04  1.624172e+06
7.573000e-04  1.600954e+06
7.608000e-04  1.565916e+06
7.650000e-04  1.512720e+06
7.673615e-04  1.478673e+06
7.700000e-04  1.422796e+06
7.762471e-04  1.293828e+06
7.790000e-04  1.246436e+06
7.820000e-04  1.203268e+06
7.852356e-04  1.165631e+06
7.890000e-04  1.131384e+06
7.943282e-04  1.094482e+06
8.050000e-04  1.038568e+06
8.240000e-04  9.548280e+05
8.350000e-04  9.162800e+05
8.470000e-04  8.825960e+05
9.015711e-04  7.629221e+05
9.772372e-04  6.388819e+05
1.047129e-03  5.452236e+05
1.135011e-03  4.495074e+05
1.216186e-03  3.789540e+05
1.318257e-03  3.085038e+05
1.428894e-03  2.495931e+05
1.584893e-03  1.889462e+05
1.717908e-03  1.509167e+05
1.972423e-03  1.017904e+05
2.162719e-03  7.769910e+04
2.483133e-03  5.140933e+04
2.754229e-03  3.741604e+04
3.090295e-03  2.613608e+04
3.500000e-03  1.757048e+04
3.900000e-03  1.236556e+04
4.466836e-03  7.887926e+03
5.069907e-03  5.140596e+03
5.688529e-03  3.460549e+03
6.456542e-03  2.223575e+03
7.413102e-03  1.361146e+03
8.511380e-03  8.261677e+02
9.800000e-03  4.921000e+02
1.122018e-02  2.968737e+02
1.288250e-02  1.758233e+02
1.479108e-02  1.033687e+02
1.717908e-02  5.769742e+01
2.000000e-02  3.166496e+01
2.344229e-02  1.680075e+01
2.818383e-02  7.989672e+00
3.388442e-02  3.770612e+00
4.265795e-02  1.462805e+00
7.943282e-02  1.118427e-01
1.000000e-01  4.345189e-02
1.202264e-01  2.053590e-02
1.412538e-01  1.073709e-02
1.640590e-01  5.924359e-03
1.883649e-01  3.447904e-03
2.137962e-01  2.114337e-03
2.398833e-01  1.364609e-03
2.691535e-01  8.871598e-04
3.000060e-01  5.955553e-04
3.311311e-01  4.173824e-04
3.672823e-01  2.894731e-04
4.073803e-01  2.023103e-04
4.466836e-01  1.481143e-04
4.897788e-01  1.092083e-04
5.308844e-01  8.420930e-05
5.821032e-01  6.300904e-05
6.456542e-01  4.580678e-05
7.079458e-01  3.474166e-05
7.762471e-01  2.654118e-05
8.035261e-01  2.402555e-05
8.511380e-01  2.028689e-05
9.015711e-01  1.724389e-05
9.440609e-01  1.523934e-05
9.885531e-01  1.356370e-05
1.035142e+00  1.217144e-05
1.083927e+00  1.100108e-05
1.135011e+00  1.000484e-05
1.202264e+00  8.950133e-06
1.303167e+00  7.732452e-06
1.428894e+00  6.602329e-06
1.513561e+00  5.993611e-06
1.840772e+00  4.261543e-06
2.044000e+00  3.572897e-06
2.317395e+00  2.915489e-06
2.630268e+00  2.391869e-06
3.019952e+00  1.941927e-06
3.507519e+00  1.562144e-06
4.120975e+00  1.245885e-06
4.841724e+00  1.000923e-06
5.754399e+00  7.980323e-07
6.918310e+00  6.316757e-07
8.413951e+00  4.965539e-07
1.035142e+01  3.877926e-07
1.333521e+01  2.891390e-07
1.819701e+01  2.039073e-07
2.600160e+01  1.381809e-07
3.715352e+01  9.449645e-08
5.688529e+01  6.055566e-08
9.549926e+01  3.553704e-08
1.905461e+02  1.761512e-08
3.801894e+02  8.781239e-09
1.513561e+03  2.196814e-09
1.000000e+05  3.319900e-11
-1  -1
7.329800e-04  0.000000e+00
7.329800e-04  2.601200e+06
7.356500e-04  2.600725e+06
7.357000e-04  2.571847e+06
7.465000e-04  2.379189e+06
7.515000e-04  2.310887e+06
7.540000e-04  2.247186e+06
7.615000e-04  1.999986e+06
7.650000e-04  1.906668e+06
7.680000e-04  1.841610e+06
7.710000e-04  1.788828e+06
7.740000e-04  1.745898e+06
7.780000e-04  1.699890e+06
7.852356e-04  1.634989e+06
8.050000e-04  1.491564e+06
8.150000e-04  1.431402e+06
8.240000e-04  1.386420e+06
8.413951e-04  1.316257e+06
8.912509e-04  1.150237e+06
9.549926e-04  9.865563e+05
1.030000e-03  8.280420e+05
1.122018e-03  6.733491e+05
1.230269e-03  5.343006e+05
1.350000e-03  4.196934e+05
1.531087e-03  2.993681e+05
1.650000e-03  2.431578e+05
1.905461e-03  1.611284e+05
2.070000e-03  1.264242e+05
2.371374e-03  8.412796e+04
2.630268e-03  6.124379e+04
2.951209e-03  4.274931e+04
3.311311e-03  2.961504e+04
3.722400e-03  2.024516e+04
4.216965e-03  1.338635e+04
4.786301e-03  8.722704e+03
5.370318e-03  5.868182e+03
6.025596e-03  3.923167e+03
6.839116e-03  2.501453e+03
7.852356e-03  1.518187e+03
9.015711e-03  9.134401e+02
1.035142e-02  5.448726e+02
1.174898e-02  3.368051e+02
1.333521e-02  2.067791e+02
1.513561e-02  1.261353e+02
1.737801e-02  7.307380e+01
2.018366e-02  4.014001e+01
2.344229e-02  2.189391e+01
2.786121e-02  1.079645e+01
3.349654e-02  5.038450e+00
4.000000e-02  2.401314e+00
5.370318e-02  6.948468e-01
8.128305e-02  1.210379e-01
1.000000e-01  5.081377e-02
1.188502e-01  2.482504e-02
1.380384e-01  1.344217e-02
1.566751e-01  8.053320e-03
1.778279e-01  4.860079e-03
2.000000e-01  3.063631e-03
2.238721e-01  1.979588e-03
2.483133e-01  1.335146e-03
2.722701e-01  9.474184e-04
2.985383e-01  6.773552e-04
3.235937e-01  5.085839e-04
3.507519e-01  3.843160e-04
3.845918e-01  2.811302e-04
4.216965e-01  2.071905e-04
4.623810e-01  1.538561e-04
5.069907e-01  1.151386e-04
5.495409e-01  8.988827e-05
5.888437e-01  7.314102e-05
6.237348e-01  6.194038e-05
6.683439e-01  5.106375e-05
7.244360e-01  4.107775e-05
8.035261e-01  3.125798e-05
8.609938e-01  2.622927e-05
9.120108e-01  2.280003e-05
9.660509e-01  1.994723e-05
1.023293e+00  1.757951e-05
1.096478e+00  1.523117e-05
1.174898e+00  1.329128e-05
1.273503e+00  1.142022e-05
1.396368e+00  9.669213e-06
1.737801e+00  6.585767e-06
1.972423e+00  5.309318e-06
2.238721e+00  4.315772e-06
2.540973e+00  3.534104e-06
2.917427e+00  2.863976e-06
3.349654e+00  2.338095e-06
3.890451e+00  1.890672e-06
4.570882e+00  1.515020e-06
5.370318e+00  1.222936e-06
6.456542e+00  9.652076e-07
7.852356e+00  7.566928e-07
9.660509e+00  5.894677e-07
1.216186e+01  4.503299e-07
1.479108e+01  3.602539e-07
1.927525e+01  2.681006e-07
2.660725e+01  1.888592e-07
3.801894e+01  1.292126e-07
5.821032e+01  8.283644e-08
9.660509e+01  4.920342e-08
1.927525e+02  2.439194e-08
3.845918e+02  1.216098e-08
1.531087e+03  3.042270e-09
1.000000e+05  4.651000e-11
-1  -1
2.318600e-04  0.000000e+00
2.318600e-04  1.258792e+05
2.332000e-04  1.321154e+05
2.344229e-04  1.367747e+05
2.355000e-04  1.400384e+05
2.368000e-04  1.431478e+05
2.383000e-04  1.457264e+05
2.400000e-04  1.476416e+05
2.418000e-04  1.487698e+05
2.440000e-04  1.491952e+05
2.470000e-04  1.486498e+05
3.000000e-04  1.287430e+05
3.162278e-04  1.233870e+05
3.715352e-04  1.061103e+05
4.168694e-04  9.409704e+04
4.500000e-04  8.622680e+04
5.128614e-04  7.342656e+04
5.688529e-04  6.426763e+04
6.382635e-04  5.491511e+04
7.244360e-04  4.589908e+04
8.317638e-04  3.739077e+04
9.440609e-04  3.079239e+04
1.109175e-03  2.383887e+04
1.318257e-03  1.795784e+04
1.570000e-03  1.336680e+04
1.905461e-03  9.554391e+03
2.317395e-03  6.746957e+03
2.800000e-03  4.786260e+03
3.427678e-03  3.291386e+03
4.168694e-03  2.274413e+03
5.011872e-03  1.594924e+03
6.025596e-03  1.110306e+03
7.244360e-03  7.668571e+02
8.609938e-03  5.380301e+02
1.035142e-02  3.658907e+02
1.230269e-02  2.530439e+02
1.462177e-02  1.737068e+02
1.737801e-02  1.183176e+02
2.041738e-02  8.208378e+01
2.398833e-02  5.653410e+01
2.851018e-02  3.761516e+01
3.349654e-02  2.552377e+01
3.935501e-02  1.719560e+01
4.677351e-02  1.117640e+01
5.495409e-02  7.421796e+00
6.606934e-02  4.611506e+00
8.000000e-02  2.790605e+00
9.772372e-02  1.634694e+00
1.258925e-01  8.235262e-01
2.290868e-01  1.599844e-01
2.818383e-01  9.130258e-02
3.349654e-01  5.762113e-02
3.845918e-01  4.014341e-02
4.365158e-01  2.901927e-02
4.897788e-01  2.174788e-02
5.495409e-01  1.641481e-02
6.165950e-01  1.248431e-02
6.839117e-01  9.826771e-03
7.585776e-01  7.786925e-03
8.511380e-01  6.057385e-03
9.332543e-01  4.987376e-03
1.023293e+00  4.137164e-03
1.161449e+00  3.224836e-03
1.303167e+00  2.588891e-03
1.462177e+00  2.093910e-03
1.640590e+00  1.705285e-03
1.862087e+00  1.370992e-03
2.113489e+00  1.110672e-03
2.398833e+00  9.065131e-04
2.754229e+00  7.321583e-04
3.162278e+00  5.959037e-04
3.672823e+00  4.805011e-04
4.315191e+00  3.840388e-04
5.069907e+00  3.091850e-04
6.025596e+00  2.470204e-04
7.244360e+00  1.958835e-04
8.912509e+00  1.521229e-04
1.109175e+01  1.174483e-04
1.412538e+01  8.893253e-05
1.905461e+01  6.364464e-05
2.630268e+01  4.481921e-05
3.758374e+01  3.065711e-05
5.754399e+01  1.964985e-05
9.549926e+01  1.166988e-05
1.905461e+02  5.784562e-06
3.801894e+02  2.883685e-06
1.513561e+03  7.213997e-07
1.000000e+05  1.090200e-08
-1  -1
1.819700e-04  0.000000e+00
1.819700e-04  1.412888e+05
1.835000e-04  1.381098e+05
1.910000e-04  1.258784e+05
1.940000e-04  1.220724e+05
1.972423e-04  1.189083e+05
2.000000e-04  1.168592e+05
2.041738e-04  1.146425e+05
2.089296e-04  1.130330e+05
2.162719e-04  1.115988e+05
2.398833e-04  1.089998e+05
2.818383e-04  1.054260e+05
3.054921e-04  1.030576e+05
3.311311e-04  1.000929e+05
3.548134e-04  9.694412e+04
3.801894e-04  9.324906e+04
4.120975e-04  8.850076e+04
4.415704e-04  8.413417e+04
4.731513e-04  7.948528e+04
5.188000e-04  7.308471e+04
5.650000e-04  6.715000e+04
6.165950e-04  6.109854e+04
6.839116e-04  5.417404e+04
7.500000e-04  4.832440e+04
8.317638e-04  4.216902e+04
9.225714e-04  3.652388e+04
1.035142e-03  3.086810e+04
1.150000e-03  2.627700e+04
1.288250e-03  2.192330e+04
1.450000e-03  1.801336e+04
1.621810e-03  1.485299e+04
1.840772e-03  1.184779e+04
2.070000e-03  9.539760e+03
2.317395e-03  7.696055e+03
2.600160e-03  6.144299e+03
2.951209e-03  4.761486e+03
3.349654e-03  3.662131e+03
3.758374e-03  2.865648e+03
4.216965e-03  2.228144e+03
4.731513e-03  1.721220e+03
5.308844e-03  1.320930e+03
5.956621e-03  1.007217e+03
6.760830e-03  7.417153e+02
7.673615e-03  5.421367e+02
8.709636e-03  3.932775e+02
1.000000e-02  2.748880e+02
1.135011e-02  1.965210e+02
1.303167e-02  1.352223e+02
1.496236e-02  9.231212e+01
1.717908e-02  6.252851e+01
1.972423e-02  4.204414e+01
2.264644e-02  2.806913e+01
2.630268e-02  1.798410e+01
3.054921e-02  1.143987e+01
3.589219e-02  6.975231e+00
4.265795e-02  4.074931e+00
5.128614e-02  2.280051e+00
6.456542e-02  1.093381e+00
9.120108e-02  3.593638e-01
1.364583e-01  9.782639e-02
1.678804e-01  5.041135e-02
2.018366e-01  2.816547e-02
2.344229e-01  1.766358e-02
2.691535e-01  1.156016e-02
3.054921e-01  7.890536e-03
3.467369e-01  5.425575e-03
3.890451e-01  3.886793e-03
4.365158e-01  2.804696e-03
4.841724e-01  2.104879e-03
5.370318e-01  1.590215e-03
5.956621e-01  1.209919e-03
6.606935e-01  9.277856e-04
7.328245e-01  7.169542e-04
8.609938e-01  4.857302e-04
9.225714e-01  4.137331e-04
9.772372e-01  3.641078e-04
1.047129e+00  3.148952e-04
1.135011e+00  2.677358e-04
1.230269e+00  2.291278e-04
1.348963e+00  1.932528e-04
1.603245e+00  1.421761e-04
1.840772e+00  1.118936e-04
2.065380e+00  9.227794e-05
2.344229e+00  7.521243e-05
2.660725e+00  6.174350e-05
3.054921e+00  5.016091e-05
3.548134e+00  4.037516e-05
4.168694e+00  3.221844e-05
4.897788e+00  2.589748e-05
5.821032e+00  2.065854e-05
7.000000e+00  1.635500e-05
8.609938e+00  1.268786e-05
1.071519e+01  9.784011e-06
1.380384e+01  7.303368e-06
1.883649e+01  5.157026e-06
2.630268e+01  3.585932e-06
3.758374e+01  2.452818e-06
5.754399e+01  1.572159e-06
9.660509e+01  9.227906e-07
1.927525e+02  4.574468e-07
3.845918e+02  2.280624e-07
1.531087e+03  5.705696e-08
1.000000e+05  8.722600e-10
-1  -1
1.677600e-04  0.000000e+00
1.677600e-04  4.270913e+05
1.744000e-04  3.786000e+05
1.762000e-04  3.700296e+05
1.785000e-04  3.616584e+05
1.816100e-04  3.532672e+05
1.850000e-04  3.468980e+05
1.890000e-04  3.419436e+05
1.950000e-04  3.374612e+05
2.187762e-04  3.257673e+05
2.511886e-04  3.093091e+05
2.722701e-04  2.980607e+05
2.951209e-04  2.851488e+05
3.200000e-04  2.709700e+05
3.430000e-04  2.577700e+05
3.715352e-04  2.415565e+05
4.073803e-04  2.224256e+05
4.415704e-04  2.055546e+05
4.841724e-04  1.862633e+05
5.308844e-04  1.676542e+05
5.821032e-04  1.498901e+05
6.456542e-04  1.310700e+05
7.161434e-04  1.138080e+05
8.000000e-04  9.704720e+04
8.912509e-04  8.249954e+04
1.000000e-03  6.883320e+04
1.122018e-03  5.701159e+04
1.273503e-03  4.595258e+04
1.428894e-03  3.749692e+04
1.603245e-03  3.039838e+04
1.819701e-03  2.395356e+04
2.089296e-03  1.830840e+04
2.400000e-03  1.385684e+04
2.754229e-03  1.041556e+04
3.126079e-03  7.949634e+03
3.548134e-03  6.022585e+03
4.000000e-03  4.598520e+03
4.500000e-03  3.504292e+03
5.069907e-03  2.643269e+03
5.688529e-03  1.999766e+03
6.456542e-03  1.459906e+03
7.328245e-03  1.057756e+03
8.317638e-03  7.605209e+02
9.549926e-03  5.261620e+02
1.083927e-02  3.726317e+02
1.230269e-02  2.620032e+02
1.396368e-02  1.829327e+02
1.584893e-02  1.268537e+02
1.819701e-02  8.444368e+01
2.089296e-02  5.578183e+01
2.398833e-02  3.657459e+01
2.786121e-02  2.297141e+01
3.235937e-02  1.431748e+01
3.801894e-02  8.537339e+00
4.466836e-02  5.053121e+00
5.308844e-02  2.859968e+00
6.456542e-02  1.488797e+00
8.511380e-02  5.861420e-01
1.396368e-01  1.093830e-01
1.698244e-01  5.669677e-02
2.000000e-01  3.296780e-02
2.290868e-01  2.113756e-02
2.600160e-01  1.405946e-02
2.917427e-01  9.770335e-03
3.273407e-01  6.840633e-03
3.630781e-01  4.998000e-03
4.027170e-01  3.678031e-03
4.466836e-01  2.727857e-03
4.897788e-01  2.105960e-03
5.370318e-01  1.637190e-03
5.888437e-01  1.281859e-03
6.456542e-01  1.011279e-03
7.079458e-01  8.037605e-04
7.762471e-01  6.434657e-04
8.609938e-01  5.039367e-04
9.225714e-01  4.307589e-04
9.885531e-01  3.708072e-04
1.071519e+00  3.141518e-04
1.174898e+00  2.618718e-04
1.288250e+00  2.199169e-04
1.428894e+00  1.821227e-04
1.698244e+00  1.342280e-04
1.927525e+00  1.080938e-04
2.187762e+00  8.773074e-05
2.483133e+00  7.174311e-05
2.851018e+00  5.806221e-05
3.273407e+00  4.734483e-05
3.801894e+00  3.824217e-05
4.466836e+00  3.061268e-05
5.248075e+00  2.468469e-05
6.237348e+00  1.974969e-05
7.498942e+00  1.568289e-05
9.225714e+00  1.219586e-05
1.148154e+01  9.427567e-06
1.428894e+01  7.334883e-06
1.905461e+01  5.317732e-06
2.630268e+01  3.744840e-06
3.758374e+01  2.561544e-06
5.688529e+01  1.661584e-06
9.549926e+01  9.750843e-07
1.905461e+02  4.833275e-07
3.801894e+02  2.409371e-07
1.513561e+03  6.027635e-08
1.000000e+05  9.109200e-10
-1  -1
8.561000e-05  0.000000e+00
8.561000e-05  1.133472e+06
8.565000e-05  1.175288e+06
8.579000e-05  1.349412e+06
8.590000e-05  1.511552e+06
8.605000e-05  1.776880e+06
8.620000e-05  2.104296e+06
8.635000e-05  2.511672e+06
8.646000e-05  2.872088e+06
8.661000e-05  3.473008e+06
8.676000e-05  4.232920e+06
8.687000e-05  4.918400e+06
8.702000e-05  6.083200e+06
8.706000e-05  6.526918e+06
8.762000e-05  1.055238e+07
8.766000e-05  1.093263e+07
8.873000e-05  1.554017e+07
8.998000e-05  1.592014e+07
9.145000e-05  1.408572e+07
9.335000e-05  1.047048e+07
9.720000e-05  6.353707e+06
9.760000e-05  6.083400e+06
9.850000e-05  5.632320e+06
1.000000e-04  5.002160e+06
1.040000e-04  3.707092e+06
1.061300e-04  3.155811e+06
1.090000e-04  2.532604e+06
1.135011e-04  1.794617e+06
1.220000e-04  9.670840e+05
1.280000e-04  6.452800e+05
1.326900e-04  4.793642e+05
1.364583e-04  3.830904e+05
1.390000e-04  3.324228e+05
1.415000e-04  2.917256e+05
1.435000e-04  2.647672e+05
1.450000e-04  2.474104e+05
1.465000e-04  2.322512e+05
1.485000e-04  2.151020e+05
1.500000e-04  2.042992e+05
1.515000e-04  1.950812e+05
1.531087e-04  1.867809e+05
1.548817e-04  1.793376e+05
1.566751e-04  1.734272e+05
1.585000e-04  1.688900e+05
1.603245e-04  1.656667e+05
1.621810e-04  1.635727e+05
1.643000e-04  1.624576e+05
1.660000e-04  1.624216e+05
1.680000e-04  1.632268e+05
1.705000e-04  1.653448e+05
1.730000e-04  1.684936e+05
1.760000e-04  1.733796e+05
1.800000e-04  1.813464e+05
1.862087e-04  1.959331e+05
1.990000e-04  2.294576e+05
2.065380e-04  2.489265e+05
2.120000e-04  2.622144e+05
2.190000e-04  2.779200e+05
2.264644e-04  2.928843e+05
2.344229e-04  3.068093e+05
2.430000e-04  3.195656e+05
2.511886e-04  3.296690e+05
2.600160e-04  3.384063e+05
2.691535e-04  3.452538e+05
2.800000e-04  3.508052e+05
2.917427e-04  3.539657e+05
3.050000e-04  3.546056e+05
3.198895e-04  3.524044e+05
3.350000e-04  3.477640e+05
3.507519e-04  3.410247e+05
3.700000e-04  3.309172e+05
3.890451e-04  3.194877e+05
4.100000e-04  3.058492e+05
4.365158e-04  2.879637e+05
4.623810e-04  2.706920e+05
4.897788e-04  2.529241e+05
5.188000e-04  2.348543e+05
5.559043e-04  2.133276e+05
5.956621e-04  1.924446e+05
6.382635e-04  1.724368e+05
6.850000e-04  1.530944e+05
7.413102e-04  1.330238e+05
8.035261e-04  1.144381e+05
8.709636e-04  9.769211e+04
9.500000e-04  8.180080e+04
1.047129e-03  6.643469e+04
1.150000e-03  5.393280e+04
1.244515e-03  4.498266e+04
1.380384e-03  3.518069e+04
1.531087e-03  2.728220e+04
1.698244e-03  2.099166e+04
1.905461e-03  1.554933e+04
2.137962e-03  1.141257e+04
2.371374e-03  8.574398e+03
2.660725e-03  6.189827e+03
2.951209e-03  4.581628e+03
3.273407e-03  3.368499e+03
3.630781e-03  2.460061e+03
4.027170e-03  1.784578e+03
4.466836e-03  1.285853e+03
5.000000e-03  8.934200e+02
5.623413e-03  6.063395e+02
6.309573e-03  4.116340e+02
7.079458e-03  2.774700e+02
8.000000e-03  1.811452e+02
9.015711e-03  1.185248e+02
1.023293e-02  7.507275e+01
1.161449e-02  4.719738e+01
1.318257e-02  2.945987e+01
1.500000e-02  1.808776e+01
1.717908e-02  1.075390e+01
1.995262e-02  6.010532e+00
2.317395e-02  3.333788e+00
2.722701e-02  1.753897e+00
3.235937e-02  8.747861e-01
3.935501e-02  3.945911e-01
5.248075e-02  1.211343e-01
8.317638e-02  1.822680e-02
1.035142e-01  7.457069e-03
1.244515e-01  3.538745e-03
1.462177e-01  1.856986e-03
1.678804e-01  1.075706e-03
1.927525e-01  6.277198e-04
2.187762e-01  3.858262e-04
2.454709e-01  2.495636e-04
2.754229e-01  1.626305e-04
3.054921e-01  1.114220e-04
3.388442e-01  7.694558e-05
3.758374e-01  5.351062e-05
4.216965e-01  3.602229e-05
4.623810e-01  2.641337e-05
5.069907e-01  1.949758e-05
5.559043e-01  1.449868e-05
6.025596e-01  1.125857e-05
6.531306e-01  8.800328e-06
7.079458e-01  6.921520e-06
7.762471e-01  5.299738e-06
8.609938e-01  3.931968e-06
9.120108e-01  3.352462e-06
9.549926e-01  2.969416e-06
1.000000e+00  2.647900e-06
1.047129e+00  2.379502e-06
1.096478e+00  2.154162e-06
1.148154e+00  1.962456e-06
1.216186e+00  1.759181e-06
1.318257e+00  1.521994e-06
1.513561e+00  1.203080e-06
1.840772e+00  8.554175e-07
2.044000e+00  7.172000e-07
2.317395e+00  5.852272e-07
2.630268e+00  4.801227e-07
3.019952e+00  3.898116e-07
3.507519e+00  3.135811e-07
4.120975e+00  2.500977e-07
4.841724e+00  2.009218e-07
5.754399e+00  1.601947e-07
6.918310e+00  1.268040e-07
8.413951e+00  9.967419e-08
1.035142e+01  7.784270e-08
1.333521e+01  5.804012e-08
1.819701e+01  4.093160e-08
2.600160e+01  2.773717e-08
3.715352e+01  1.896857e-08
5.688529e+01  1.215559e-08
9.440609e+01  7.217877e-09
1.883649e+02  3.577387e-09
3.758374e+02  1.783199e-09
1.496236e+03  4.460800e-10
1.000000e+05  6.664100e-12
-1  -1
8.324000e-05  0.000000e+00
8.324000e-05  2.397222e+06
8.433300e-05  4.508947e+06
8.440000e-05  4.617851e+06
8.732000e-05  9.160477e+06
9.100000e-05  1.116217e+07
9.160000e-05  1.082605e+07
9.300000e-05  1.040621e+07
9.420000e-05  1.000551e+07
9.500000e-05  9.538953e+06
9.660509e-05  8.288252e+06
9.850000e-05  7.115880e+06
1.011579e-04  5.792150e+06
1.035142e-04  4.820757e+06
1.060000e-04  3.961650e+06
1.096478e-04  2.967490e+06
1.205000e-04  1.309494e+06
1.260000e-04  8.945820e+05
1.303167e-04  6.753166e+05
1.333521e-04  5.607078e+05
1.358000e-04  4.869246e+05
1.380384e-04  4.315939e+05
1.400000e-04  3.912828e+05
1.415000e-04  3.649818e+05
1.435000e-04  3.353076e+05
1.450000e-04  3.166626e+05
1.465000e-04  3.007788e+05
1.482800e-04  2.851412e+05
1.500000e-04  2.729808e+05
1.515000e-04  2.644824e+05
1.531087e-04  2.573129e+05
1.548817e-04  2.514890e+05
1.566751e-04  2.475539e+05
1.584893e-04  2.453292e+05
1.606600e-04  2.446792e+05
1.627000e-04  2.457870e+05
1.650000e-04  2.487276e+05
1.678804e-04  2.545053e+05
1.705000e-04  2.613984e+05
1.740000e-04  2.724978e+05
1.780000e-04  2.871252e+05
1.930000e-04  3.500310e+05
2.000000e-04  3.794538e+05
2.065380e-04  4.053347e+05
2.120000e-04  4.253544e+05
2.190000e-04  4.485978e+05
2.264644e-04  4.702940e+05
2.344229e-04  4.900154e+05
2.430000e-04  5.076138e+05
2.511886e-04  5.211868e+05
2.600160e-04  5.325555e+05
2.691535e-04  5.409996e+05
2.800000e-04  5.471688e+05
2.917427e-04  5.496795e+05
3.050000e-04  5.481600e+05
3.200000e-04  5.421792e+05
3.350000e-04  5.329986e+05
3.507519e-04  5.209092e+05
3.700000e-04  5.035638e+05
3.890451e-04  4.844136e+05
4.120975e-04  4.599148e+05
4.365158e-04  4.336966e+05
4.623810e-04  4.064119e+05
4.897788e-04  3.785652e+05
5.188000e-04  3.506390e+05
5.559043e-04  3.175229e+05
6.000000e-04  2.823216e+05
6.456542e-04  2.503638e+05
7.000000e-04  2.174124e+05
7.585776e-04  1.875990e+05
8.222426e-04  1.605557e+05
8.912509e-04  1.364715e+05
9.772372e-04  1.124574e+05
1.070000e-03  9.216600e+04
1.161449e-03  7.654857e+04
1.288250e-03  6.003178e+04
1.428894e-03  4.667553e+04
1.584893e-03  3.599323e+04
1.737801e-03  2.837916e+04
1.905461e-03  2.224600e+04
2.089296e-03  1.733758e+04
2.290868e-03  1.343592e+04
2.540973e-03  1.001838e+04
2.818383e-03  7.417250e+03
3.126079e-03  5.453375e+03
3.467369e-03  3.981760e+03
3.845918e-03  2.887478e+03
4.265795e-03  2.079776e+03
4.731513e-03  1.488107e+03
5.308844e-03  1.018185e+03
5.956621e-03  6.912436e+02
6.683439e-03  4.656345e+02
7.498942e-03  3.114077e+02
8.511380e-03  1.984978e+02
9.660509e-03  1.255189e+02
1.096478e-02  7.875312e+01
1.244515e-02  4.904111e+01
1.412538e-02  3.031648e+01
1.603245e-02  1.860614e+01
1.840772e-02  1.083921e+01
2.113489e-02  6.268289e+00
2.454709e-02  3.437089e+00
2.884032e-02  1.785597e+00
3.388442e-02  9.209849e-01
4.120975e-02  4.081488e-01
8.128305e-02  2.362302e-02
1.011580e-01  9.494609e-03
1.202264e-01  4.653089e-03
1.396368e-01  2.526259e-03
1.603245e-01  1.448298e-03
1.819701e-01  8.762883e-04
2.041738e-01  5.590495e-04
2.264644e-01  3.755391e-04
2.511886e-01  2.540733e-04
2.754229e-01  1.807073e-04
3.019952e-01  1.293946e-04
3.311311e-01  9.332926e-05
3.589219e-01  7.056979e-05
3.890451e-01  5.369692e-05
4.216965e-01  4.113633e-05
4.570882e-01  3.173192e-05
4.954502e-01  2.464852e-05
5.370318e-01  1.928757e-05
5.821032e-01  1.519879e-05
6.309573e-01  1.205744e-05
6.839117e-01  9.629319e-06
7.413102e-01  7.742201e-06
8.511380e-01  5.388901e-06
9.015711e-01  4.660491e-06
9.549926e-01  4.057945e-06
1.000000e+00  3.653600e-06
1.059254e+00  3.227902e-06
1.135011e+00  2.803998e-06
1.216186e+00  2.453565e-06
1.318257e+00  2.115225e-06
1.462177e+00  1.762342e-06
1.798871e+00  1.227342e-06
2.018366e+00  1.010465e-06
2.290868e+00  8.224303e-07
2.600160e+00  6.743029e-07
2.985383e+00  5.471332e-07
3.467369e+00  4.398642e-07
4.073803e+00  3.506224e-07
4.786301e+00  2.815313e-07
5.623413e+00  2.277131e-07
6.760830e+00  1.800695e-07
8.222427e+00  1.414338e-07
1.011579e+01  1.103603e-07
1.303167e+01  8.222505e-08
1.717908e+01  6.021297e-08
2.162719e+01  4.674815e-08
2.754229e+01  3.598048e-08
3.935501e+01  2.463425e-08
6.095369e+01  1.561511e-08
1.011579e+02  9.281240e-09
2.018366e+02  4.602884e-09
4.027170e+02  2.295423e-09
1.603245e+03  5.743750e-10
1.000000e+05  9.195200e-12
-1  -1
3.097000e-05  0.000000e+00
3.097000e-05  3.199300e+04
3.126079e-05  3.264338e+04
3.170000e-05  3.392220e+04
3.210000e-05  3.535220e+04
3.250000e-05  3.700600e+04
3.311311e-05  3.994373e+04
3.548134e-05  5.413086e+04
3.650000e-05  6.094340e+04
3.730000e-05  6.636780e+04
3.830000e-05  7.310380e+04
3.920000e-05  7.902440e+04
4.000000e-05  8.410940e+04
4.110000e-05  9.075860e+04
4.220000e-05  9.695800e+04
4.330000e-05  1.026716e+05
4.450000e-05  1.083378e+05
4.570882e-05  1.134564e+05
4.720000e-05  1.189760e+05
4.850000e-05  1.231270e+05
5.011872e-05  1.274918e+05
5.188000e-05  1.313284e+05
5.400000e-05  1.348538e+05
5.623413e-05  1.374910e+05
5.888437e-05  1.394679e+05
6.165950e-05  1.404874e+05
6.500000e-05  1.406282e+05
6.900000e-05  1.396522e+05
7.328245e-05  1.376407e+05
7.800000e-05  1.346346e+05
8.317638e-05  1.306812e+05
8.912509e-05  1.255917e+05
9.549926e-05  1.197956e+05
1.023293e-04  1.134596e+05
1.109175e-04  1.056546e+05
1.216186e-04  9.657323e+04
1.364583e-04  8.558166e+04
1.548817e-04  7.437513e+04
1.737801e-04  6.502261e+04
1.950000e-04  5.639460e+04
2.264644e-04  4.645497e+04
2.660725e-04  3.744192e+04
3.090295e-04  3.041972e+04
3.845918e-04  2.224854e+04
4.518559e-04  1.754671e+04
5.500000e-04  1.302962e+04
6.683439e-04  9.611282e+03
7.852356e-04  7.421986e+03
9.332543e-04  5.585648e+03
1.122018e-03  4.092758e+03
1.364583e-03  2.918765e+03
1.698244e-03  1.984019e+03
2.113489e-03  1.338073e+03
2.630268e-03  8.952665e+02
3.273407e-03  5.943779e+02
4.073803e-03  3.914868e+02
5.000000e-03  2.628684e+02
6.025596e-03  1.815932e+02
7.328245e-03  1.221324e+02
8.912509e-03  8.150221e+01
1.135011e-02  4.900890e+01
1.348963e-02  3.383439e+01
1.566751e-02  2.437019e+01
1.840772e-02  1.697764e+01
2.187762e-02  1.143472e+01
2.570396e-02  7.850105e+00
3.019952e-02  5.350986e+00
3.548134e-02  3.620766e+00
4.216965e-02  2.364143e+00
5.011872e-02  1.531548e+00
5.956621e-02  9.840355e-01
7.161434e-02  6.092277e-01
8.413951e-02  3.979391e-01
1.035142e-01  2.281375e-01
1.364583e-01  1.076877e-01
2.454709e-01  2.164607e-02
2.951209e-01  1.316999e-02
3.467369e-01  8.585693e-03
4.000000e-01  5.919700e-03
4.518559e-01  4.340614e-03
5.069907e-01  3.259746e-03
5.688529e-01  2.465926e-03
6.309573e-01  1.931040e-03
6.998420e-01  1.522289e-03
7.762471e-01  1.208189e-03
8.709636e-01  9.413963e-04
9.549926e-01  7.765399e-04
1.059254e+00  6.307190e-04
1.202264e+00  4.925752e-04
1.333521e+00  4.049197e-04
1.500000e+00  3.264700e-04
1.698244e+00  2.621384e-04
1.927525e+00  2.111961e-04
2.187762e+00  1.714491e-04
2.483133e+00  1.402091e-04
2.851018e+00  1.134650e-04
3.273407e+00  9.251834e-05
3.801894e+00  7.473047e-05
4.466836e+00  5.982051e-05
5.248075e+00  4.823636e-05
6.237348e+00  3.859334e-05
7.498942e+00  3.064525e-05
9.225714e+00  2.383191e-05
1.148154e+01  1.842201e-05
1.445440e+01  1.414849e-05
1.905461e+01  1.039163e-05
2.630268e+01  7.317745e-06
3.758374e+01  5.005609e-06
5.754399e+01  3.208314e-06
9.660509e+01  1.883133e-06
1.927525e+02  9.335283e-07
3.845918e+02  4.654046e-07
1.531087e+03  1.164339e-07
1.000000e+05  1.780000e-09
-1  -1
1.827000e-05  0.000000e+00
1.827000e-05  2.549720e+07
1.850000e-05  2.327700e+07
1.883649e-05  2.056796e+07
1.920000e-05  1.817400e+07
1.950000e-05  1.652532e+07
1.995262e-05  1.445343e+07
2.041738e-05  1.273265e+07
2.090000e-05  1.126500e+07
2.150000e-05  9.777760e+06
2.213095e-05  8.518357e+06
2.290868e-05  7.280262e+06
2.371374e-05  6.262426e+06
2.470000e-05  5.278120e+06
2.583000e-05  4.404990e+06
2.730000e-05  3.549740e+06
2.917427e-05  2.763438e+06
3.162278e-05  2.056235e+06
3.548134e-05  1.359890e+06
4.168694e-05  7.691456e+05
4.677351e-05  5.149565e+05
5.069907e-05  3.914434e+05
5.432503e-05  3.115382e+05
5.754399e-05  2.592303e+05
6.095369e-05  2.172308e+05
6.400000e-05  1.881966e+05
6.760830e-05  1.613316e+05
7.079458e-05  1.426417e+05
7.413102e-05  1.268549e+05
7.800000e-05  1.122154e+05
8.222426e-05  9.959051e+04
8.650000e-05  8.945680e+04
9.120108e-05  8.059655e+04
9.549926e-05  7.407680e+04
1.000000e-04  6.848040e+04
1.059254e-04  6.255136e+04
1.122018e-04  5.758250e+04
1.194100e-04  5.306512e+04
1.273503e-04  4.911266e+04
1.380384e-04  4.492820e+04
1.531087e-04  4.042742e+04
1.757924e-04  3.543952e+04
2.344229e-04  2.710146e+04
2.754229e-04  2.317079e+04
3.162278e-04  2.012100e+04
3.715352e-04  1.692716e+04
4.200000e-04  1.474070e+04
4.731513e-04  1.279558e+04
5.370318e-04  1.093124e+04
6.025596e-04  9.409554e+03
6.839116e-04  7.922677e+03
7.673615e-04  6.727605e+03
8.709636e-04  5.576876e+03
9.772372e-04  4.669176e+03
1.109175e-03  3.812096e+03
1.258925e-03  3.089376e+03
1.428894e-03  2.485546e+03
1.621810e-03  1.985678e+03
1.840772e-03  1.575311e+03
2.113489e-03  1.214223e+03
2.398833e-03  9.497124e+02
2.722701e-03  7.376694e+02
3.090295e-03  5.689342e+02
3.507519e-03  4.356597e+02
4.000000e-03  3.277540e+02
4.518559e-03  2.499162e+02
5.128614e-03  1.871656e+02
5.821032e-03  1.390910e+02
6.606934e-03  1.025718e+02
7.498942e-03  7.508034e+01
8.413951e-03  5.616993e+01
1.000000e-02  3.603879e+01
1.135011e-02  2.578606e+01
1.288250e-02  1.831629e+01
1.479108e-02  1.251387e+01
1.698244e-02  8.485980e+00
1.949845e-02  5.712418e+00
2.238721e-02  3.817721e+00
2.600160e-02  2.448596e+00
3.019952e-02  1.559095e+00
3.548134e-02  9.515248e-01
4.216965e-02  5.563664e-01
5.069907e-02  3.115520e-01
6.309573e-02  1.551025e-01
8.609938e-02  5.702371e-02
1.364583e-01  1.289436e-02
1.698244e-01  6.407193e-03
2.041738e-01  3.581982e-03
2.371374e-01  2.247755e-03
2.722701e-01  1.471972e-03
3.090295e-01  1.005313e-03
3.507519e-01  6.916674e-04
3.935501e-01  4.957882e-04
4.415705e-01  3.579883e-04
4.897788e-01  2.688361e-04
5.432503e-01  2.032540e-04
6.025596e-01  1.547717e-04
6.683439e-01  1.187682e-04
7.413102e-01  9.184364e-05
8.609938e-01  6.399930e-05
9.225714e-01  5.451708e-05
9.772372e-01  4.798155e-05
1.047129e+00  4.149938e-05
1.135011e+00  3.528572e-05
1.230269e+00  3.019739e-05
1.348963e+00  2.546830e-05
1.603245e+00  1.873466e-05
1.819701e+00  1.503612e-05
2.044000e+00  1.237100e-05
2.317395e+00  1.009607e-05
2.630268e+00  8.282584e-06
3.019952e+00  6.723812e-06
3.507519e+00  5.408801e-06
4.120975e+00  4.313778e-06
4.841724e+00  3.465653e-06
5.754399e+00  2.763167e-06
6.918310e+00  2.187105e-06
8.413951e+00  1.719323e-06
1.035142e+01  1.342682e-06
1.333521e+01  1.001150e-06
1.819701e+01  7.060276e-07
2.600160e+01  4.784384e-07
3.715352e+01  3.271859e-07
5.688529e+01  2.096659e-07
9.549926e+01  1.230415e-07
1.905461e+02  6.099005e-08
3.801894e+02  3.040390e-08
1.513561e+03  7.606245e-09
1.000000e+05  1.149500e-10
-1  -1
1.643000e-05  0.000000e+00
1.643000e-05  5.434560e+07
1.680000e-05  4.665240e+07
1.710000e-05  4.155880e+07
1.750000e-05  3.602184e+07
1.780000e-05  3.258872e+07
1.830000e-05  2.789172e+07
1.870000e-05  2.484164e+07
1.927525e-05  2.127306e+07
1.995262e-05  1.797526e+07
2.070000e-05  1.514496e+07
2.150000e-05  1.278616e+07
2.238721e-05  1.074588e+07
2.350000e-05  8.787280e+06
2.483133e-05  7.046299e+06
2.650000e-05  5.475000e+06
2.851018e-05  4.156190e+06
3.090295e-05  3.089769e+06
3.400000e-05  2.191084e+06
3.715352e-05  1.603138e+06
4.027170e-05  1.215347e+06
4.315191e-05  9.654183e+05
4.570882e-05  8.021310e+05
4.800000e-05  6.892440e+05
5.011872e-05  6.059360e+05
5.248075e-05  5.312478e+05
5.500000e-05  4.677520e+05
5.754399e-05  4.164729e+05
6.025596e-05  3.725282e+05
6.309573e-05  3.354617e+05
6.606934e-05  3.040581e+05
6.918310e-05  2.773207e+05
7.300000e-05  2.509336e+05
7.673615e-05  2.301488e+05
8.150000e-05  2.089204e+05
8.609938e-05  1.925543e+05
9.120108e-05  1.778446e+05
9.800000e-05  1.622684e+05
1.059254e-04  1.481392e+05
1.161449e-04  1.340620e+05
1.318257e-04  1.178952e+05
1.862087e-04  8.404177e+04
2.162719e-04  7.207832e+04
2.511886e-04  6.135826e+04
2.884032e-04  5.251569e+04
3.311311e-04  4.462572e+04
3.845918e-04  3.714737e+04
4.315191e-04  3.206763e+04
4.929400e-04  2.684308e+04
5.559043e-04  2.271889e+04
6.382635e-04  1.860364e+04
7.244360e-04  1.537704e+04
8.222426e-04  1.261333e+04
9.332543e-04  1.026816e+04
1.059254e-03  8.296136e+03
1.205000e-03  6.629534e+03
1.380384e-03  5.193381e+03
1.584893e-03  4.019281e+03
1.798871e-03  3.155419e+03
2.065380e-03  2.404856e+03
2.344229e-03  1.861903e+03
2.660725e-03  1.431737e+03
3.019952e-03  1.093353e+03
3.427678e-03  8.291339e+02
3.890451e-03  6.242068e+02
4.415704e-03  4.664012e+02
5.011872e-03  3.458695e+02
5.688529e-03  2.545602e+02
6.382635e-03  1.913179e+02
7.244360e-03  1.386955e+02
8.222426e-03  9.980556e+01
9.332543e-03  7.130756e+01
1.059254e-02  5.058349e+01
1.202264e-02  3.562984e+01
1.364583e-02  2.492289e+01
1.548817e-02  1.731389e+01
1.778279e-02  1.154660e+01
2.041738e-02  7.641224e+00
2.344229e-02  5.018763e+00
2.722701e-02  3.157747e+00
3.162278e-02  1.971337e+00
3.715352e-02  1.177205e+00
4.415704e-02  6.720126e-01
5.188000e-02  3.954605e-01
6.382635e-02  1.981995e-01
8.317638e-02  8.124952e-02
1.462177e-01  1.202727e-02
1.757924e-01  6.490910e-03
2.089296e-01  3.668402e-03
2.398833e-01  2.339709e-03
2.722701e-01  1.560611e-03
3.054921e-01  1.087713e-03
3.388442e-01  7.912138e-04
3.758374e-01  5.794817e-04
4.168694e-01  4.275986e-04
4.570882e-01  3.285701e-04
5.011872e-01  2.541565e-04
5.495409e-01  1.979858e-04
6.025596e-01  1.553353e-04
6.606935e-01  1.227984e-04
7.244360e-01  9.779307e-05
7.943282e-01  7.845002e-05
8.709636e-01  6.321819e-05
9.332543e-01  5.412254e-05
1.000000e+00  4.666800e-05
1.096478e+00  3.868696e-05
1.202264e+00  3.230982e-05
1.318257e+00  2.718073e-05
1.479108e+00  2.208238e-05
1.717908e+00  1.696491e-05
1.949845e+00  1.367121e-05
2.213095e+00  1.110254e-05
2.511886e+00  9.085213e-06
2.884032e+00  7.358059e-06
3.311311e+00  6.003595e-06
3.845918e+00  4.852044e-06
4.518559e+00  3.885963e-06
5.308844e+00  3.135059e-06
6.382635e+00  2.473164e-06
7.762471e+00  1.938058e-06
9.549926e+00  1.509121e-06
1.202264e+01  1.152483e-06
1.462177e+01  9.215893e-07
1.927525e+01  6.770415e-07
2.660725e+01  4.769171e-07
3.801894e+01  3.263048e-07
5.821032e+01  2.091933e-07
9.660509e+01  1.242540e-07
1.927525e+02  6.159761e-08
3.845918e+02  3.070929e-08
1.531087e+03  7.682860e-09
1.000000e+05  1.174500e-10
-1  -1
3.690000e-06  0.000000e+00
3.690000e-06  5.018380e+05
3.715352e-06  4.855844e+05
3.770000e-06  4.505120e+05
3.960000e-06  3.436640e+05
4.216965e-06  2.411339e+05
4.500000e-06  1.657030e+05
4.786301e-06  1.151209e+05
5.128614e-06  7.605130e+04
5.623413e-06  4.363679e+04
5.888437e-06  3.324107e+04
6.100000e-06  2.715790e+04
6.270000e-06  2.334090e+04
6.420000e-06  2.060250e+04
6.550000e-06  1.862350e+04
6.700000e-06  1.671960e+04
6.850000e-06  1.515590e+04
7.000000e-06  1.387420e+04
7.100000e-06  1.315250e+04
7.244360e-06  1.226986e+04
7.350000e-06  1.172720e+04
7.500000e-06  1.108390e+04
7.650000e-06  1.056720e+04
7.770000e-06  1.023060e+04
7.920000e-06  9.890480e+03
8.050000e-06  9.657280e+03
8.222426e-06  9.421154e+03
8.420000e-06  9.234020e+03
8.609938e-06  9.120532e+03
8.850000e-06  9.048370e+03
9.120108e-06  9.037150e+03
9.440609e-06  9.089134e+03
9.885531e-06  9.229816e+03
1.161449e-05  9.902890e+03
1.258925e-05  1.018705e+04
1.364583e-05  1.040369e+04
1.496236e-05  1.057317e+04
1.640590e-05  1.066261e+04
1.819701e-05  1.067112e+04
2.213095e-05  1.056447e+04
2.600160e-05  1.040065e+04
3.235937e-05  1.011556e+04
3.845918e-05  9.801719e+03
4.265795e-05  9.566402e+03
4.731513e-05  9.267119e+03
5.188000e-05  8.952041e+03
5.559043e-05  8.671724e+03
6.025596e-05  8.297838e+03
6.500000e-05  7.905080e+03
6.918310e-05  7.546907e+03
7.413102e-05  7.121483e+03
7.943282e-05  6.675365e+03
8.511380e-05  6.210859e+03
9.225714e-05  5.663943e+03
1.000000e-04  5.125760e+03
1.109175e-04  4.464985e+03
1.244515e-04  3.798494e+03
1.566751e-04  2.717800e+03
2.041738e-04  1.863965e+03
2.691535e-04  1.270543e+03
3.019952e-04  1.077639e+03
5.308844e-04  4.553686e+02
6.095369e-04  3.664623e+02
8.413951e-04  2.165852e+02
1.035142e-03  1.527969e+02
1.273503e-03  1.069256e+02
1.566751e-03  7.426589e+01
1.949845e-03  5.016151e+01
2.454709e-03  3.295530e+01
3.054921e-03  2.194218e+01
3.801894e-03  1.449509e+01
4.677351e-03  9.716619e+00
5.688529e-03  6.611055e+00
6.839116e-03  4.567145e+00
8.222426e-03  3.131737e+00
9.885531e-03  2.131234e+00
1.188502e-02  1.439225e+00
1.412538e-02  9.886856e-01
1.678804e-02  6.741054e-01
1.995262e-02  4.560560e-01
2.344229e-02  3.143459e-01
2.754229e-02  2.151380e-01
3.235937e-02  1.461810e-01
3.801894e-02  9.861390e-02
4.518559e-02  6.418537e-02
5.308844e-02  4.267971e-02
6.382635e-02  2.655190e-02
7.762471e-02  1.590417e-02
9.225714e-02  1.003802e-02
1.161449e-01  5.390290e-03
2.483133e-01  6.776303e-04
2.985383e-01  4.126660e-04
3.467369e-01  2.775612e-04
3.981072e-01  1.938475e-04
4.518559e-01  1.405336e-04
5.069907e-01  1.056430e-04
5.688529e-01  8.001109e-05
6.309573e-01  6.274263e-05
6.998420e-01  4.955098e-05
7.762471e-01  3.942016e-05
8.511380e-01  3.238013e-05
9.440609e-01  2.614062e-05
1.059254e+00  2.077998e-05
1.216186e+00  1.588391e-05
1.364583e+00  1.278332e-05
1.531087e+00  1.035914e-05
1.717908e+00  8.458859e-06
1.949845e+00  6.820465e-06
2.213095e+00  5.540386e-06
2.511886e+00  4.533773e-06
2.884032e+00  3.671478e-06
3.311311e+00  2.995523e-06
3.845918e+00  2.420952e-06
4.518559e+00  1.938911e-06
5.308844e+00  1.564278e-06
6.382635e+00  1.234000e-06
7.673615e+00  9.807344e-07
9.440609e+00  7.633472e-07
1.174898e+01  5.905408e-07
1.445440e+01  4.658104e-07
1.905461e+01  3.421101e-07
2.630268e+01  2.409166e-07
3.758374e+01  1.647951e-07
5.821032e+01  1.043711e-07
9.660509e+01  6.199749e-08
1.927525e+02  3.073352e-08
3.845918e+02  1.532241e-08
1.531087e+03  3.833346e-09
1.000000e+05  5.860300e-11
-1  -1
-2  0.0
-2  -2
