3.744900e-02  0.000000e+00
3.744900e-02  5.367936e+03
3.870000e-02  4.958377e+03
3.981072e-02  4.597990e+03
4.120975e-02  4.222528e+03
4.500000e-02  3.351120e+03
4.954502e-02  2.613600e+03
5.623413e-02  1.867045e+03
7.000000e-02  1.032348e+03
8.810489e-02  5.472047e+02
1.109175e-01  2.871133e+02
2.162719e-01  4.345204e+01
2.630268e-01  2.516329e+01
3.054921e-01  1.667927e+01
3.507519e-01  1.149312e+01
3.981072e-01  8.227441e+00
4.466836e-01  6.111773e+00
5.011872e-01  4.572405e+00
5.623413e-01  3.449094e+00
6.237348e-01  2.694912e+00
6.918310e-01  2.120283e+00
7.673615e-01  1.679565e+00
8.511380e-01  1.340653e+00
9.332543e-01  1.104994e+00
1.023293e+00  9.171996e-01
1.174898e+00  6.994135e-01
1.318257e+00  5.618837e-01
1.479108e+00  4.546151e-01
1.659587e+00  3.702513e-01
1.862087e+00  3.036458e-01
2.089296e+00  2.508338e-01
2.398833e+00  2.010107e-01
2.754229e+00  1.623182e-01
3.162278e+00  1.320374e-01
3.672823e+00  1.063936e-01
4.315191e+00  8.500374e-02
5.069907e+00  6.843218e-02
6.025596e+00  5.465718e-02
7.328245e+00  4.271841e-02
8.912509e+00  3.364523e-02
1.109175e+01  2.596732e-02
1.462177e+01  1.890414e-02
1.883649e+01  1.424967e-02
2.371374e+01  1.108061e-02
2.917427e+01  8.860617e-03
4.466836e+01  5.649637e-03
7.161434e+01  3.462449e-03
1.273503e+02  1.922380e-03
2.540973e+02  9.555616e-04
5.069907e+02  4.768454e-04
4.027170e+03  5.981554e-05
1.000000e+05  2.407300e-06
-1  -1
5.960800e-03  0.000000e+00
5.960800e-03  2.119536e+04
6.350000e-03  1.901602e+04
6.531306e-03  1.820796e+04
7.161434e-03  1.550648e+04
7.800000e-03  1.339172e+04
8.317638e-03  1.190601e+04
9.660509e-03  9.013389e+03
1.216186e-02  5.745546e+03
1.333521e-02  4.764186e+03
1.580000e-02  3.349380e+03
1.840772e-02  2.410806e+03
2.065380e-02  1.871571e+03
2.426610e-02  1.301451e+03
2.851018e-02  8.962236e+02
3.311311e-02  6.286421e+02
3.801894e-02  4.501288e+02
4.415704e-02  3.113073e+02
5.128614e-02  2.138190e+02
6.025596e-02  1.416528e+02
7.161434e-02  9.042248e+01
8.609938e-02  5.557424e+01
1.047129e-01  3.288163e+01
1.348963e-01  1.652112e+01
2.426610e-01  3.311314e+00
2.917427e-01  2.013089e+00
3.427678e-01  1.311865e+00
3.935501e-01  9.153044e-01
4.466836e-01  6.626203e-01
5.011872e-01  4.972626e-01
5.623413e-01  3.759639e-01
6.309573e-01  2.864008e-01
6.998420e-01  2.257277e-01
7.762471e-01  1.790341e-01
8.609938e-01  1.430443e-01
9.440609e-01  1.179880e-01
1.035142e+00  9.799848e-02
1.174898e+00  7.645344e-02
1.318257e+00  6.142126e-02
1.479108e+00  4.969582e-02
1.659587e+00  4.047243e-02
1.862087e+00  3.319003e-02
2.089296e+00  2.741595e-02
2.398833e+00  2.196913e-02
2.754229e+00  1.773936e-02
3.162278e+00  1.442945e-02
3.672823e+00  1.162693e-02
4.315191e+00  9.289322e-03
5.069907e+00  7.478319e-03
6.025596e+00  5.972945e-03
7.328245e+00  4.668246e-03
8.912509e+00  3.676758e-03
1.109175e+01  2.837681e-03
1.462177e+01  2.065882e-03
1.883649e+01  1.557180e-03
2.371374e+01  1.210886e-03
2.917427e+01  9.682836e-04
4.466836e+01  6.173930e-04
7.161434e+01  3.783710e-04
1.288250e+02  2.076389e-04
2.570396e+02  1.032203e-04
5.128614e+02  5.151058e-05
4.073803e+03  6.461820e-06
1.000000e+05  2.630700e-07
-1  -1
5.630300e-03  0.000000e+00
5.630300e-03  4.239732e+04
5.700000e-03  4.165186e+04
5.740000e-03  4.113800e+04
5.821032e-03  3.988900e+04
6.165950e-03  3.450800e+04
7.161434e-03  2.328300e+04
7.943282e-03  1.755900e+04
9.332543e-03  1.122700e+04
1.083927e-02  7.374000e+03
1.216186e-02  5.284600e+03
1.400000e-02  3.505100e+03
1.717908e-02  1.903300e+03
2.080000e-02  1.063400e+03
2.500000e-02  6.017600e+02
3.019952e-02  3.323900e+02
3.672823e-02  1.782600e+02
4.570882e-02  8.810600e+01
5.956621e-02  3.721000e+01
1.188502e-01  3.864107e+00
1.479108e-01  1.896787e+00
1.778279e-01  1.048809e+00
2.089296e-01  6.286669e-01
2.426610e-01  3.937477e-01
2.786121e-01  2.575819e-01
3.162278e-01  1.758378e-01
3.548134e-01  1.251056e-01
3.981072e-01  8.963385e-02
4.466836e-01  6.470550e-02
5.000000e-01  4.739205e-02
5.559043e-01  3.563026e-02
6.165950e-01  2.716049e-02
6.760830e-01  2.148290e-02
7.498942e-01  1.664069e-02
8.317638e-01  1.298598e-02
9.440609e-01  9.657868e-03
1.000000e+00  8.496131e-03
1.071519e+00  7.348447e-03
1.148154e+00  6.400716e-03
1.250000e+00  5.443571e-03
1.380384e+00  4.541766e-03
1.717908e+00  3.087067e-03
1.927525e+00  2.535538e-03
2.187762e+00  2.059841e-03
2.511886e+00  1.655022e-03
2.884032e+00  1.339813e-03
3.311311e+00  1.092452e-03
3.845918e+00  8.823012e-04
4.518559e+00  7.065011e-04
5.370318e+00  5.613977e-04
6.382635e+00  4.494757e-04
7.762471e+00  3.521034e-04
9.549926e+00  2.741349e-04
1.174898e+01  2.149355e-04
1.500000e+01  1.625400e-04
1.905461e+01  1.245111e-04
2.371374e+01  9.805170e-05
2.951209e+01  7.745643e-05
4.466836e+01  4.999435e-05
7.161434e+01  3.063978e-05
1.288250e+02  1.681375e-05
2.570396e+02  8.358474e-06
5.128614e+02  4.171171e-06
4.073803e+03  5.232613e-07
1.000000e+05  2.130300e-08
-1  -1
5.243400e-03  0.000000e+00
5.243400e-03  9.135979e+04
5.340000e-03  8.843096e+04
5.400000e-03  8.629708e+04
5.700000e-03  7.499360e+04
6.650000e-03  4.937720e+04
7.328245e-03  3.760574e+04
8.810489e-03  2.221614e+04
1.011579e-02  1.490724e+04
1.135011e-02  1.058498e+04
1.303167e-02  6.996067e+03
1.584893e-02  3.839292e+03
1.862087e-02  2.320351e+03
2.150000e-02  1.471140e+03
2.511886e-02  8.925427e+02
2.951209e-02  5.281156e+02
3.507519e-02  2.988182e+02
4.216965e-02  1.615936e+02
5.248075e-02  7.721752e+01
6.760830e-02  3.254628e+01
1.303167e-01  3.415349e+00
1.573050e-01  1.799470e+00
1.905461e-01  9.445697e-01
2.187762e-01  5.976660e-01
2.483133e-01  3.955587e-01
2.786121e-01  2.736045e-01
3.126079e-01  1.906152e-01
3.467369e-01  1.386335e-01
3.845918e-01  1.015670e-01
4.265795e-01  7.499050e-02
4.677351e-01  5.765878e-02
5.128614e-01  4.463809e-02
5.623413e-01  3.480895e-02
6.165950e-01  2.733993e-02
6.760830e-01  2.163449e-02
7.413102e-01  1.724817e-02
8.413951e-01  1.275905e-02
9.015711e-01  1.088193e-02
9.660509e-01  9.342511e-03
1.035142e+00  8.084412e-03
1.135011e+00  6.720475e-03
1.250000e+00  5.581429e-03
1.380384e+00  4.648778e-03
1.659587e+00  3.348765e-03
1.862087e+00  2.745238e-03
2.065380e+00  2.310504e-03
2.371374e+00  1.850415e-03
2.722701e+00  1.493150e-03
3.126079e+00  1.213730e-03
3.630781e+00  9.774024e-04
4.216965e+00  7.928806e-04
4.954502e+00  6.376453e-04
5.888437e+00  5.087821e-04
7.079458e+00  4.030131e-04
8.609938e+00  3.169863e-04
1.083927e+01  2.410749e-04
1.428894e+01  1.753649e-04
1.862087e+01  1.304159e-04
2.371374e+01  1.001404e-04
2.951209e+01  7.910506e-05
4.466836e+01  5.105930e-05
7.161434e+01  3.129194e-05
1.288250e+02  1.717187e-05
2.570396e+02  8.536339e-06
5.128614e+02  4.259982e-06
4.073803e+03  5.344056e-07
1.000000e+05  2.175700e-08
-1  -1
1.273400e-03  0.000000e+00
1.273400e-03  6.253674e+04
1.348963e-03  5.894142e+04
1.531087e-03  5.010475e+04
1.621810e-03  4.621256e+04
2.018366e-03  3.358205e+04
2.187762e-03  2.976756e+04
2.400000e-03  2.567920e+04
2.851018e-03  1.939013e+04
3.198895e-03  1.593147e+04
3.715352e-03  1.227468e+04
4.466836e-03  8.801940e+03
5.128614e-03  6.809659e+03
5.956621e-03  5.126209e+03
7.079458e-03  3.663794e+03
8.413951e-03  2.596297e+03
1.000000e-02  1.824912e+03
1.188502e-02  1.272105e+03
1.380384e-02  9.241971e+02
1.603245e-02  6.671097e+02
1.862087e-02  4.783956e+02
2.187762e-02  3.319659e+02
2.570396e-02  2.286184e+02
3.019952e-02  1.562617e+02
3.548134e-02  1.060067e+02
4.168694e-02  7.138433e+01
4.897788e-02  4.772206e+01
5.821032e-02  3.076103e+01
6.918310e-02  1.967982e+01
8.317638e-02  1.212735e+01
9.885531e-02  7.650654e+00
1.273503e-01  3.858295e+00
2.483133e-01  6.255452e-01
3.000060e-01  3.762639e-01
3.507519e-01  2.489163e-01
4.027170e-01  1.739669e-01
4.570882e-01  1.261458e-01
5.128614e-01  9.483225e-02
5.754399e-01  7.182209e-02
6.382635e-01  5.630304e-02
7.079458e-01  4.442943e-02
7.852356e-01  3.529561e-02
8.709636e-01  2.820788e-02
9.549926e-01  2.326919e-02
1.047129e+00  1.933630e-02
1.188502e+00  1.509349e-02
1.333521e+00  1.213508e-02
1.500000e+00  9.781613e-03
1.698244e+00  7.848393e-03
1.905461e+00  6.445462e-03
2.162719e+00  5.233050e-03
2.483133e+00  4.201557e-03
2.851018e+00  3.398818e-03
3.273407e+00  2.769560e-03
3.801894e+00  2.235516e-03
4.466836e+00  1.789109e-03
5.308844e+00  1.420869e-03
6.309573e+00  1.137056e-03
7.673615e+00  8.903471e-04
9.332543e+00  7.024632e-04
1.161449e+01  5.430466e-04
1.500000e+01  4.052300e-04
1.905461e+01  3.104191e-04
2.371374e+01  2.444572e-04
2.917427e+01  1.954854e-04
4.466836e+01  1.246406e-04
7.161434e+01  7.638897e-05
1.288250e+02  4.191862e-05
2.570396e+02  2.083830e-05
5.128614e+02  1.039939e-05
4.073803e+03  1.304523e-06
1.000000e+05  5.311100e-08
-1  -1
1.132200e-03  0.000000e+00
1.132200e-03  9.401880e+04
1.142000e-03  9.511120e+04
1.160000e-03  9.605858e+04
1.170000e-03  9.605931e+04
1.190000e-03  9.484670e+04
1.244515e-03  9.123117e+04
1.318257e-03  8.603461e+04
1.380384e-03  8.158102e+04
1.513561e-03  7.255381e+04
1.690000e-03  6.245660e+04
1.819701e-03  5.605959e+04
1.972423e-03  4.947516e+04
2.137962e-03  4.328187e+04
2.426610e-03  3.482608e+04
2.600160e-03  3.074429e+04
2.951209e-03  2.420014e+04
3.235937e-03  2.021599e+04
3.630781e-03  1.598822e+04
4.027170e-03  1.287000e+04
4.518559e-03  1.002135e+04
5.011872e-03  7.954888e+03
5.688529e-03  5.944124e+03
6.309573e-03  4.653892e+03
7.161434e-03  3.423880e+03
8.128305e-03  2.498206e+03
9.225714e-03  1.808872e+03
1.047129e-02  1.299882e+03
1.188502e-02  9.272841e+02
1.350000e-02  6.554160e+02
1.531087e-02  4.620334e+02
1.757924e-02  3.124631e+02
2.041738e-02  2.028351e+02
2.371374e-02  1.305902e+02
2.754229e-02  8.346358e+01
3.235937e-02  5.112958e+01
3.801894e-02  3.110190e+01
4.570882e-02  1.748431e+01
5.495409e-02  9.758107e+00
7.079458e-02  4.337527e+00
1.380384e-01  5.038882e-01
1.698244e-01  2.600206e-01
2.041738e-01  1.454702e-01
2.371374e-01  9.133629e-02
2.722701e-01  5.984336e-02
3.126079e-01  3.950863e-02
3.548134e-01  2.720938e-02
3.981072e-01  1.952931e-02
4.466836e-01  1.413310e-02
5.011872e-01  1.030890e-02
5.559043e-01  7.812356e-03
6.165950e-01  5.962332e-03
6.839117e-01  4.585231e-03
7.585776e-01  3.553119e-03
8.609938e-01  2.619532e-03
9.225714e-01  2.231750e-03
9.772372e-01  1.964471e-03
1.047129e+00  1.699388e-03
1.135011e+00  1.445201e-03
1.244515e+00  1.210314e-03
1.364583e+00  1.021603e-03
1.678804e+00  7.072574e-04
1.883649e+00  5.801799e-04
2.113489e+00  4.795245e-04
2.426610e+00  3.845521e-04
2.786121e+00  3.107478e-04
3.198895e+00  2.529408e-04
3.715352e+00  2.039349e-04
4.365158e+00  1.630260e-04
5.128614e+00  1.313106e-04
6.095369e+00  1.049311e-04
7.413102e+00  8.204826e-05
9.015711e+00  6.464962e-05
1.122018e+01  4.991703e-05
1.462177e+01  3.683087e-05
1.883649e+01  2.776166e-05
2.371374e+01  2.158790e-05
2.951209e+01  1.705298e-05
4.466836e+01  1.100718e-05
7.161434e+01  6.745687e-06
1.288250e+02  3.701743e-06
2.570396e+02  1.840183e-06
5.128614e+02  9.183398e-07
4.073803e+03  1.152033e-07
1.000000e+05  4.690100e-09
-1  -1
1.057000e-03  0.000000e+00
1.057000e-03  2.460195e+05
1.075000e-03  2.445743e+05
1.098000e-03  2.399090e+05
1.161449e-03  2.257408e+05
1.244515e-03  2.074136e+05
1.333521e-03  1.886781e+05
1.500000e-03  1.587344e+05
1.650000e-03  1.370204e+05
1.778279e-03  1.212202e+05
1.905461e-03  1.076556e+05
2.238721e-03  8.050372e+04
2.426610e-03  6.914104e+04
2.754229e-03  5.383537e+04
3.019952e-03  4.464340e+04
3.400000e-03  3.474432e+04
3.758374e-03  2.795157e+04
4.216965e-03  2.159305e+04
4.677351e-03  1.701382e+04
5.308844e-03  1.260764e+04
5.956621e-03  9.527697e+03
6.683439e-03  7.150694e+03
7.585776e-03  5.173981e+03
8.609938e-03  3.713893e+03
9.772372e-03  2.645538e+03
1.096478e-02  1.930941e+03
1.230269e-02  1.400950e+03
1.400000e-02  9.702600e+02
1.584893e-02  6.773092e+02
1.800000e-02  4.652400e+02
2.041738e-02  3.187170e+02
2.344229e-02  2.090762e+02
2.722701e-02  1.313821e+02
3.171060e-02  8.122200e+01
3.672823e-02  5.074545e+01
4.365158e-02  2.895302e+01
5.248075e-02  1.578436e+01
6.382635e-02  8.220770e+00
8.222426e-02  3.502762e+00
1.412538e-01  5.604364e-01
1.698244e-01  3.020970e-01
2.000000e-01  1.757305e-01
2.317395e-01  1.086034e-01
2.630268e-01  7.231044e-02
2.951209e-01  5.029283e-02
3.311311e-01  3.522854e-02
3.672823e-01  2.574967e-02
4.073803e-01  1.896140e-02
4.466836e-01  1.454554e-02
4.897788e-01  1.123105e-02
5.370318e-01  8.730821e-03
5.888437e-01  6.834912e-03
6.456542e-01  5.390722e-03
7.079458e-01  4.283325e-03
7.762471e-01  3.428507e-03
8.609938e-01  2.685658e-03
9.225714e-01  2.296370e-03
9.885531e-01  1.977472e-03
1.071519e+00  1.675952e-03
1.174898e+00  1.397232e-03
1.288250e+00  1.173256e-03
1.428894e+00  9.713366e-04
1.698244e+00  7.151947e-04
1.905461e+00  5.871187e-04
2.137962e+00  4.855774e-04
2.454709e+00  3.896121e-04
2.818383e+00  3.149894e-04
3.235937e+00  2.565202e-04
3.758374e+00  2.069332e-04
4.415704e+00  1.655173e-04
5.188000e+00  1.333896e-04
6.165950e+00  1.066451e-04
7.498942e+00  8.342583e-05
9.120108e+00  6.576383e-05
1.135011e+01  5.079850e-05
1.479108e+01  3.749517e-05
1.905461e+01  2.827284e-05
2.371374e+01  2.226464e-05
2.917427e+01  1.780461e-05
4.466836e+01  1.135220e-05
7.161434e+01  6.957250e-06
1.288250e+02  3.817864e-06
2.570396e+02  1.897918e-06
5.128614e+02  9.471367e-07
4.073803e+03  1.188168e-07
1.000000e+05  4.837200e-09
-1  -1
8.066400e-04  0.000000e+00
8.066400e-04  9.384014e+05
8.191000e-04  9.574666e+05
8.317638e-04  9.691964e+05
8.450000e-04  9.652200e+05
8.470000e-04  9.626405e+05
8.780000e-04  8.832288e+05
9.000000e-04  8.255320e+05
9.225714e-04  7.785878e+05
9.700000e-04  6.946080e+05
1.050000e-03  5.817080e+05
1.122018e-03  4.985221e+05
1.216186e-03  4.099749e+05
1.303167e-03  3.447771e+05
1.412538e-03  2.799937e+05
1.548817e-03  2.190303e+05
1.717908e-03  1.651700e+05
1.883649e-03  1.272804e+05
2.137962e-03  8.840084e+04
2.371374e-03  6.502266e+04
2.691535e-03  4.438304e+04
3.019952e-03  3.108572e+04
3.388442e-03  2.164138e+04
3.845918e-03  1.439853e+04
4.265795e-03  1.025469e+04
4.841724e-03  6.721304e+03
5.500000e-03  4.357520e+03
6.237348e-03  2.820248e+03
7.079458e-03  1.806844e+03
8.128305e-03  1.102677e+03
9.332543e-03  6.673778e+02
1.071519e-02  4.006159e+02
1.230269e-02  2.385695e+02
1.412538e-02  1.409679e+02
1.621810e-02  8.269751e+01
1.883649e-02  4.606980e+01
2.213095e-02  2.434169e+01
2.600160e-02  1.277027e+01
3.126079e-02  6.064972e+00
3.845918e-02  2.602530e+00
5.188000e-02  7.592320e-01
7.943282e-02  1.310791e-01
1.000000e-01  5.104920e-02
1.202264e-01  2.417501e-02
1.412538e-01  1.265992e-02
1.640590e-01  6.995430e-03
1.883649e-01  4.076314e-03
2.162719e-01  2.393888e-03
2.426610e-01  1.546803e-03
2.722701e-01  1.006888e-03
3.019952e-01  6.890911e-04
3.349654e-01  4.753624e-04
3.715352e-01  3.304009e-04
4.120975e-01  2.314484e-04
4.518559e-01  1.698210e-04
5.000000e-01  1.217401e-04
5.495409e-01  8.988123e-05
6.025596e-01  6.732805e-05
6.606935e-01  5.074943e-05
7.161434e-01  3.987831e-05
7.762471e-01  3.154082e-05
8.609938e-01  2.344045e-05
9.120108e-01  2.002180e-05
9.549926e-01  1.775954e-05
1.000000e+00  1.585702e-05
1.047129e+00  1.426393e-05
1.096478e+00  1.292108e-05
1.148154e+00  1.177458e-05
1.216186e+00  1.055476e-05
1.318257e+00  9.126859e-06
1.513561e+00  7.203408e-06
1.798871e+00  5.323331e-06
2.000000e+00  4.448902e-06
2.290868e+00  3.569568e-06
2.630268e+00  2.875061e-06
3.019952e+00  2.332899e-06
3.507519e+00  1.875335e-06
4.073803e+00  1.518863e-06
4.786301e+00  1.219575e-06
5.688529e+00  9.716039e-07
6.839116e+00  7.685315e-07
8.317638e+00  6.036657e-07
1.035142e+01  4.647889e-07
1.318257e+01  3.511511e-07
1.659587e+01  2.706775e-07
2.238721e+01  1.946191e-07
2.917427e+01  1.462581e-07
4.466836e+01  9.325600e-08
7.161434e+01  5.715254e-08
1.288250e+02  3.136258e-08
2.570396e+02  1.559112e-08
5.128614e+02  7.780542e-09
4.073803e+03  9.760430e-10
1.000000e+05  3.973700e-11
-1  -1
7.904900e-04  0.000000e+00
7.904900e-04  1.429739e+06
7.978500e-04  1.448815e+06
8.100000e-04  1.462349e+06
8.180000e-04  1.466851e+06
8.280000e-04  1.460948e+06
8.413951e-04  1.436980e+06
8.470000e-04  1.421662e+06
8.520000e-04  1.400160e+06
8.810489e-04  1.274363e+06
9.015711e-04  1.204950e+06
1.047129e-03  8.562870e+05
1.122018e-03  7.267918e+05
1.216186e-03  5.957160e+05
1.303167e-03  4.996531e+05
1.412538e-03  4.045989e+05
1.603245e-03  2.873720e+05
1.717908e-03  2.373081e+05
1.950000e-03  1.650348e+05
2.150000e-03  1.241400e+05
2.454709e-03  8.338852e+04
2.722701e-03  6.073648e+04
3.090295e-03  4.087498e+04
3.427678e-03  2.937167e+04
3.845918e-03  2.020817e+04
4.315191e-03  1.380253e+04
4.841724e-03  9.362492e+03
5.432503e-03  6.309125e+03
6.165950e-03  4.056573e+03
7.079458e-03  2.484294e+03
8.035261e-03  1.572746e+03
9.120108e-03  9.885322e+02
1.023293e-02  6.440844e+02
1.150000e-02  4.146876e+02
1.288250e-02  2.687403e+02
1.462177e-02  1.646043e+02
1.678804e-02  9.574993e+01
1.949845e-02  5.282316e+01
2.290000e-02  2.765814e+01
2.754229e-02  1.303382e+01
3.235937e-02  6.711927e+00
3.935501e-02  2.974623e+00
5.128614e-02  9.799098e-01
8.222426e-02  1.345035e-01
1.023293e-01  5.394328e-02
1.202264e-01  2.769710e-02
1.396368e-01  1.502052e-02
1.621810e-01  8.210297e-03
1.819701e-01  5.195514e-03
2.000000e-01  3.590634e-03
2.018366e-01  3.478909e-03
2.238721e-01  2.335472e-03
2.483133e-01  1.579000e-03
2.754229e-01  1.075814e-03
3.019952e-01  7.702628e-04
3.311311e-01  5.554073e-04
3.630781e-01  4.034598e-04
3.981072e-01  2.953617e-04
4.315191e-01  2.263064e-04
4.677351e-01  1.745208e-04
5.069907e-01  1.354818e-04
5.495409e-01  1.058866e-04
5.888437e-01  8.626609e-05
6.165950e-01  7.560251e-05
6.606935e-01  6.244684e-05
7.161434e-01  5.032984e-05
8.035261e-01  3.735194e-05
8.609938e-01  3.113575e-05
9.120108e-01  2.690343e-05
9.660509e-01  2.340878e-05
1.011579e+00  2.107418e-05
1.071519e+00  1.861856e-05
1.135011e+00  1.655904e-05
1.216186e+00  1.449228e-05
1.318257e+00  1.250167e-05
1.603245e+00  8.871658e-06
1.840772e+00  6.976390e-06
2.044000e+00  5.854104e-06
2.344229e+00  4.693648e-06
2.691535e+00  3.785518e-06
3.090295e+00  3.075691e-06
3.589219e+00  2.475428e-06
4.168694e+00  2.007044e-06
4.897788e+00  1.613210e-06
5.821032e+00  1.286507e-06
7.000000e+00  1.018300e-06
8.511380e+00  8.008304e-07
1.059254e+01  6.170879e-07
1.380384e+01  4.544134e-07
1.800000e+01  3.373100e-07
2.344229e+01  2.526209e-07
2.917427e+01  1.995140e-07
4.415704e+01  1.287534e-07
7.079458e+01  7.889278e-08
1.273503e+02  4.328674e-08
2.540973e+02  2.151699e-08
5.069907e+02  1.073726e-08
4.027170e+03  1.346848e-09
1.000000e+05  5.420600e-11
-1  -1
2.563500e-04  0.000000e+00
2.563500e-04  1.445375e+05
2.851018e-04  1.358874e+05
2.951209e-04  1.324287e+05
3.507519e-04  1.149849e+05
3.715352e-04  1.091006e+05
3.981072e-04  1.015736e+05
4.570882e-04  8.741824e+04
4.954502e-04  7.950432e+04
5.623413e-04  6.773790e+04
6.237348e-04  5.910999e+04
6.998420e-04  5.035775e+04
8.035261e-04  4.124994e+04
9.332543e-04  3.289537e+04
1.059254e-03  2.699195e+04
1.244515e-03  2.081299e+04
1.500000e-03  1.525226e+04
1.819701e-03  1.094935e+04
2.213095e-03  7.759214e+03
2.691535e-03  5.454798e+03
3.300000e-03  3.749960e+03
4.027170e-03  2.580820e+03
4.897788e-03  1.774534e+03
5.888437e-03  1.238138e+03
7.079458e-03  8.572306e+02
8.413951e-03  6.029136e+02
1.000000e-02  4.211180e+02
1.188502e-02  2.920732e+02
1.412538e-02  2.011040e+02
1.678804e-02  1.374226e+02
1.995262e-02  9.317171e+01
2.344229e-02  6.434582e+01
2.754229e-02  4.412319e+01
3.235937e-02  3.003945e+01
3.801894e-02  2.030389e+01
4.518559e-02  1.324240e+01
5.308844e-02  8.822681e+00
6.309573e-02  5.667380e+00
7.585776e-02  3.508076e+00
9.015711e-02  2.221050e+00
1.135011e-01  1.197095e+00
1.531088e-01  5.311352e-01
2.264644e-01  1.822787e-01
2.786121e-01  1.041542e-01
3.311311e-01  6.578179e-02
3.801894e-01  4.584499e-02
4.315191e-01  3.314649e-02
4.897788e-01  2.414358e-02
5.495409e-01  1.823260e-02
6.165950e-01  1.387284e-02
6.839117e-01  1.092355e-02
7.585776e-01  8.658522e-03
8.511380e-01  6.736811e-03
9.332543e-01  5.547362e-03
1.023293e+00  4.602096e-03
1.161449e+00  3.587770e-03
1.303167e+00  2.880255e-03
1.462177e+00  2.329050e-03
1.659587e+00  1.857793e-03
1.862087e+00  1.523531e-03
2.089296e+00  1.258312e-03
2.398833e+00  1.008247e-03
2.754229e+00  8.141773e-04
3.162278e+00  6.623028e-04
3.672823e+00  5.336642e-04
4.315191e+00  4.263682e-04
5.069907e+00  3.432456e-04
6.025596e+00  2.741511e-04
7.328245e+00  2.142668e-04
8.912509e+00  1.687572e-04
1.122018e+01  1.285093e-04
1.462177e+01  9.482160e-05
1.883649e+01  7.147356e-05
2.371374e+01  5.557755e-05
2.951209e+01  4.390315e-05
4.466836e+01  2.833799e-05
7.161434e+01  1.736716e-05
1.273503e+02  9.642260e-06
2.540973e+02  4.793022e-06
5.069907e+02  2.391815e-06
4.027170e+03  3.000312e-07
1.000000e+05  1.207500e-08
-1  -1
2.042100e-04  0.000000e+00
2.042100e-04  1.154413e+05
2.614700e-04  1.074305e+05
3.019952e-04  1.038490e+05
3.311311e-04  1.009172e+05
3.600000e-04  9.748940e+04
3.850000e-04  9.416880e+04
4.120975e-04  9.031035e+04
4.500000e-04  8.490060e+04
4.850000e-04  8.000740e+04
5.248075e-04  7.458090e+04
5.754399e-04  6.817965e+04
6.237348e-04  6.263098e+04
6.839116e-04  5.640047e+04
7.585776e-04  4.974113e+04
8.317638e-04  4.416130e+04
9.225714e-04  3.834728e+04
1.023293e-03  3.305599e+04
1.150000e-03  2.773680e+04
1.288250e-03  2.319659e+04
1.450000e-03  1.910702e+04
1.640590e-03  1.547768e+04
1.850000e-03  1.251312e+04
2.089296e-03  1.001610e+04
2.371374e-03  7.883206e+03
2.691535e-03  6.157009e+03
3.054921e-03  4.772764e+03
3.507519e-03  3.584319e+03
4.000000e-03  2.706940e+03
4.518559e-03  2.070810e+03
5.069907e-03  1.597334e+03
5.688529e-03  1.224104e+03
6.382635e-03  9.318624e+02
7.244360e-03  6.853928e+02
8.222426e-03  5.002276e+02
9.332543e-03  3.624371e+02
1.059254e-02  2.607739e+02
1.202264e-02  1.863329e+02
1.380384e-02  1.281477e+02
1.584893e-02  8.744221e+01
1.819701e-02  5.921421e+01
2.089296e-02  3.980674e+01
2.426610e-02  2.568438e+01
2.818383e-02  1.644736e+01
3.273407e-02  1.045766e+01
3.890451e-02  6.152844e+00
4.677351e-02  3.466453e+00
5.623413e-02  1.938615e+00
7.244360e-02  8.642532e-01
1.412538e-01  1.011207e-01
1.737801e-01  5.230296e-02
2.089296e-01  2.932557e-02
2.426610e-01  1.845048e-02
2.786121e-01  1.211345e-02
3.162278e-01  8.293799e-03
3.589219e-01  5.720998e-03
4.027170e-01  4.110562e-03
4.518559e-01  2.974964e-03
5.011872e-01  2.238854e-03
5.559043e-01  1.696462e-03
6.165950e-01  1.294884e-03
6.839117e-01  9.961011e-04
7.585776e-01  7.721469e-04
8.709636e-01  5.541411e-04
9.332543e-01  4.726872e-04
9.885531e-01  4.165950e-04
1.071519e+00  3.524578e-04
1.161449e+00  3.002916e-04
1.258925e+00  2.574512e-04
1.396368e+00  2.130269e-04
1.698244e+00  1.506360e-04
1.905461e+00  1.236438e-04
2.137962e+00  1.022625e-04
2.454709e+00  8.205407e-05
2.818383e+00  6.633647e-05
3.235937e+00  5.402274e-05
3.758374e+00  4.358075e-05
4.415704e+00  3.485869e-05
5.188000e+00  2.809196e-05
6.165950e+00  2.245900e-05
7.498942e+00  1.756919e-05
9.120108e+00  1.385017e-05
1.135011e+01  1.069765e-05
1.479108e+01  7.896471e-06
1.905461e+01  5.954236e-06
2.371374e+01  4.688869e-06
2.951209e+01  3.703973e-06
4.466836e+01  2.390723e-06
7.161434e+01  1.465216e-06
1.288250e+02  8.040296e-07
2.570396e+02  3.997041e-07
5.128614e+02  1.994685e-07
4.073803e+03  2.502210e-08
1.000000e+05  1.018700e-09
-1  -1
1.883500e-04  0.000000e+00
1.883500e-04  3.581577e+05
2.190000e-04  3.346516e+05
2.454709e-04  3.214304e+05
2.818383e-04  3.013738e+05
3.054921e-04  2.883487e+05
3.311311e-04  2.738861e+05
3.548134e-04  2.605280e+05
3.850000e-04  2.436640e+05
4.216965e-04  2.244333e+05
4.570882e-04  2.073250e+05
5.000000e-04  1.882880e+05
5.500000e-04  1.687724e+05
6.025596e-04  1.509333e+05
6.700000e-04  1.315084e+05
7.413102e-04  1.144873e+05
8.317638e-04  9.696506e+04
9.225714e-04  8.290909e+04
1.035142e-03  6.916281e+04
1.161449e-03  5.724645e+04
1.303167e-03  4.705880e+04
1.479108e-03  3.763229e+04
1.678804e-03  2.984855e+04
1.883649e-03  2.401699e+04
2.113489e-03  1.920785e+04
2.400000e-03  1.490024e+04
2.722701e-03  1.149606e+04
3.090295e-03  8.796285e+03
3.507519e-03  6.681327e+03
3.935501e-03  5.169910e+03
4.415704e-03  3.975331e+03
4.954502e-03  3.037213e+03
5.559043e-03  2.305596e+03
6.237348e-03  1.738785e+03
7.079458e-03  1.265477e+03
8.035261e-03  9.137023e+02
9.120108e-03  6.549570e+02
1.035142e-02  4.659292e+02
1.174898e-02  3.291739e+02
1.333521e-02  2.309579e+02
1.513561e-02  1.609342e+02
1.737801e-02  1.076590e+02
2.000000e-02  7.095720e+01
2.290868e-02  4.707859e+01
2.630268e-02  3.079471e+01
3.054921e-02  1.929609e+01
3.548134e-02  1.200127e+01
4.168694e-02  7.142635e+00
4.954502e-02  4.064551e+00
6.025596e-02  2.127255e+00
7.498942e-02  1.022647e+00
1.412538e-01  1.204861e-01
1.717908e-01  6.259558e-02
2.041738e-01  3.538654e-02
2.344229e-01  2.256246e-02
2.660725e-01  1.503987e-02
3.000000e-01  1.031514e-02
3.349654e-01  7.347747e-03
3.715352e-01  5.378740e-03
4.120975e-01  3.966345e-03
4.518559e-01  3.045713e-03
4.954502e-01  2.354181e-03
5.432503e-01  1.832548e-03
5.956621e-01  1.436575e-03
6.531306e-01  1.134300e-03
7.161434e-01  9.021020e-04
7.852356e-01  7.226443e-04
8.609938e-01  5.816558e-04
9.225714e-01  4.972799e-04
9.885531e-01  4.281627e-04
1.071519e+00  3.628329e-04
1.174898e+00  3.024956e-04
1.288250e+00  2.540197e-04
1.428894e+00  2.103042e-04
1.698244e+00  1.548641e-04
1.905461e+00  1.271306e-04
2.137962e+00  1.051239e-04
2.454709e+00  8.434305e-05
2.818383e+00  6.819511e-05
3.235937e+00  5.554061e-05
3.758374e+00  4.480517e-05
4.415704e+00  3.583757e-05
5.188000e+00  2.888051e-05
6.165950e+00  2.308976e-05
7.498942e+00  1.806306e-05
9.120108e+00  1.423901e-05
1.135011e+01  1.099848e-05
1.479108e+01  8.118351e-06
1.905461e+01  6.121505e-06
2.371374e+01  4.820654e-06
2.951209e+01  3.808039e-06
4.466836e+01  2.457879e-06
7.161434e+01  1.506352e-06
1.273503e+02  8.363346e-07
2.540973e+02  4.157279e-07
5.069907e+02  2.074570e-07
4.027170e+03  2.602317e-08
1.000000e+05  1.047300e-09
-1  -1
1.021600e-04  0.000000e+00
1.021600e-04  9.184240e+05
1.025000e-04  1.005376e+06
1.028000e-04  1.081500e+06
1.031000e-04  1.155156e+06
1.034000e-04  1.226884e+06
1.037000e-04  1.296056e+06
1.041000e-04  1.385400e+06
1.045000e-04  1.470224e+06
1.047129e-04  1.513455e+06
1.052000e-04  1.607860e+06
1.056500e-04  1.688960e+06
1.060000e-04  1.747244e+06
1.064000e-04  1.808348e+06
1.069500e-04  1.882240e+06
1.075000e-04  1.944096e+06
1.080000e-04  1.989448e+06
1.086000e-04  2.030420e+06
1.090000e-04  2.049720e+06
1.096478e-04  2.067753e+06
1.102000e-04  2.071184e+06
1.109175e-04  2.061063e+06
1.117000e-04  2.033844e+06
1.125000e-04  1.991748e+06
1.135011e-04  1.924458e+06
1.145000e-04  1.846284e+06
1.156000e-04  1.753484e+06
1.170000e-04  1.631756e+06
1.188502e-04  1.474043e+06
1.208000e-04  1.318504e+06
1.230269e-04  1.157541e+06
1.260000e-04  9.700840e+05
1.290000e-04  8.098440e+05
1.330000e-04  6.357640e+05
1.400000e-04  4.210560e+05
1.430000e-04  3.571912e+05
1.450000e-04  3.221036e+05
1.472000e-04  2.894916e+05
1.495000e-04  2.612284e+05
1.513561e-04  2.422129e+05
1.531087e-04  2.269810e+05
1.550000e-04  2.131772e+05
1.566751e-04  2.029792e+05
1.585000e-04  1.937996e+05
1.603245e-04  1.864142e+05
1.621810e-04  1.805301e+05
1.640590e-04  1.760594e+05
1.660000e-04  1.728200e+05
1.680000e-04  1.707708e+05
1.698244e-04  1.699017e+05
1.720000e-04  1.699484e+05
1.740000e-04  1.708912e+05
1.760000e-04  1.725700e+05
1.790000e-04  1.762536e+05
1.820000e-04  1.810572e+05
1.865000e-04  1.898252e+05
1.930000e-04  2.046668e+05
2.065380e-04  2.387857e+05
2.137962e-04  2.568475e+05
2.213095e-04  2.744525e+05
2.290868e-04  2.910427e+05
2.371374e-04  3.062016e+05
2.454709e-04  3.196770e+05
2.540973e-04  3.313620e+05
2.630268e-04  3.412344e+05
2.730000e-04  3.498308e+05
2.830000e-04  3.560896e+05
2.951209e-04  3.607872e+05
3.054921e-04  3.625859e+05
3.198895e-04  3.623085e+05
3.350000e-04  3.594252e+05
3.507519e-04  3.541538e+05
3.672823e-04  3.466953e+05
3.850000e-04  3.371040e+05
4.073803e-04  3.235206e+05
4.315191e-04  3.079142e+05
4.570882e-04  2.909542e+05
4.850000e-04  2.725496e+05
5.188000e-04  2.511053e+05
5.559043e-04  2.290383e+05
5.956621e-04  2.073435e+05
6.382635e-04  1.864168e+05
6.850000e-04  1.660604e+05
7.413102e-04  1.448432e+05
8.035261e-04  1.250041e+05
8.709636e-04  1.071099e+05
9.500000e-04  8.996160e+04
1.035142e-03  7.517041e+04
1.140000e-03  6.091725e+04
1.244515e-03  4.994803e+04
1.364583e-03  4.028415e+04
1.513561e-03  3.137326e+04
1.678804e-03  2.423375e+04
1.862087e-03  1.857512e+04
2.041738e-03  1.457219e+04
2.238721e-03  1.136758e+04
2.454709e-03  8.817975e+03
2.722701e-03  6.582285e+03
3.019952e-03  4.879287e+03
3.388442e-03  3.469949e+03
3.758374e-03  2.535696e+03
4.168694e-03  1.840706e+03
4.623810e-03  1.327316e+03
5.128614e-03  9.508206e+02
5.754399e-03  6.513400e+02
6.456542e-03  4.428451e+02
7.244360e-03  2.989197e+02
8.222426e-03  1.924540e+02
9.332543e-03  1.229351e+02
1.059254e-02  7.792228e+01
1.202264e-02  4.902937e+01
1.364583e-02  3.063108e+01
1.548817e-02  1.900462e+01
1.778279e-02  1.120482e+01
2.041738e-02  6.559097e+00
2.371374e-02  3.644700e+00
2.786121e-02  1.921218e+00
3.349654e-02  9.167198e-01
4.120975e-02  3.954929e-01
5.559043e-02  1.162252e-01
8.511380e-02  2.026674e-02
1.059254e-01  8.320218e-03
1.258925e-01  4.147156e-03
1.479108e-01  2.181105e-03
1.698244e-01  1.266101e-03
1.949845e-01  7.403545e-04
2.213095e-01  4.558280e-04
2.483133e-01  2.952752e-04
2.786121e-01  1.926847e-04
3.090295e-01  1.321604e-04
3.427678e-01  9.132508e-05
3.801894e-01  6.357791e-05
4.168694e-01  4.638763e-05
4.623810e-01  3.278661e-05
5.128614e-01  2.334692e-05
5.623413e-01  1.737164e-05
6.095369e-01  1.350057e-05
6.606935e-01  1.057715e-05
7.244360e-01  8.063643e-06
8.035261e-01  5.988681e-06
8.609938e-01  4.889119e-06
9.120108e-01  4.158977e-06
9.549926e-01  3.678707e-06
9.885531e-01  3.371371e-06
1.035142e+00  3.023178e-06
1.083927e+00  2.731357e-06
1.135011e+00  2.483630e-06
1.202264e+00  2.221975e-06
1.303167e+00  1.920249e-06
1.428894e+00  1.640263e-06
1.513561e+00  1.489292e-06
1.819701e+00  1.079057e-06
2.018366e+00  9.059542e-07
2.317395e+00  7.245423e-07
2.660725e+00  5.839443e-07
3.054921e+00  4.741182e-07
3.548134e+00  3.813531e-07
4.120975e+00  3.090259e-07
4.841724e+00  2.482574e-07
5.754399e+00  1.978889e-07
6.918310e+00  1.565999e-07
8.413951e+00  1.230625e-07
1.047129e+01  9.479267e-08
1.348963e+01  7.070141e-08
1.737801e+01  5.315355e-08
2.317395e+01  3.876138e-08
2.951209e+01  2.986795e-08
4.466836e+01  1.927837e-08
7.161434e+01  1.181478e-08
1.288250e+02  6.483565e-09
2.570396e+02  3.223167e-09
5.128614e+02  1.608453e-09
4.073803e+03  2.017750e-10
1.000000e+05  8.214800e-12
-1  -1
9.946000e-05  0.000000e+00
9.946000e-05  1.427742e+06
9.977000e-05  1.555302e+06
1.000000e-04  1.648428e+06
1.002000e-04  1.726620e+06
1.005000e-04  1.839966e+06
1.008500e-04  1.967436e+06
1.012000e-04  2.088528e+06
1.016500e-04  2.236734e+06
1.020000e-04  2.345400e+06
1.024000e-04  2.462076e+06
1.027000e-04  2.544198e+06
1.032000e-04  2.670492e+06
1.037000e-04  2.782986e+06
1.042000e-04  2.880654e+06
1.047129e-04  2.964810e+06
1.052000e-04  3.029376e+06
1.058000e-04  3.088230e+06
1.065000e-04  3.128910e+06
1.071519e-04  3.141389e+06
1.077000e-04  3.134628e+06
1.083927e-04  3.106257e+06
1.092000e-04  3.049788e+06
1.100000e-04  2.974212e+06
1.110000e-04  2.860344e+06
1.120000e-04  2.732730e+06
1.131000e-04  2.584614e+06
1.148154e-04  2.351440e+06
1.161449e-04  2.176691e+06
1.180000e-04  1.948110e+06
1.208200e-04  1.639626e+06
1.241300e-04  1.335083e+06
1.273503e-04  1.091120e+06
1.365000e-04  6.219960e+05
1.390000e-04  5.393538e+05
1.415000e-04  4.716732e+05
1.435000e-04  4.268430e+05
1.450000e-04  3.979878e+05
1.465000e-04  3.727962e+05
1.485000e-04  3.442950e+05
1.500000e-04  3.263298e+05
1.515000e-04  3.109758e+05
1.531087e-04  2.971244e+05
1.548817e-04  2.846700e+05
1.566751e-04  2.747410e+05
1.585000e-04  2.670780e+05
1.603245e-04  2.615904e+05
1.621810e-04  2.579723e+05
1.643000e-04  2.559570e+05
1.663400e-04  2.558608e+05
1.680000e-04  2.569374e+05
1.705000e-04  2.602290e+05
1.732100e-04  2.656859e+05
1.760000e-04  2.729460e+05
1.800000e-04  2.855502e+05
1.862087e-04  3.084910e+05
1.995262e-04  3.631937e+05
2.065380e-04  3.918216e+05
2.137962e-04  4.198298e+05
2.213095e-04  4.463100e+05
2.290868e-04  4.705779e+05
2.371374e-04  4.922310e+05
2.454709e-04  5.111029e+05
2.540973e-04  5.271391e+05
2.630268e-04  5.402935e+05
2.730000e-04  5.511606e+05
2.830000e-04  5.583660e+05
2.951209e-04  5.627874e+05
3.090295e-04  5.631019e+05
3.235937e-04  5.590624e+05
3.388442e-04  5.514116e+05
3.550000e-04  5.402010e+05
3.715352e-04  5.261532e+05
3.935501e-04  5.049170e+05
4.168694e-04  4.809415e+05
4.430000e-04  4.533366e+05
4.700000e-04  4.247682e+05
5.011872e-04  3.929482e+05
5.370318e-04  3.587016e+05
5.754399e-04  3.248324e+05
6.200000e-04  2.896380e+05
6.606934e-04  2.611148e+05
7.161434e-04  2.271697e+05
7.762471e-04  1.961773e+05
8.413951e-04  1.680871e+05
9.120108e-04  1.430775e+05
1.000000e-03  1.180200e+05
1.083927e-03  9.906822e+04
1.190000e-03  8.030760e+04
1.318257e-03  6.323448e+04
1.428894e-03  5.207930e+04
1.570000e-03  4.126092e+04
1.757924e-03  3.092366e+04
1.972423e-03  2.284123e+04
2.213095e-03  1.671783e+04
2.454709e-03  1.252834e+04
2.722701e-03  9.323599e+03
3.019952e-03  6.889509e+03
3.388442e-03  4.881497e+03
3.758374e-03  3.555775e+03
4.168694e-03  2.572815e+03
4.623810e-03  1.848968e+03
5.128614e-03  1.319893e+03
5.754399e-03  9.005293e+02
6.456542e-03  6.097428e+02
7.244360e-03  4.098194e+02
8.128305e-03  2.734967e+02
9.225714e-03  1.739432e+02
1.047129e-02  1.097544e+02
1.188502e-02  6.871924e+01
1.348963e-02  4.270646e+01
1.531087e-02  2.634929e+01
1.757924e-02  1.543507e+01
2.018366e-02  8.973046e+00
2.344229e-02  4.945619e+00
2.722701e-02  2.705746e+00
3.235937e-02  1.338378e+00
3.801894e-02  6.883062e-01
4.786301e-02  2.638822e-01
8.317638e-02  2.614532e-02
1.035142e-01  1.053925e-02
1.230269e-01  5.177385e-03
1.428894e-01  2.817015e-03
1.640590e-01  1.618330e-03
1.840772e-01  1.026521e-03
2.065380e-01  6.556896e-04
2.290868e-01  4.409321e-04
2.540973e-01  2.987553e-04
2.786121e-01  2.128861e-04
3.054921e-01  1.528076e-04
3.349654e-01  1.105308e-04
3.672823e-01  8.055823e-05
4.027170e-01  5.915101e-05
4.365158e-01  4.538458e-05
4.731513e-01  3.505182e-05
5.069907e-01  2.825408e-05
5.495409e-01  2.213790e-05
5.956621e-01  1.747325e-05
6.456542e-01  1.388694e-05
6.998420e-01  1.111537e-05
7.585776e-01  8.961176e-06
8.511380e-01  6.647291e-06
9.015711e-01  5.758503e-06
9.549926e-01  5.021717e-06
1.000000e+00  4.525900e-06
1.059254e+00  4.002307e-06
1.135011e+00  3.479462e-06
1.216186e+00  3.045733e-06
1.333521e+00  2.570508e-06
1.757924e+00  1.580094e-06
1.972423e+00  1.299395e-06
2.238721e+00  1.056928e-06
2.570396e+00  8.502256e-07
2.951209e+00  6.891097e-07
3.427678e+00  5.532654e-07
4.000000e+00  4.446500e-07
4.677351e+00  3.590006e-07
5.559043e+00  2.857162e-07
6.683439e+00  2.257864e-07
8.128305e+00  1.771872e-07
1.000000e+01  1.381900e-07
1.244515e+01  1.070760e-07
1.548817e+01  8.347281e-08
1.949845e+01  6.463559e-08
2.570396e+01  4.781841e-08
3.672823e+01  3.269858e-08
5.559043e+01  2.119305e-08
9.332543e+01  1.243229e-08
1.840772e+02  6.235285e-09
3.672823e+02  3.106398e-09
1.462177e+03  7.769430e-10
1.000000e+05  1.134200e-11
-1  -1
3.839000e-05  0.000000e+00
3.839000e-05  6.660480e+04
4.000000e-05  7.507560e+04
4.120975e-05  8.145294e+04
4.265795e-05  8.886677e+04
4.400000e-05  9.540740e+04
4.518559e-05  1.008731e+05
4.677351e-05  1.077478e+05
4.850000e-05  1.146030e+05
5.011872e-05  1.204298e+05
5.188000e-05  1.261092e+05
5.400000e-05  1.320586e+05
5.623413e-05  1.373114e+05
5.821032e-05  1.411276e+05
6.070000e-05  1.448830e+05
6.309573e-05  1.474542e+05
6.531306e-05  1.490038e+05
6.839116e-05  1.500039e+05
7.161434e-05  1.498727e+05
7.500000e-05  1.487424e+05
7.943282e-05  1.461846e+05
8.413951e-05  1.426341e+05
9.015711e-05  1.374713e+05
9.772372e-05  1.306347e+05
1.047129e-04  1.242590e+05
1.122018e-04  1.174874e+05
1.216186e-04  1.092215e+05
1.330000e-04  9.987280e+04
1.479108e-04  8.903889e+04
1.659587e-04  7.806198e+04
1.850000e-04  6.845820e+04
2.113489e-04  5.778354e+04
2.500000e-04  4.628020e+04
2.917427e-04  3.742888e+04
3.507519e-04  2.884120e+04
4.265795e-04  2.167451e+04
5.069907e-04  1.673111e+04
6.025596e-04  1.283459e+04
7.244360e-04  9.601185e+03
8.709636e-04  7.124538e+03
1.047129e-03  5.243657e+03
1.258925e-03  3.829577e+03
1.531087e-03  2.721627e+03
1.883649e-03  1.881909e+03
2.371374e-03  1.238646e+03
2.951209e-03  8.261872e+02
3.672823e-03  5.468330e+02
4.570882e-03  3.591437e+02
5.559043e-03  2.447615e+02
6.683439e-03  1.694013e+02
8.035261e-03  1.163946e+02
9.660509e-03  7.938337e+01
1.161449e-02  5.369887e+01
1.412538e-02  3.516843e+01
1.737801e-02  2.230794e+01
2.018366e-02  1.595478e+01
2.344229e-02  1.131555e+01
2.754229e-02  7.755305e+00
3.273407e-02  5.132309e+00
3.890451e-02  3.369963e+00
4.623810e-02  2.195294e+00
5.432503e-02  1.460795e+00
6.531306e-02  9.096824e-01
7.943282e-02  5.454916e-01
9.660509e-02  3.239463e-01
1.230269e-01  1.687560e-01
2.454709e-01  2.573737e-02
2.951209e-01  1.568191e-02
3.467369e-01  1.023524e-02
4.000000e-01  7.063700e-03
4.518559e-01  5.183207e-03
5.069907e-01  3.894846e-03
5.688529e-01  2.947828e-03
6.309573e-01  2.309286e-03
6.998420e-01  1.821049e-03
7.762471e-01  1.445662e-03
8.709636e-01  1.126597e-03
9.549926e-01  9.293850e-04
1.047129e+00  7.723589e-04
1.188502e+00  6.028879e-04
1.333521e+00  4.847070e-04
1.500000e+00  3.907000e-04
1.698244e+00  3.134757e-04
1.905461e+00  2.574402e-04
2.162719e+00  2.090217e-04
2.483133e+00  1.678239e-04
2.851018e+00  1.357591e-04
3.273407e+00  1.106234e-04
3.801894e+00  8.929115e-05
4.466836e+00  7.145965e-05
5.248075e+00  5.761690e-05
6.237348e+00  4.608655e-05
7.585776e+00  3.606969e-05
9.225714e+00  2.844552e-05
1.148154e+01  2.198191e-05
1.479108e+01  1.644289e-05
1.905461e+01  1.239831e-05
2.511886e+01  9.170980e-06
3.235937e+01  6.994190e-06
4.731513e+01  4.687820e-06
7.585776e+01  2.875697e-06
1.380384e+02  1.560856e-06
2.754229e+02  7.762834e-07
1.096478e+03  1.938529e-07
1.000000e+05  2.121300e-09
-1  -1
2.430000e-05  0.000000e+00
2.430000e-05  6.890940e+06
2.483133e-05  6.430505e+06
2.630268e-05  5.303632e+06
2.884032e-05  3.870021e+06
3.126079e-05  2.921385e+06
3.427678e-05  2.102477e+06
4.365158e-05  8.738952e+05
4.786301e-05  6.298714e+05
5.150000e-05  4.887720e+05
5.500000e-05  3.916500e+05
5.821032e-05  3.252526e+05
6.165950e-05  2.710387e+05
6.531306e-05  2.275621e+05
6.839116e-05  1.990879e+05
7.161434e-05  1.752312e+05
7.500000e-05  1.551856e+05
7.852356e-05  1.384650e+05
8.222426e-05  1.243463e+05
8.650000e-05  1.113210e+05
9.015711e-05  1.022851e+05
9.500000e-05  9.254280e+04
1.000000e-04  8.448160e+04
1.060000e-04  7.678060e+04
1.122018e-04  7.047908e+04
1.190000e-04  6.496560e+04
1.273503e-04  5.960660e+04
1.380384e-04  5.428199e+04
1.513561e-04  4.915866e+04
1.720000e-04  4.320740e+04
2.570396e-04  2.928909e+04
3.019952e-04  2.487350e+04
3.507519e-04  2.121883e+04
4.073803e-04  1.794251e+04
4.623810e-04  1.546277e+04
5.248075e-04  1.323171e+04
5.956621e-04  1.124323e+04
6.760830e-04  9.482972e+03
7.673615e-04  7.937286e+03
8.709636e-04  6.590651e+03
9.885530e-04  5.429595e+03
1.122018e-03  4.438324e+03
1.273503e-03  3.600252e+03
1.445440e-03  2.897961e+03
1.640590e-03  2.315780e+03
1.862087e-03  1.837555e+03
2.137962e-03  1.417042e+03
2.426610e-03  1.109087e+03
2.754229e-03  8.621179e+02
3.126079e-03  6.655221e+02
3.548134e-03  5.101717e+02
4.027170e-03  3.882825e+02
4.570882e-03  2.933362e+02
5.188000e-03  2.199744e+02
5.888437e-03  1.637352e+02
6.683439e-03  1.209466e+02
7.585776e-03  8.867985e+01
8.609938e-03  6.453487e+01
9.885531e-03  4.527221e+01
1.148154e-02  3.065513e+01
1.318257e-02  2.123581e+01
1.500000e-02  1.495377e+01
1.698244e-02  1.057637e+01
1.949845e-02  7.137671e+00
2.264644e-02  4.624686e+00
2.630268e-02  2.973149e+00
3.054921e-02  1.897468e+00
3.589219e-02  1.160905e+00
4.265795e-02  6.805775e-01
5.128614e-02  3.821436e-01
6.382635e-02  1.908656e-01
8.709636e-02  7.049393e-02
1.380384e-01  1.604189e-02
1.717908e-01  7.995834e-03
2.065380e-01  4.481552e-03
2.398833e-01  2.818180e-03
2.754229e-01  1.849142e-03
3.126079e-01  1.265219e-03
3.548134e-01  8.720855e-04
4.000000e-01  6.177500e-04
4.466836e-01  4.528365e-04
5.000000e-01  3.322000e-04
5.559043e-01  2.501073e-04
6.165950e-01  1.908909e-04
6.839117e-01  1.468180e-04
7.585776e-01  1.137881e-04
8.609938e-01  8.390821e-05
9.225714e-01  7.149355e-05
9.772372e-01  6.293406e-05
1.047129e+00  5.444193e-05
1.135011e+00  4.629792e-05
1.244515e+00  3.877167e-05
1.364583e+00  3.272410e-05
1.678804e+00  2.265358e-05
1.883649e+00  1.858204e-05
2.113489e+00  1.535408e-05
2.398833e+00  1.253556e-05
2.754229e+00  1.012271e-05
3.162278e+00  8.234516e-06
3.672823e+00  6.635151e-06
4.315191e+00  5.301180e-06
5.069907e+00  4.267746e-06
6.025596e+00  3.408663e-06
7.328245e+00  2.664094e-06
8.912509e+00  2.098263e-06
1.109175e+01  1.619440e-06
1.445440e+01  1.194435e-06
1.883649e+01  8.886505e-07
2.371374e+01  6.910157e-07
2.951209e+01  5.458625e-07
4.466836e+01  3.523365e-07
7.161434e+01  2.159284e-07
1.288250e+02  1.184953e-07
2.570396e+02  5.890510e-08
5.128614e+02  2.939573e-08
4.073803e+03  3.687625e-09
1.000000e+05  1.501300e-10
-1  -1
2.200000e-05  0.000000e+00
2.200000e-05  1.416972e+07
2.317395e-05  1.180089e+07
2.851018e-05  5.610450e+06
3.630781e-05  2.334170e+06
3.935501e-05  1.753111e+06
4.220000e-05  1.377688e+06
4.500000e-05  1.111892e+06
4.731513e-05  9.459498e+05
5.011872e-05  7.912830e+05
5.248075e-05  6.900114e+05
5.500000e-05  6.037760e+05
5.754399e-05  5.341257e+05
6.025596e-05  4.745908e+05
6.309573e-05  4.246655e+05
6.606934e-05  3.827532e+05
6.918310e-05  3.474867e+05
7.244360e-05  3.176886e+05
7.585776e-05  2.923714e+05
8.000000e-05  2.676092e+05
8.500000e-05  2.439200e+05
9.015711e-05  2.244764e+05
9.660509e-05  2.051145e+05
1.047129e-04  1.860740e+05
1.150000e-04  1.674976e+05
1.303167e-04  1.468571e+05
1.840772e-04  1.032255e+05
2.213095e-04  8.493792e+04
2.600160e-04  7.110514e+04
3.019952e-04  5.980921e+04
3.467369e-04  5.064367e+04
3.935501e-04  4.320615e+04
4.518559e-04  3.609594e+04
5.128614e-04  3.039984e+04
5.888437e-04  2.502373e+04
6.683439e-04  2.078532e+04
7.498942e-04  1.745611e+04
8.609938e-04  1.404265e+04
9.772372e-04  1.141567e+04
1.109175e-03  9.211952e+03
1.258925e-03  7.380996e+03
1.428894e-03  5.873004e+03
1.640590e-03  4.542196e+03
1.883649e-03  3.485137e+03
2.162719e-03  2.653140e+03
2.454709e-03  2.051944e+03
2.786121e-03  1.576269e+03
3.162278e-03  1.202630e+03
3.589219e-03  9.112068e+02
4.073803e-03  6.854699e+02
4.623810e-03  5.118866e+02
5.248075e-03  3.794126e+02
5.956621e-03  2.790849e+02
6.760830e-03  2.036877e+02
7.673615e-03  1.475319e+02
8.810489e-03  1.029032e+02
1.000000e-02  7.341214e+01
1.135011e-02  5.197055e+01
1.288250e-02  3.652698e+01
1.479108e-02  2.466851e+01
1.698244e-02  1.653417e+01
1.949845e-02  1.099775e+01
2.238721e-02  7.258683e+00
2.570396e-02  4.756086e+00
2.985383e-02  2.985442e+00
3.467369e-02  1.859604e+00
4.073803e-02  1.108462e+00
4.841724e-02  6.318386e-01
5.754399e-02  3.573327e-01
7.161434e-02  1.721916e-01
1.000000e-01  5.595409e-02
1.396368e-01  1.810465e-02
1.698244e-01  9.403351e-03
2.018366e-01  5.314005e-03
2.317395e-01  3.386644e-03
2.630268e-01  2.256322e-03
2.951209e-01  1.570344e-03
3.311311e-01  1.101094e-03
3.672823e-01  8.055639e-04
4.073803e-01  5.936305e-04
4.518559e-01  4.409036e-04
4.954502e-01  3.408257e-04
5.432503e-01  2.653089e-04
5.956621e-01  2.079883e-04
6.531306e-01  1.642693e-04
7.161434e-01  1.306900e-04
7.852356e-01  1.047294e-04
8.609938e-01  8.431347e-05
9.225714e-01  7.208906e-05
9.885531e-01  6.207266e-05
1.071519e+00  5.260301e-05
1.174898e+00  4.385554e-05
1.288250e+00  3.682740e-05
1.428894e+00  3.048971e-05
1.698244e+00  2.244936e-05
1.905461e+00  1.842882e-05
2.137962e+00  1.524135e-05
2.454709e+00  1.222917e-05
2.818383e+00  9.887030e-06
3.235937e+00  8.051948e-06
3.758374e+00  6.495599e-06
4.415704e+00  5.195567e-06
5.188000e+00  4.186978e-06
6.165950e+00  3.347425e-06
7.498942e+00  2.618673e-06
9.120108e+00  2.064246e-06
1.135011e+01  1.594563e-06
1.462177e+01  1.192344e-06
1.883649e+01  8.987533e-07
2.371374e+01  6.988765e-07
2.951209e+01  5.520712e-07
4.466836e+01  3.563391e-07
7.161434e+01  2.183804e-07
1.288250e+02  1.198374e-07
2.570396e+02  5.957503e-08
5.128614e+02  2.973015e-08
4.073803e+03  3.729558e-09
1.000000e+05  1.518400e-10
-1  -1
4.640000e-06  0.000000e+00
4.640000e-06  2.455217e+06
5.011872e-06  1.681515e+06
5.308844e-06  1.259367e+06
5.600000e-06  9.570620e+05
5.888437e-06  7.347307e+05
6.200000e-06  5.562940e+05
6.531306e-06  4.168675e+05
6.850000e-06  3.179580e+05
7.200000e-06  2.377480e+05
7.585776e-06  1.739540e+05
8.035261e-06  1.222812e+05
8.810489e-06  6.915924e+04
9.120108e-06  5.613883e+04
9.350000e-06  4.854220e+04
9.600000e-06  4.189600e+04
9.772372e-06  3.813490e+04
9.960000e-06  3.468820e+04
1.015000e-05  3.179240e+04
1.027000e-05  3.023340e+04
1.042000e-05  2.854540e+04
1.060000e-05  2.685960e+04
1.077000e-05  2.556580e+04
1.092000e-05  2.463560e+04
1.110000e-05  2.374820e+04
1.127000e-05  2.311140e+04
1.142000e-05  2.269180e+04
1.161449e-05  2.232055e+04
1.180000e-05  2.212460e+04
1.202264e-05  2.206241e+04
1.222000e-05  2.214080e+04
1.244515e-05  2.235793e+04
1.273503e-05  2.280039e+04
1.303167e-05  2.339974e+04
1.348963e-05  2.453836e+04
1.423200e-05  2.670057e+04
1.548817e-05  3.060812e+04
1.621810e-05  3.280101e+04
1.698244e-05  3.495109e+04
1.778279e-05  3.700785e+04
1.870000e-05  3.910640e+04
1.950000e-05  4.071400e+04
2.041738e-05  4.230962e+04
2.150000e-05  4.386700e+04
2.270000e-05  4.521780e+04
2.400000e-05  4.629700e+04
2.540973e-05  4.708702e+04
2.691535e-05  4.756566e+04
2.851018e-05  4.773470e+04
3.019952e-05  4.759451e+04
3.198895e-05  4.714544e+04
3.400000e-05  4.636160e+04
3.630781e-05  4.520623e+04
3.900000e-05  4.363300e+04
4.168694e-05  4.191605e+04
4.466836e-05  3.992050e+04
4.841724e-05  3.742544e+04
5.308844e-05  3.447464e+04
5.821032e-05  3.150517e+04
6.531306e-05  2.793084e+04
7.328245e-05  2.459845e+04
8.709636e-05  2.015520e+04
1.188502e-04  1.390299e+04
1.350000e-04  1.188270e+04
1.500000e-04  1.036726e+04
1.659587e-04  9.021075e+03
1.883649e-04  7.513336e+03
2.570396e-04  4.747359e+03
3.672823e-04  2.775237e+03
4.570882e-04  1.983504e+03
5.888437e-04  1.335570e+03
7.498942e-04  9.041768e+02
8.912509e-04  6.806262e+02
1.083927e-03  4.886603e+02
1.333521e-03  3.416041e+02
1.621810e-03  2.419072e+02
1.972423e-03  1.701117e+02
2.483133e-03  1.117347e+02
3.090295e-03  7.440305e+01
3.845918e-03  4.916834e+01
4.731513e-03  3.297561e+01
5.754399e-03  2.244913e+01
6.918310e-03  1.551983e+01
8.317638e-03  1.065152e+01
1.000000e-02  7.255661e+00
1.202264e-02  4.904265e+00
1.428894e-02  3.372164e+00
1.698244e-02  2.301686e+00
2.018366e-02  1.558995e+00
2.371374e-02  1.075801e+00
2.786121e-02  7.371597e-01
3.273407e-02  5.014828e-01
3.890451e-02  3.292679e-01
4.623810e-02  2.144881e-01
5.432503e-02  1.427248e-01
6.531306e-02  8.888219e-02
7.943282e-02  5.330129e-02
9.660509e-02  3.165433e-02
1.244515e-01  1.598385e-02
2.483133e-01  2.439001e-03
3.000000e-01  1.468000e-03
3.507519e-01  9.715634e-04
4.027170e-01  6.794452e-04
4.570882e-01  4.931062e-04
5.128614e-01  3.710333e-04
5.754399e-01  2.812724e-04
6.382635e-01  2.207246e-04
7.079458e-01  1.744036e-04
7.852356e-01  1.387821e-04
8.709636e-01  1.112309e-04
9.549926e-01  9.196768e-05
1.071519e+00  7.312460e-05
1.230269e+00  5.592699e-05
1.380384e+00  4.504365e-05
1.548817e+00  3.652472e-05
1.737801e+00  2.982804e-05
1.949845e+00  2.453260e-05
2.213095e+00  1.994214e-05
2.540973e+00  1.603133e-05
2.917427e+00  1.298525e-05
3.349654e+00  1.059413e-05
3.890451e+00  8.561301e-06
4.570882e+00  6.859277e-06
5.432503e+00  5.453374e-06
6.456542e+00  4.368255e-06
7.852356e+00  3.423467e-06
9.660509e+00  2.666504e-06
1.188502e+01  2.091518e-06
1.513561e+01  1.586645e-06
1.927525e+01  1.212396e-06
2.540973e+01  8.968653e-07
3.427678e+01  6.515998e-07
5.011872e+01  4.371886e-07
8.128305e+01  2.652740e-07
1.531087e+02  1.391571e-07
3.054921e+02  6.925171e-08
1.216186e+03  1.730442e-08
1.000000e+05  2.100700e-10
-1  -1
-2  0.0
-2  -2
