5.757400e-02  0.000000e+00
5.757400e-02  3.272110e+03
5.850000e-02  3.151480e+03
5.895000e-02  3.087820e+03
5.970000e-02  2.999500e+03
6.100000e-02  2.830380e+03
6.350000e-02  2.564200e+03
7.000000e-02  1.986948e+03
7.852356e-02  1.477134e+03
8.709636e-02  1.122487e+03
1.071519e-01  6.438812e+02
1.364583e-01  3.334030e+02
2.213095e-01  8.864401e+01
2.691535e-01  5.218245e+01
3.019952e-01  3.836847e+01
3.507519e-01  2.589159e+01
4.000000e-01  1.846291e+01
4.518559e-01  1.359127e+01
5.069907e-01  1.024520e+01
5.688529e-01  7.778976e+00
6.382635e-01  5.952972e+00
7.161434e-01  4.591182e+00
8.035261e-01  3.568684e+00
8.912509e-01  2.864198e+00
9.885531e-01  2.316306e+00
1.148154e+00  1.723108e+00
1.288250e+00  1.381088e+00
1.462177e+00  1.091471e+00
1.640590e+00  8.877798e-01
1.862087e+00  7.128092e-01
2.113489e+00  5.765756e-01
2.398833e+00  4.696924e-01
2.754229e+00  3.784331e-01
3.162278e+00  3.071800e-01
3.672823e+00  2.469331e-01
4.315191e+00  1.967316e-01
5.069907e+00  1.579075e-01
6.025596e+00  1.257656e-01
7.413102e+00  9.663631e-02
8.912509e+00  7.698406e-02
1.096478e+01  6.007077e-02
1.380384e+01  4.594885e-02
1.778279e+01  3.449368e-02
2.371374e+01  2.510884e-02
3.235937e+01  1.795587e-02
4.677351e+01  1.216292e-02
7.161434e+01  7.812146e-03
1.273503e+02  4.332566e-03
2.540973e+02  2.151970e-03
5.069907e+02  1.073540e-03
4.027170e+03  1.345970e-04
1.000000e+05  5.418500e-06
-1  -1
9.716200e-03  0.000000e+00
9.716200e-03  1.250304e+04
9.885531e-03  1.205539e+04
1.040000e-02  1.107210e+04
1.071519e-02  1.055175e+04
1.161449e-02  9.141671e+03
1.258925e-02  7.952787e+03
1.350000e-02  6.991140e+03
1.540000e-02  5.459780e+03
1.950000e-02  3.426760e+03
2.162719e-02  2.769275e+03
2.511886e-02  2.024886e+03
2.985383e-02  1.392762e+03
3.349654e-02  1.078391e+03
3.890451e-02  7.680297e+02
4.570882e-02  5.279897e+02
5.370318e-02  3.598270e+02
6.382635e-02  2.364413e+02
7.585776e-02  1.540371e+02
9.015711e-02  9.956752e+01
1.096478e-01  6.024223e+01
1.364583e-01  3.407406e+01
2.570396e-01  6.438579e+00
3.126079e-01  3.875212e+00
3.672823e-01  2.568266e+00
4.216965e-01  1.817336e+00
4.786301e-01  1.332648e+00
5.432503e-01  9.844625e-01
6.095369e-01  7.526855e-01
6.683439e-01  6.105567e-01
7.498942e-01  4.734238e-01
8.511380e-01  3.606878e-01
9.660509e-01  2.767747e-01
1.071519e+00  2.248278e-01
1.216186e+00  1.755668e-01
1.364583e+00  1.412557e-01
1.531087e+00  1.144460e-01
1.737801e+00  9.149565e-02
1.972423e+00  7.371240e-02
2.238721e+00  5.982088e-02
2.570396e+00  4.800766e-02
2.951209e+00  3.882293e-02
3.427678e+00  3.109659e-02
4.000000e+00  2.492900e-02
4.677351e+00  2.006861e-02
5.495409e+00  1.616654e-02
6.456542e+00  1.311598e-02
8.000000e+00  1.001600e-02
9.772372e+00  7.850122e-03
1.230269e+01  5.981758e-03
1.566751e+01  4.532824e-03
2.041738e+01  3.372192e-03
2.800000e+01  2.389700e-03
4.073803e+01  1.602786e-03
6.309573e+01  1.014785e-03
1.109175e+02  5.684166e-04
2.213095e+02  2.819477e-04
4.415704e+02  1.405795e-04
1.757924e+03  3.517555e-05
1.000000e+05  6.175300e-07
-1  -1
9.274800e-03  0.000000e+00
9.274800e-03  2.453336e+04
9.550000e-03  2.303600e+04
1.011579e-02  1.994300e+04
1.174898e-02  1.349400e+04
1.303167e-02  1.020800e+04
1.579600e-02  6.002400e+03
1.800000e-02  4.171000e+03
2.264644e-02  2.155800e+03
2.818383e-02  1.133100e+03
3.507519e-02  5.881700e+02
4.315191e-02  3.129300e+02
5.370318e-02  1.594000e+02
7.000000e-02  6.980200e+01
1.288250e-01  1.031322e+01
1.650000e-01  4.776180e+00
1.972423e-01  2.759825e+00
2.317395e-01  1.693236e+00
2.691535e-01  1.083346e+00
3.090295e-01  7.226230e-01
3.507519e-01  5.021001e-01
3.981072e-01  3.515442e-01
4.466836e-01  2.560760e-01
5.011872e-01  1.879274e-01
5.559043e-01  1.432522e-01
6.165950e-01  1.099383e-01
6.839117e-01  8.496941e-02
7.762471e-01  6.240888e-02
8.413951e-01  5.161141e-02
9.120108e-01  4.299412e-02
9.772372e-01  3.701261e-02
1.059254e+00  3.133560e-02
1.161449e+00  2.608965e-02
1.273503e+00  2.187259e-02
1.412538e+00  1.807867e-02
1.678804e+00  1.329051e-02
1.905461e+00  1.068168e-02
2.162719e+00  8.650990e-03
2.454709e+00  7.056425e-03
2.818383e+00  5.692807e-03
3.235937e+00  4.626435e-03
3.758374e+00  3.723281e-03
4.415704e+00  2.969533e-03
5.188000e+00  2.386012e-03
6.095369e+00  1.930855e-03
7.498942e+00  1.484325e-03
9.015711e+00  1.182992e-03
1.109175e+01  9.234581e-04
1.400000e+01  7.045200e-04
1.819701e+01  5.238738e-04
2.426610e+01  3.815929e-04
3.311311e+01  2.730323e-04
4.786301e+01  1.850219e-04
7.413102e+01  1.174778e-04
1.333521e+02  6.442477e-05
2.660725e+02  3.201151e-05
5.308844e+02  1.597418e-05
4.216965e+03  2.003119e-06
1.000000e+05  8.443700e-08
-1  -1
8.347400e-03  0.000000e+00
8.347400e-03  5.437853e+04
8.609938e-03  5.049339e+04
9.120108e-03  4.333826e+04
1.060000e-02  2.869620e+04
1.190000e-02  2.069076e+04
1.566751e-02  9.335435e+03
1.698244e-02  7.352242e+03
2.065380e-02  4.082745e+03
2.540973e-02  2.160207e+03
3.090295e-02  1.170822e+03
3.758374e-02  6.282412e+02
4.570882e-02  3.341029e+02
5.623413e-02  1.697725e+02
7.161434e-02  7.641759e+01
1.445440e-01  7.376248e+00
1.757924e-01  3.872332e+00
2.065380e-01  2.291128e+00
2.371374e-01  1.470901e+00
2.691535e-01  9.863169e-01
3.054921e-01  6.662844e-01
3.427678e-01  4.698792e-01
3.801894e-01  3.454818e-01
4.216965e-01  2.557955e-01
4.677351e-01  1.907983e-01
5.128614e-01  1.480260e-01
5.623413e-01  1.156306e-01
6.165950e-01  9.091633e-02
6.760830e-01  7.195408e-02
7.413102e-01  5.732064e-02
8.128305e-01  4.597745e-02
9.120108e-01  3.520590e-02
9.660509e-01  3.094892e-02
1.023293e+00  2.738187e-02
1.109175e+00  2.323592e-02
1.216186e+00  1.940792e-02
1.333521e+00  1.633814e-02
1.513561e+00  1.301330e-02
1.737801e+00  1.019458e-02
1.972423e+00  8.208598e-03
2.238721e+00  6.661209e-03
2.570396e+00  5.345778e-03
2.951209e+00  4.323143e-03
3.427678e+00  3.462796e-03
4.000000e+00  2.776000e-03
4.677351e+00  2.234758e-03
5.495409e+00  1.800195e-03
6.456542e+00  1.460496e-03
8.035261e+00  1.109252e-03
9.885531e+00  8.621805e-04
1.244515e+01  6.572495e-04
1.584893e+01  4.982359e-04
2.065380e+01  3.707691e-04
2.851018e+01  2.609880e-04
4.168694e+01  1.741964e-04
6.456542e+01  1.103405e-04
1.135011e+02  6.182730e-05
2.264644e+02  3.067509e-05
4.518559e+02  1.529564e-05
3.589219e+03  1.916720e-06
1.000000e+05  6.876500e-08
-1  -1
2.188900e-03  0.000000e+00
2.188900e-03  3.697618e+04
2.317395e-03  3.455204e+04
2.454709e-03  3.199166e+04
2.600160e-03  2.970014e+04
2.754229e-03  2.737128e+04
3.349654e-03  2.049374e+04
3.715352e-03  1.752513e+04
4.027170e-03  1.539744e+04
4.897788e-03  1.113118e+04
5.500000e-03  9.102940e+03
6.382635e-03  6.994178e+03
7.673615e-03  4.987551e+03
8.810489e-03  3.842218e+03
1.023293e-02  2.878309e+03
1.202264e-02  2.092899e+03
1.428894e-02  1.475193e+03
1.698244e-02  1.031069e+03
2.000000e-02  7.288480e+02
2.344229e-02  5.166867e+02
2.754229e-02  3.617861e+02
3.235937e-02  2.514564e+02
3.801894e-02  1.734756e+02
4.500000e-02  1.167638e+02
5.308844e-02  7.858798e+01
6.309573e-02  5.156800e+01
7.498942e-02  3.358508e+01
9.015711e-02  2.109596e+01
1.096478e-01  1.277136e+01
1.445440e-01  6.229146e+00
2.426610e-01  1.598129e+00
3.000060e-01  9.215589e-01
3.548134e-01  6.000944e-01
4.073803e-01  4.242632e-01
4.677351e-01  3.022111e-01
5.308844e-01  2.230342e-01
6.025596e-01  1.658554e-01
6.760830e-01  1.276453e-01
7.585776e-01  9.893400e-02
8.609938e-01  7.534564e-02
9.549926e-01  6.074267e-02
1.071519e+00  4.824109e-02
1.216186e+00  3.767892e-02
1.364583e+00  3.030734e-02
1.531087e+00  2.454637e-02
1.737801e+00  1.962373e-02
1.972423e+00  1.581027e-02
2.238721e+00  1.283050e-02
2.570396e+00  1.029668e-02
2.951209e+00  8.326713e-03
3.427678e+00  6.669524e-03
4.000000e+00  5.346700e-03
4.677351e+00  4.304318e-03
5.495409e+00  3.467358e-03
6.456542e+00  2.813002e-03
8.000000e+00  2.148200e-03
9.772372e+00  1.683685e-03
1.230269e+01  1.282994e-03
1.566751e+01  9.722118e-04
2.041738e+01  7.232688e-04
2.800000e+01  5.125500e-04
4.073803e+01  3.437568e-04
6.309573e+01  2.176419e-04
1.122018e+02  1.204917e-04
2.238721e+02  5.977344e-05
4.466836e+02  2.980416e-05
1.778279e+03  7.457940e-06
1.000000e+05  1.324500e-07
-1  -1
1.991800e-03  0.000000e+00
1.991800e-03  5.963247e+04
2.137962e-03  5.528826e+04
2.290868e-03  5.119556e+04
2.426610e-03  4.759975e+04
2.660725e-03  4.201413e+04
2.917427e-03  3.680704e+04
3.162278e-03  3.254232e+04
3.450000e-03  2.826460e+04
3.715352e-03  2.488780e+04
4.300000e-03  1.918020e+04
4.650000e-03  1.656442e+04
5.308844e-03  1.278452e+04
5.821032e-03  1.061341e+04
6.606934e-03  8.135227e+03
7.300000e-03  6.559300e+03
8.413951e-03  4.775732e+03
9.332543e-03  3.762143e+03
1.059254e-02  2.790342e+03
1.202264e-02  2.051863e+03
1.350000e-02  1.538450e+03
1.531087e-02  1.117612e+03
1.757924e-02  7.805963e+02
2.018366e-02  5.408547e+02
2.317395e-02  3.719023e+02
2.691535e-02  2.458690e+02
3.126079e-02  1.612590e+02
3.672823e-02  1.015697e+02
4.315191e-02  6.349212e+01
5.128614e-02  3.809643e+01
6.237348e-02  2.117505e+01
7.943282e-02  1.016425e+01
1.548817e-01  1.314118e+00
1.927525e-01  6.766915e-01
2.317395e-01  3.896841e-01
2.691535e-01  2.505613e-01
3.090295e-01  1.677972e-01
3.507519e-01  1.169589e-01
3.981072e-01  8.210928e-02
4.466836e-01  5.993785e-02
5.011872e-01  4.407398e-02
5.559043e-01  3.365184e-02
6.165950e-01  2.586963e-02
6.839117e-01  2.003039e-02
7.585776e-01  1.562025e-02
8.609938e-01  1.160594e-02
9.225714e-01  9.923806e-03
9.885531e-01  8.542310e-03
1.071519e+00  7.235147e-03
1.174898e+00  6.028165e-03
1.288250e+00  5.059151e-03
1.428894e+00  4.186093e-03
1.698244e+00  3.079955e-03
1.927525e+00  2.477053e-03
2.187762e+00  2.007727e-03
2.511886e+00  1.609315e-03
2.884032e+00  1.299973e-03
3.311311e+00  1.057681e-03
3.845918e+00  8.521548e-04
4.518559e+00  6.803710e-04
5.308844e+00  5.472374e-04
6.237348e+00  4.432989e-04
7.762471e+00  3.362294e-04
9.440609e+00  2.646118e-04
1.174898e+01  2.041121e-04
1.500000e+01  1.539900e-04
1.949845e+01  1.147494e-04
2.600160e+01  8.372342e-05
3.672823e+01  5.783179e-05
5.559043e+01  3.742555e-05
9.120108e+01  2.245518e-05
1.778279e+02  1.137573e-05
3.548134e+02  5.665640e-06
1.412538e+03  1.415903e-06
1.000000e+05  1.996900e-08
-1  -1
1.796200e-03  0.000000e+00
1.796200e-03  1.659262e+05
1.920000e-03  1.526964e+05
1.950000e-03  1.489965e+05
2.162719e-03  1.288646e+05
2.540973e-03  9.931095e+04
2.818383e-03  8.334378e+04
3.090295e-03  7.072878e+04
3.349654e-03  6.081506e+04
3.900000e-03  4.535920e+04
4.216965e-03  3.874884e+04
4.900000e-03  2.832520e+04
5.370318e-03  2.323846e+04
6.165950e-03  1.708267e+04
6.839116e-03  1.346521e+04
7.762471e-03  9.991312e+03
8.810489e-03  7.348784e+03
9.885531e-03  5.519641e+03
1.122018e-02  3.998116e+03
1.273503e-02  2.873451e+03
1.450000e-02  2.032428e+03
1.650000e-02  1.429072e+03
1.862087e-02  1.021095e+03
2.113489e-02  7.134263e+02
2.400000e-02  4.944920e+02
2.754229e-02  3.301492e+02
3.162278e-02  2.185593e+02
3.672823e-02  1.387443e+02
4.265795e-02  8.745391e+01
5.011872e-02  5.280951e+01
5.956621e-02  3.053355e+01
7.328245e-02  1.569014e+01
9.885531e-02  5.932906e+00
1.513561e-01  1.473584e+00
1.862087e-01  7.533781e-01
2.213095e-01  4.336976e-01
2.540973e-01  2.806570e-01
2.884032e-01  1.896002e-01
3.235937e-01  1.336131e-01
3.630781e-01  9.483114e-02
4.027170e-01  7.012681e-02
4.466836e-01  5.223363e-02
4.954502e-01  3.918743e-02
5.495409e-01  2.961812e-02
6.025596e-01  2.324803e-02
6.606935e-01  1.837528e-02
7.244360e-01  1.462318e-02
8.035261e-01  1.140084e-02
8.709636e-01  9.426335e-03
9.332543e-01  8.060076e-03
9.885531e-01  7.113653e-03
1.071519e+00  6.023230e-03
1.174898e+00  5.017686e-03
1.288250e+00  4.211173e-03
1.428894e+00  3.484928e-03
1.698244e+00  2.564166e-03
1.927525e+00  2.061984e-03
2.187762e+00  1.671062e-03
2.511886e+00  1.339265e-03
2.884032e+00  1.081688e-03
3.311311e+00  8.800730e-04
3.845918e+00  7.090905e-04
4.518559e+00  5.661497e-04
5.308844e+00  4.553637e-04
6.237348e+00  3.688736e-04
7.762471e+00  2.797843e-04
9.440609e+00  2.201909e-04
1.174898e+01  1.698466e-04
1.500000e+01  1.281400e-04
1.949845e+01  9.548172e-05
2.600160e+01  6.966836e-05
3.672823e+01  4.812278e-05
5.559043e+01  3.114322e-05
9.120108e+01  1.868529e-05
1.778279e+02  9.466112e-06
3.548134e+02  4.714468e-06
1.412538e+03  1.178222e-06
1.000000e+05  1.661700e-08
-1  -1
1.455000e-03  0.000000e+00
1.455000e-03  3.409257e+05
1.468000e-03  3.721138e+05
1.477000e-03  3.872985e+05
1.480700e-03  3.929671e+05
1.519000e-03  4.611793e+05
1.523000e-03  4.670277e+05
1.531300e-03  4.757569e+05
1.550000e-03  4.887249e+05
1.555000e-03  4.907079e+05
1.566751e-03  4.923537e+05
1.570000e-03  4.920008e+05
1.580000e-03  4.880160e+05
1.972423e-03  2.786426e+05
2.162719e-03  2.192887e+05
2.400000e-03  1.659320e+05
2.660725e-03  1.248183e+05
3.019952e-03  8.727074e+04
3.273407e-03  6.898575e+04
3.801894e-03  4.420916e+04
4.216965e-03  3.221272e+04
4.800000e-03  2.155216e+04
5.432503e-03  1.454229e+04
6.095369e-03  1.002694e+04
7.000000e-03  6.354400e+03
7.852356e-03  4.320536e+03
8.912509e-03  2.804946e+03
1.023293e-02  1.736471e+03
1.174898e-02  1.066373e+03
1.348963e-02  6.498539e+02
1.548817e-02  3.931305e+02
1.778279e-02  2.361450e+02
2.041738e-02  1.408959e+02
2.371374e-02  7.995686e+01
2.800000e-02  4.229280e+01
3.311311e-02  2.207308e+01
4.073803e-02  9.800687e+00
5.188000e-02  3.768038e+00
9.549926e-02  3.333181e-01
1.174898e-01  1.471878e-01
1.396368e-01  7.499610e-02
1.621810e-01  4.209120e-02
1.883649e-01  2.379391e-02
2.162719e-01  1.415915e-02
2.454709e-01  8.862994e-03
2.754229e-01  5.828963e-03
3.090295e-01  3.860753e-03
3.427678e-01  2.682071e-03
3.801894e-01  1.876465e-03
4.216965e-01  1.322923e-03
4.623810e-01  9.764322e-04
5.011872e-01  7.530352e-04
5.495409e-01  5.640497e-04
6.237348e-01  3.827914e-04
6.839117e-01  2.903103e-04
7.413102e-01  2.292741e-04
8.511380e-01  1.546597e-04
9.015711e-01  1.321731e-04
9.440609e-01  1.172976e-04
9.885531e-01  1.048012e-04
1.035142e+00  9.434412e-05
1.096478e+00  8.339021e-05
1.161449e+00  7.425699e-05
1.244515e+00  6.512821e-05
1.348963e+00  5.634365e-05
1.531087e+00  4.528117e-05
1.819701e+00  3.344133e-05
2.018366e+00  2.804244e-05
2.290868e+00  2.278856e-05
2.630268e+00  1.831183e-05
3.019952e+00  1.482563e-05
3.507519e+00  1.188962e-05
4.120975e+00  9.451696e-06
4.841724e+00  7.570511e-06
5.688529e+00  6.107648e-06
6.760830e+00  4.890354e-06
8.222427e+00  3.828051e-06
1.011579e+01  2.978006e-06
1.273503e+01  2.271999e-06
1.621810e+01  1.723563e-06
2.113489e+01  1.283371e-06
2.917427e+01  9.039660e-07
4.265795e+01  6.036626e-07
6.606934e+01  3.825246e-07
1.174898e+02  2.119118e-07
2.344229e+02  1.051741e-07
4.677351e+02  5.245208e-08
3.715352e+03  6.573665e-09
1.000000e+05  2.441400e-10
-1  -1
1.412000e-03  0.000000e+00
1.412000e-03  8.267231e+05
1.800000e-03  5.045544e+05
2.000000e-03  3.840456e+05
2.220000e-03  2.907810e+05
2.454709e-03  2.206491e+05
2.722701e-03  1.646574e+05
3.019952e-03  1.222955e+05
3.300000e-03  9.402660e+04
3.801894e-03  6.133460e+04
4.168694e-03  4.612990e+04
4.800000e-03  2.959794e+04
5.500000e-03  1.908582e+04
6.095369e-03  1.362215e+04
7.000000e-03  8.578980e+03
8.000000e-03  5.440650e+03
8.912509e-03  3.741158e+03
1.011579e-02  2.395854e+03
1.174898e-02  1.401798e+03
1.364583e-02  8.124766e+02
1.584893e-02  4.666588e+02
1.840772e-02  2.656811e+02
2.113489e-02  1.567970e+02
2.426610e-02  9.191958e+01
2.818383e-02  5.119487e+01
3.388442e-02  2.468621e+01
4.073803e-02  1.180652e+01
5.069907e-02  4.879328e+00
9.332543e-02  4.069913e-01
1.161449e-01  1.680948e-01
1.364583e-01  8.822913e-02
1.566751e-01  5.112020e-02
1.778279e-01  3.120685e-02
2.018366e-01  1.919432e-02
2.264644e-01  1.242708e-02
2.511886e-01  8.463471e-03
2.754229e-01  6.054513e-03
3.019952e-01  4.360085e-03
3.311311e-01  3.161352e-03
3.630781e-01  2.307574e-03
4.027170e-01  1.631908e-03
4.415705e-01  1.205811e-03
4.786301e-01  9.319503e-04
5.069907e-01  7.792283e-04
5.495409e-01  6.115367e-04
5.956621e-01  4.836501e-04
6.456542e-01  3.853019e-04
6.998420e-01  3.090505e-04
7.673615e-01  2.420701e-04
8.709636e-01  1.740046e-04
9.225714e-01  1.507184e-04
9.772372e-01  1.315067e-04
1.023293e+00  1.186600e-04
1.083927e+00  1.050268e-04
1.161449e+00  9.141613e-05
1.250000e+00  7.947466e-05
1.364583e+00  6.778448e-05
1.819701e+00  4.091809e-05
2.044000e+00  3.360715e-05
2.317395e+00  2.737730e-05
2.660725e+00  2.201562e-05
3.054921e+00  1.783781e-05
3.548134e+00  1.431344e-05
4.168694e+00  1.138470e-05
4.897788e+00  9.123793e-06
5.754399e+00  7.364494e-06
6.839116e+00  5.899635e-06
8.317638e+00  4.620011e-06
1.023293e+01  3.595734e-06
1.288250e+01  2.744268e-06
1.640590e+01  2.082610e-06
2.162719e+01  1.531595e-06
3.019952e+01  1.066297e-06
4.365158e+01  7.212625e-07
6.760830e+01  4.572389e-07
1.202264e+02  2.533884e-07
2.398833e+02  1.257872e-07
4.786301e+02  6.273678e-08
3.801894e+03  7.863399e-09
1.000000e+05  2.988600e-10
-1  -1
4.368500e-04  0.000000e+00
4.368500e-04  8.597031e+04
4.820000e-04  8.165140e+04
5.754399e-04  7.115865e+04
6.200000e-04  6.677340e+04
6.606934e-04  6.274964e+04
7.800000e-04  5.263000e+04
8.413951e-04  4.826501e+04
9.440609e-04  4.188952e+04
1.059254e-03  3.614418e+04
1.174898e-03  3.140225e+04
1.350000e-03  2.580540e+04
1.531087e-03  2.142305e+04
1.757924e-03  1.734520e+04
2.065380e-03  1.342503e+04
2.400000e-03  1.048960e+04
2.754229e-03  8.314890e+03
3.235937e-03  6.289508e+03
3.845918e-03  4.628237e+03
4.570882e-03  3.380671e+03
5.432503e-03  2.453130e+03
6.606934e-03  1.692822e+03
8.000000e-03  1.168864e+03
9.660509e-03  8.052891e+02
1.161449e-02  5.553426e+02
1.396368e-02  3.799347e+02
1.678804e-02  2.578290e+02
2.000000e-02  1.770360e+02
2.371374e-02  1.219182e+02
2.818383e-02  8.290464e+01
3.349654e-02  5.594081e+01
3.981072e-02  3.745476e+01
4.731513e-02  2.488622e+01
5.559043e-02  1.687012e+01
6.683439e-02  1.073272e+01
8.035261e-02  6.775693e+00
9.772372e-02  4.118811e+00
1.230269e-01  2.274561e+00
1.566751e-01  1.210841e+00
2.398833e-01  3.956427e-01
2.951209e-01  2.310141e-01
3.507519e-01  1.485041e-01
4.073803e-01  1.019883e-01
4.677351e-01  7.265172e-02
5.308844e-01  5.361912e-02
6.025596e-01  3.987500e-02
6.760830e-01  3.069360e-02
7.585776e-01  2.379306e-02
8.609938e-01  1.812200e-02
9.549926e-01  1.460925e-02
1.071519e+00  1.160049e-02
1.216186e+00  9.061034e-03
1.364583e+00  7.288632e-03
1.531087e+00  5.903288e-03
1.737801e+00  4.719467e-03
1.972423e+00  3.802270e-03
2.238721e+00  3.085552e-03
2.570396e+00  2.476195e-03
2.951209e+00  2.002488e-03
3.427678e+00  1.604007e-03
4.000000e+00  1.285900e-03
4.677351e+00  1.035172e-03
5.495409e+00  8.338761e-04
6.456542e+00  6.765243e-04
8.000000e+00  5.166300e-04
9.772372e+00  4.049182e-04
1.230269e+01  3.085442e-04
1.566751e+01  2.338110e-04
2.041738e+01  1.739411e-04
2.800000e+01  1.232700e-04
4.027170e+01  8.368117e-05
6.237348e+01  5.296933e-05
1.096478e+02  2.966649e-05
2.187762e+02  1.471322e-05
4.365158e+02  7.335895e-06
1.737801e+03  1.835404e-06
1.000000e+05  3.185300e-08
-1  -1
3.570400e-04  0.000000e+00
3.570400e-04  6.944442e+04
3.890451e-04  6.814334e+04
4.518559e-04  6.647369e+04
4.841724e-04  6.607260e+04
5.248075e-04  6.500025e+04
5.688529e-04  6.355543e+04
6.100000e-04  6.191800e+04
6.531306e-04  5.997213e+04
7.000000e-04  5.762160e+04
7.585776e-04  5.454905e+04
8.222426e-04  5.128251e+04
8.810489e-04  4.833879e+04
9.549926e-04  4.478590e+04
1.047129e-03  4.075145e+04
1.135011e-03  3.727339e+04
1.244515e-03  3.341076e+04
1.364583e-03  2.976483e+04
1.500000e-03  2.623600e+04
1.659587e-03  2.277241e+04
1.840772e-03  1.954726e+04
2.041738e-03  1.666840e+04
2.264644e-03  1.411278e+04
2.511886e-03  1.187690e+04
2.851018e-03  9.538199e+03
3.198895e-03  7.754279e+03
3.589219e-03  6.261145e+03
4.073803e-03  4.910501e+03
4.623810e-03  3.820883e+03
5.248075e-03  2.950709e+03
6.000000e-03  2.227060e+03
6.839116e-03  1.678052e+03
7.762471e-03  1.266528e+03
8.810489e-03  9.490410e+02
1.000000e-02  7.058940e+02
1.135011e-02  5.210968e+02
1.288250e-02  3.819908e+02
1.462177e-02  2.781095e+02
1.678804e-02  1.952053e+02
1.927525e-02  1.359594e+02
2.213095e-02  9.399382e+01
2.540973e-02  6.452337e+01
2.951209e-02  4.260209e+01
3.427678e-02  2.791078e+01
4.027170e-02  1.756496e+01
4.786301e-02  1.061069e+01
5.688529e-02  6.360279e+00
7.079458e-02  3.297786e+00
9.440609e-02  1.376526e+00
1.548817e-01  3.037978e-01
1.927525e-01  1.568128e-01
2.317395e-01  9.044916e-02
2.722701e-01  5.629910e-02
3.126079e-01  3.775902e-02
3.548134e-01  2.635503e-02
4.027170e-01  1.852811e-02
4.518559e-01  1.354332e-02
5.069907e-01  9.972925e-03
5.688529e-01  7.403527e-03
6.382635e-01  5.539831e-03
7.079458e-01  4.297339e-03
7.852356e-01  3.357570e-03
8.709636e-01  2.636054e-03
9.332543e-01  2.257097e-03
1.000000e+00  1.945976e-03
1.096478e+00  1.612624e-03
1.202264e+00  1.346110e-03
1.318257e+00  1.131663e-03
1.479108e+00  9.184664e-04
1.717908e+00  7.045102e-04
1.949845e+00  5.669538e-04
2.213095e+00  4.597630e-04
2.511886e+00  3.754530e-04
2.884032e+00  3.032539e-04
3.311311e+00  2.467286e-04
3.845918e+00  1.987882e-04
4.518559e+00  1.587145e-04
5.308844e+00  1.276607e-04
6.237348e+00  1.034160e-04
7.762471e+00  7.843551e-05
9.440609e+00  6.172912e-05
1.174898e+01  4.761548e-05
1.500000e+01  3.592300e-05
1.949845e+01  2.676769e-05
2.600160e+01  1.953070e-05
3.672823e+01  1.349116e-05
5.559043e+01  8.730751e-06
9.120108e+01  5.238274e-06
1.778279e+02  2.653746e-06
3.548134e+02  1.321669e-06
1.412538e+03  3.303119e-07
1.000000e+05  4.658400e-09
-1  -1
3.129700e-04  0.000000e+00
3.129700e-04  2.820988e+05
3.427678e-04  2.679138e+05
3.900000e-04  2.523500e+05
4.265795e-04  2.413303e+05
4.623810e-04  2.301249e+05
5.069907e-04  2.164451e+05
5.500000e-04  2.035360e+05
5.956621e-04  1.903474e+05
6.456542e-04  1.765074e+05
7.161434e-04  1.588188e+05
7.800000e-04  1.446012e+05
8.511380e-04  1.304462e+05
9.500000e-04  1.136928e+05
1.035142e-03  1.014748e+05
1.150000e-03  8.766640e+04
1.273503e-03  7.555998e+04
1.428894e-03  6.339113e+04
1.603245e-03  5.276452e+04
1.800000e-03  4.354600e+04
2.018366e-03  3.574826e+04
2.264644e-03  2.910737e+04
2.540973e-03  2.354092e+04
2.884032e-03  1.849360e+04
3.300000e-03  1.418284e+04
3.758374e-03  1.088648e+04
4.265795e-03  8.351185e+03
4.841724e-03  6.359266e+03
5.500000e-03  4.799000e+03
6.309573e-03  3.515060e+03
7.161434e-03  2.617633e+03
8.222426e-03  1.882296e+03
9.440609e-03  1.341761e+03
1.071519e-02  9.759263e+02
1.216186e-02  7.048187e+02
1.380384e-02  5.054463e+02
1.566751e-02  3.599285e+02
1.778279e-02  2.545311e+02
2.041738e-02  1.730959e+02
2.344229e-02  1.168096e+02
2.691535e-02  7.824486e+01
3.090295e-02  5.203957e+01
3.589219e-02  3.319690e+01
4.168694e-02  2.101960e+01
4.897788e-02  1.275084e+01
5.821032e-02  7.404985e+00
7.079458e-02  3.966803e+00
8.709636e-02  2.031660e+00
1.621810e-01  2.690854e-01
1.972423e-01  1.433033e-01
2.317395e-01  8.587934e-02
2.660725e-01  5.575747e-02
3.019952e-01  3.779218e-02
3.388442e-01  2.672118e-02
3.801894e-01  1.903272e-02
4.216965e-01  1.412291e-02
4.677351e-01  1.055534e-02
5.128614e-01  8.201213e-03
5.688529e-01  6.221893e-03
6.237348e-01  4.900524e-03
6.839117e-01  3.884890e-03
7.498942e-01  3.100137e-03
8.511380e-01  2.292631e-03
9.120108e-01  1.955795e-03
9.772372e-01  1.680116e-03
1.047129e+00  1.454656e-03
1.148154e+00  1.209438e-03
1.258925e+00  1.013056e-03
1.396368e+00  8.370965e-04
1.678804e+00  6.029665e-04
1.905461e+00  4.845520e-04
2.162719e+00  3.924233e-04
2.454709e+00  3.200748e-04
2.818383e+00  2.581958e-04
3.235937e+00  2.098152e-04
3.758374e+00  1.688513e-04
4.415704e+00  1.346731e-04
5.188000e+00  1.082114e-04
6.095369e+00  8.756484e-05
7.498942e+00  6.731705e-05
9.015711e+00  5.365028e-05
1.109175e+01  4.188065e-05
1.400000e+01  3.195100e-05
1.819701e+01  2.375796e-05
2.400000e+01  1.751500e-05
3.235937e+01  1.269036e-05
4.677351e+01  8.595519e-06
7.161434e+01  5.520956e-06
1.288250e+02  3.026166e-06
2.570396e+02  1.503244e-06
5.128614e+02  7.499748e-07
4.073803e+03  9.403068e-08
1.000000e+05  3.829300e-09
-1  -1
1.802500e-04  0.000000e+00
1.802500e-04  2.884388e+05
1.809000e-04  2.956976e+05
1.819701e-04  3.107896e+05
1.830000e-04  3.280228e+05
1.862087e-04  3.912190e+05
1.873000e-04  4.132200e+05
1.885000e-04  4.360920e+05
1.895000e-04  4.533120e+05
1.905461e-04  4.689744e+05
1.915000e-04  4.807760e+05
1.926000e-04  4.912280e+05
1.935000e-04  4.971960e+05
1.945000e-04  5.011840e+05
1.957000e-04  5.025480e+05
1.969000e-04  5.006080e+05
1.980000e-04  4.963440e+05
1.995262e-04  4.872846e+05
2.010000e-04  4.758880e+05
2.030000e-04  4.575760e+05
2.050000e-04  4.373240e+05
2.070000e-04  4.161880e+05
2.100000e-04  3.841768e+05
2.137962e-04  3.449134e+05
2.187762e-04  2.975989e+05
2.290868e-04  2.196373e+05
2.330000e-04  1.975016e+05
2.365000e-04  1.809592e+05
2.400000e-04  1.672368e+05
2.430000e-04  1.575056e+05
2.454709e-04  1.507744e+05
2.483133e-04  1.443296e+05
2.511886e-04  1.390827e+05
2.540973e-04  1.349493e+05
2.570396e-04  1.318430e+05
2.600160e-04  1.296374e+05
2.630268e-04  1.282944e+05
2.660725e-04  1.277398e+05
2.691535e-04  1.279009e+05
2.730000e-04  1.289828e+05
2.770000e-04  1.309860e+05
2.818383e-04  1.343732e+05
2.880000e-04  1.398676e+05
2.951209e-04  1.473757e+05
3.235937e-04  1.823676e+05
3.350000e-04  1.964048e+05
3.470000e-04  2.102372e+05
3.589219e-04  2.227062e+05
3.700000e-04  2.330076e+05
3.820000e-04  2.427324e+05
3.935501e-04  2.507615e+05
4.073803e-04  2.587926e+05
4.216965e-04  2.654192e+05
4.365158e-04  2.705811e+05
4.518559e-04  2.742388e+05
4.700000e-04  2.766216e+05
4.897788e-04  2.772625e+05
5.128614e-04  2.760143e+05
5.370318e-04  2.728794e+05
5.623413e-04  2.679608e+05
5.900000e-04  2.612052e+05
6.237348e-04  2.516611e+05
6.606934e-04  2.403677e+05
7.000000e-04  2.279048e+05
7.413102e-04  2.146805e+05
7.852356e-04  2.009414e+05
8.413951e-04  1.842837e+05
9.015711e-04  1.676954e+05
9.700000e-04  1.505852e+05
1.047129e-03  1.335236e+05
1.122018e-03  1.189883e+05
1.216186e-03  1.032639e+05
1.318257e-03  8.895123e+04
1.428894e-03  7.607130e+04
1.548817e-03  6.462697e+04
1.698244e-03  5.320819e+04
1.850000e-03  4.410160e+04
2.041738e-03  3.523758e+04
2.238721e-03  2.835439e+04
2.426610e-03  2.331762e+04
2.691535e-03  1.799808e+04
3.019952e-03  1.337081e+04
3.388442e-03  9.840509e+03
3.801894e-03  7.177287e+03
4.265795e-03  5.189506e+03
4.800000e-03  3.689792e+03
5.308844e-03  2.739028e+03
6.000000e-03  1.891380e+03
6.683439e-03  1.354929e+03
7.498942e-03  9.420891e+02
8.413951e-03  6.500565e+02
9.440609e-03  4.452331e+02
1.059254e-02  3.027977e+02
1.188502e-02  2.045180e+02
1.348963e-02  1.318244e+02
1.531087e-02  8.433671e+01
1.737801e-02  5.357809e+01
2.000000e-02  3.213584e+01
2.317395e-02  1.865232e+01
2.691535e-02  1.064779e+01
3.126079e-02  6.034577e+00
3.715352e-02  3.109083e+00
4.466836e-02  1.520629e+00
5.688529e-02  5.895607e-01
1.023293e-01  5.835045e-02
1.258925e-01  2.595807e-02
1.500000e-01  1.318157e-02
1.757924e-01  7.190465e-03
2.018366e-01  4.272162e-03
2.290868e-01  2.668413e-03
2.600160e-01  1.678828e-03
2.917427e-01  1.109413e-03
3.273407e-01  7.384441e-04
3.630781e-01  5.154530e-04
4.027170e-01  3.623309e-04
4.415705e-01  2.664358e-04
4.841724e-01  1.973156e-04
5.188000e-01  1.584386e-04
5.688529e-01  1.191186e-04
6.531306e-01  7.838228e-05
7.161434e-01  5.969881e-05
7.762471e-01  4.734601e-05
8.511380e-01  3.649061e-05
9.015711e-01  3.120046e-05
9.440609e-01  2.768190e-05
9.885531e-01  2.470806e-05
1.035142e+00  2.220546e-05
1.083927e+00  2.009073e-05
1.148154e+00  1.787086e-05
1.216186e+00  1.601066e-05
1.318257e+00  1.382957e-05
1.531087e+00  1.067177e-05
1.819701e+00  7.881705e-06
2.018366e+00  6.608819e-06
2.290868e+00  5.370207e-06
2.630268e+00  4.315357e-06
3.019952e+00  3.494030e-06
3.507519e+00  2.802051e-06
4.120975e+00  2.227496e-06
4.841724e+00  1.784192e-06
5.688529e+00  1.439418e-06
6.760830e+00  1.152549e-06
8.222427e+00  9.021687e-07
1.011579e+01  7.018412e-07
1.273503e+01  5.354490e-07
1.621810e+01  4.061958e-07
2.137962e+01  2.986424e-07
2.951209e+01  2.104241e-07
4.265795e+01  1.422647e-07
6.606934e+01  9.015075e-08
1.174898e+02  4.994236e-08
2.344229e+02  2.478657e-08
4.677351e+02  1.236180e-08
3.715352e+03  1.549225e-09
1.000000e+05  5.753800e-11
-1  -1
1.722600e-04  0.000000e+00
1.722600e-04  4.126152e+05
1.731000e-04  4.351644e+05
1.760000e-04  5.284782e+05
1.775000e-04  5.805720e+05
1.786000e-04  6.179400e+05
1.795000e-04  6.469500e+05
1.805000e-04  6.766740e+05
1.815000e-04  7.029660e+05
1.825000e-04  7.251660e+05
1.834000e-04  7.412820e+05
1.845000e-04  7.557900e+05
1.856000e-04  7.646220e+05
1.865000e-04  7.678200e+05
1.875000e-04  7.674720e+05
1.885000e-04  7.634640e+05
1.895000e-04  7.562880e+05
1.908000e-04  7.430700e+05
1.922000e-04  7.250160e+05
1.940000e-04  6.977820e+05
1.960000e-04  6.643380e+05
1.985000e-04  6.205740e+05
2.010000e-04  5.767578e+05
2.041738e-04  5.230977e+05
2.089296e-04  4.494484e+05
2.190000e-04  3.266046e+05
2.230000e-04  2.906214e+05
2.264644e-04  2.649158e+05
2.290868e-04  2.485657e+05
2.317395e-04  2.345249e+05
2.344229e-04  2.226592e+05
2.373000e-04  2.123040e+05
2.400000e-04  2.045970e+05
2.426610e-04  1.987109e+05
2.454709e-04  1.941554e+05
2.483133e-04  1.910926e+05
2.511886e-04  1.893586e+05
2.540973e-04  1.888706e+05
2.570396e-04  1.895154e+05
2.600160e-04  1.911864e+05
2.635000e-04  1.942614e+05
2.670000e-04  1.983768e+05
2.722701e-04  2.061268e+05
2.786121e-04  2.172855e+05
3.054921e-04  2.738499e+05
3.162278e-04  2.968071e+05
3.273407e-04  3.193560e+05
3.350000e-04  3.338268e+05
3.467369e-04  3.541240e+05
3.563300e-04  3.688176e+05
3.672823e-04  3.834986e+05
3.801894e-04  3.980909e+05
3.935501e-04  4.103887e+05
4.073803e-04  4.204041e+05
4.216965e-04  4.281149e+05
4.365158e-04  4.334910e+05
4.550000e-04  4.369056e+05
4.731513e-04  4.372919e+05
4.954502e-04  4.346558e+05
5.188000e-04  4.291160e+05
5.432503e-04  4.209550e+05
5.688529e-04  4.103346e+05
6.025596e-04  3.944330e+05
6.382635e-04  3.762295e+05
6.760830e-04  3.563125e+05
7.161434e-04  3.352292e+05
7.585776e-04  3.134863e+05
8.128305e-04  2.870938e+05
8.709636e-04  2.609623e+05
9.332543e-04  2.355629e+05
1.000000e-03  2.112198e+05
1.083927e-03  1.845698e+05
1.174898e-03  1.599834e+05
1.273503e-03  1.376621e+05
1.380384e-03  1.175994e+05
1.500000e-03  9.927780e+04
1.621810e-03  8.412899e+04
1.778279e-03  6.870939e+04
1.950000e-03  5.565504e+04
2.113489e-03  4.603227e+04
2.350000e-03  3.555486e+04
2.630268e-03  2.675873e+04
2.917427e-03  2.042919e+04
3.235937e-03  1.547749e+04
3.548134e-03  1.201714e+04
3.900000e-03  9.213600e+03
4.300000e-03  6.960840e+03
4.731513e-03  5.258415e+03
5.188000e-03  3.991965e+03
5.821032e-03  2.808143e+03
6.456542e-03  2.032219e+03
7.244360e-03  1.408026e+03
8.128305e-03  9.681729e+02
9.120108e-03  6.606877e+02
1.023293e-02  4.475307e+02
1.148154e-02  3.009681e+02
1.288250e-02  2.010126e+02
1.462177e-02  1.279662e+02
1.659587e-02  8.084853e+01
1.883649e-02  5.071604e+01
2.162719e-02  3.026162e+01
2.483133e-02  1.792296e+01
2.884032e-02  1.008305e+01
3.349654e-02  5.629930e+00
3.935501e-02  2.983715e+00
4.731513e-02  1.432741e+00
5.956621e-02  5.678520e-01
9.660509e-02  8.029258e-02
1.188502e-01  3.494437e-02
1.396368e-01  1.842423e-02
1.621810e-01  1.024463e-02
1.840772e-01  6.278474e-03
2.089296e-01  3.877082e-03
2.344229e-01  2.520357e-03
2.600160e-01  1.722801e-03
2.884032e-01  1.186629e-03
3.162278e-01  8.578235e-04
3.467369e-01  6.244474e-04
3.801894e-01  4.578629e-04
4.168694e-01  3.382435e-04
4.518559e-01  2.611880e-04
4.897788e-01  2.029709e-04
5.308844e-01  1.587993e-04
5.754399e-01  1.250851e-04
6.237348e-01  9.922712e-05
6.760830e-01  7.927557e-05
7.328245e-01  6.375207e-05
8.609938e-01  4.176159e-05
9.120108e-01  3.612381e-05
9.660509e-01  3.146750e-05
1.011579e+00  2.835144e-05
1.071519e+00  2.506064e-05
1.135011e+00  2.228688e-05
1.216186e+00  1.949297e-05
1.318257e+00  1.679879e-05
1.798871e+00  9.723342e-06
2.018366e+00  7.994816e-06
2.290868e+00  6.496443e-06
2.630268e+00  5.220364e-06
3.019952e+00  4.226802e-06
3.507519e+00  3.389782e-06
4.120975e+00  2.694699e-06
4.841724e+00  2.158297e-06
5.688529e+00  1.741262e-06
6.760830e+00  1.394245e-06
8.222427e+00  1.091345e-06
1.011579e+01  8.490362e-07
1.273503e+01  6.477423e-07
1.621810e+01  4.913856e-07
2.137962e+01  3.612721e-07
2.951209e+01  2.545612e-07
4.265795e+01  1.721015e-07
6.606934e+01  1.090573e-07
1.174898e+02  6.041607e-08
2.344229e+02  2.998558e-08
4.677351e+02  1.495406e-08
3.715352e+03  1.874171e-09
1.000000e+05  6.960500e-11
-1  -1
1.094000e-05  0.000000e+00
1.094000e-05  6.822104e+05
1.122018e-05  6.482822e+05
1.165000e-05  6.055975e+05
1.216186e-05  5.650223e+05
1.258925e-05  5.379748e+05
1.303167e-05  5.151167e+05
1.350000e-05  4.960633e+05
1.400000e-05  4.803375e+05
1.450000e-05  4.686529e+05
1.500000e-05  4.605601e+05
1.550000e-05  4.555756e+05
1.610000e-05  4.531050e+05
1.670000e-05  4.539145e+05
1.737801e-05  4.583492e+05
1.800000e-05  4.653033e+05
1.870000e-05  4.760977e+05
1.950000e-05  4.918888e+05
2.018366e-05  5.080558e+05
2.113489e-05  5.343490e+05
2.213095e-05  5.659559e+05
2.317395e-05  6.031811e+05
2.454709e-05  6.579413e+05
2.630268e-05  7.363520e+05
2.900000e-05  8.710359e+05
3.311311e-05  1.098529e+06
3.589219e-05  1.257356e+06
3.845918e-05  1.402479e+06
4.120975e-05  1.553014e+06
4.400000e-05  1.698116e+06
4.731513e-05  1.859926e+06
5.069907e-05  2.013987e+06
5.495409e-05  2.192403e+06
5.956621e-05  2.368999e+06
6.400000e-05  2.521560e+06
6.900000e-05  2.671685e+06
7.328245e-05  2.780758e+06
7.800000e-05  2.877744e+06
8.317638e-05  2.959666e+06
8.810489e-05  3.014880e+06
9.500000e-05  3.063756e+06
1.011579e-04  3.086276e+06
1.109175e-04  3.094241e+06
1.190000e-04  3.079262e+06
1.273503e-04  3.048640e+06
1.364583e-04  2.995295e+06
1.462177e-04  2.923157e+06
1.584893e-04  2.814703e+06
1.698244e-04  2.705676e+06
1.820000e-04  2.585305e+06
1.950000e-04  2.452095e+06
2.065380e-04  2.333402e+06
2.220000e-04  2.174566e+06
2.371374e-04  2.022995e+06
2.511886e-04  1.889861e+06
2.691535e-04  1.729028e+06
2.851018e-04  1.595473e+06
3.040000e-04  1.449299e+06
3.280280e-04  1.281122e+06
3.507519e-04  1.140627e+06
3.758374e-04  1.003982e+06
4.027170e-04  8.769780e+05
4.315191e-04  7.604453e+05
4.623810e-04  6.547244e+05
4.954502e-04  5.598483e+05
5.308844e-04  4.755183e+05
5.688529e-04  4.013693e+05
6.165950e-04  3.269245e+05
6.683439e-04  2.643109e+05
7.244360e-04  2.121694e+05
7.852356e-04  1.691645e+05
8.511380e-04  1.340071e+05
9.332543e-04  1.019300e+05
1.023293e-03  7.696006e+04
1.122018e-03  5.768678e+04
1.230269e-03  4.294285e+04
1.364583e-03  3.056917e+04
1.513561e-03  2.159213e+04
1.678804e-03  1.514418e+04
1.862087e-03  1.054544e+04
2.065380e-03  7.292348e+03
2.290868e-03  5.009215e+03
2.570396e-03  3.275155e+03
2.884032e-03  2.124798e+03
3.235937e-03  1.368275e+03
3.630781e-03  8.747377e+02
4.073803e-03  5.552802e+02
4.570882e-03  3.500887e+02
5.011872e-03  2.406407e+02
5.688529e-03  1.425296e+02
6.531306e-03  7.985162e+01
7.413102e-03  4.658852e+01
8.317638e-03  2.834395e+01
9.440609e-03  1.627080e+01
1.071519e-02  9.271978e+00
1.230269e-02  4.983418e+00
1.428894e-02  2.523906e+00
1.698244e-02  1.142168e+00
2.000000e-02  5.348101e-01
2.371374e-02  2.405544e-01
2.851018e-02  1.005356e-01
3.349654e-02  4.652560e-02
4.315191e-02  1.373736e-02
6.531306e-02  1.857030e-03
8.128305e-02  6.501168e-04
9.660509e-02  2.857526e-04
1.135011e-01  1.335606e-04
1.303167e-01  7.008965e-05
1.479108e-01  3.909242e-05
1.659587e-01  2.315964e-05
1.862087e-01  1.381885e-05
2.089296e-01  8.307701e-06
2.317395e-01  5.291439e-06
2.570396e-01  3.394497e-06
2.818383e-01  2.302537e-06
3.126079e-01  1.498975e-06
3.427678e-01  1.030361e-06
3.758374e-01  7.131171e-07
4.120975e-01  4.971875e-07
4.466836e-01  3.649627e-07
4.841724e-01  2.696304e-07
5.128614e-01  2.182226e-07
5.559043e-01  1.634570e-07
6.025596e-01  1.232969e-07
6.531306e-01  9.362326e-08
7.161434e-01  6.887421e-08
7.852356e-01  5.104092e-08
8.609938e-01  3.804581e-08
9.015711e-01  3.302691e-08
9.332543e-01  2.983500e-08
9.660509e-01  2.708416e-08
1.000000e+00  2.473200e-08
1.035142e+00  2.273124e-08
1.071519e+00  2.100063e-08
1.122018e+00  1.903101e-08
1.174898e+00  1.736607e-08
1.244515e+00  1.560918e-08
1.333521e+00  1.382827e-08
1.513561e+00  1.120651e-08
1.883649e+00  7.642948e-09
2.089296e+00  6.420144e-09
2.371374e+00  5.226683e-09
2.722701e+00  4.208177e-09
3.126079e+00  3.413565e-09
3.630781e+00  2.742441e-09
4.265795e+00  2.183746e-09
5.011872e+00  1.751902e-09
5.888437e+00  1.415488e-09
7.079458e+00  1.118637e-09
8.511380e+00  8.895670e-10
1.047129e+01  6.929580e-10
1.318257e+01  5.292740e-10
1.678804e+01  4.019350e-10
2.238721e+01  2.920840e-10
3.054921e+01  2.086160e-10
4.415704e+01  1.411380e-10
6.839116e+01  8.949010e-11
1.230269e+02  4.902270e-11
2.454709e+02  2.434160e-11
4.897788e+02  1.214140e-11
3.890451e+03  1.522000e-12
1.000000e+05  5.919200e-14
-1  -1
9.760000e-06  0.000000e+00
9.760000e-06  1.000120e+06
9.940000e-06  9.613847e+05
1.023293e-05  9.081750e+05
1.060000e-05  8.519379e+05
1.100000e-05  8.023402e+05
1.135011e-05  7.669886e+05
1.180000e-05  7.302374e+05
1.216186e-05  7.067241e+05
1.258925e-05  6.848993e+05
1.303167e-05  6.679179e+05
1.350000e-05  6.551997e+05
1.400000e-05  6.467174e+05
1.445440e-05  6.429640e+05
1.500000e-05  6.427965e+05
1.554900e-05  6.467735e+05
1.610000e-05  6.544400e+05
1.678804e-05  6.685390e+05
1.750000e-05  6.877574e+05
1.830000e-05  7.143151e+05
1.920000e-05  7.497185e+05
2.018366e-05  7.943702e+05
2.137962e-05  8.561008e+05
2.270000e-05  9.324682e+05
2.426610e-05  1.032754e+06
2.691535e-05  1.221346e+06
3.162278e-05  1.591933e+06
3.427678e-05  1.807080e+06
3.672823e-05  2.001479e+06
3.935501e-05  2.202220e+06
4.220000e-05  2.407597e+06
4.518559e-05  2.607836e+06
4.897788e-05  2.842977e+06
5.308844e-05  3.074059e+06
5.800000e-05  3.323553e+06
6.237348e-05  3.520453e+06
6.760830e-05  3.724247e+06
7.161434e-05  3.854513e+06
7.673615e-05  3.986513e+06
8.128305e-05  4.075190e+06
8.609938e-05  4.139588e+06
9.300000e-05  4.195404e+06
1.000000e-04  4.214803e+06
1.083927e-04  4.210529e+06
1.190000e-04  4.167324e+06
1.273503e-04  4.107754e+06
1.364583e-04  4.023386e+06
1.462177e-04  3.909998e+06
1.566751e-04  3.776468e+06
1.698244e-04  3.596959e+06
1.819701e-04  3.425392e+06
1.927525e-04  3.273511e+06
2.080000e-04  3.056351e+06
2.213095e-04  2.868718e+06
2.350000e-04  2.683898e+06
2.550000e-04  2.428662e+06
2.722701e-04  2.224120e+06
2.884032e-04  2.047087e+06
3.090295e-04  1.839122e+06
3.311311e-04  1.639377e+06
3.548134e-04  1.449894e+06
3.801894e-04  1.272539e+06
4.073803e-04  1.108570e+06
4.365158e-04  9.587199e+05
4.677351e-04  8.233534e+05
5.011872e-04  7.023398e+05
5.415200e-04  5.831411e+05
5.821032e-04  4.868119e+05
6.309573e-04  3.951617e+05
6.839116e-04  3.184350e+05
7.413102e-04  2.548117e+05
8.035261e-04  2.025296e+05
8.810489e-04  1.545481e+05
9.660509e-04  1.170545e+05
1.059254e-03  8.801713e+04
1.161449e-03  6.571673e+04
1.273503e-03  4.873623e+04
1.412538e-03  3.455054e+04
1.566751e-03  2.430735e+04
1.737801e-03  1.697681e+04
1.927525e-03  1.177235e+04
2.137962e-03  8.108434e+03
2.371374e-03  5.548266e+03
2.660725e-03  3.612233e+03
2.985383e-03  2.333589e+03
3.349654e-03  1.496291e+03
3.758374e-03  9.524065e+02
4.216965e-03  6.019081e+02
4.623810e-03  4.141036e+02
5.188000e-03  2.575191e+02
5.821032e-03  1.590159e+02
6.683439e-03  8.844852e+01
7.585776e-03  5.131946e+01
8.609938e-03  2.955585e+01
9.660509e-03  1.777783e+01
1.096478e-02  1.008708e+01
1.258925e-02  5.394991e+00
1.479108e-02  2.578233e+00
1.717908e-02  1.289220e+00
1.995262e-02  6.400743e-01
2.290868e-02  3.332644e-01
2.722701e-02  1.461698e-01
3.311311e-02  5.697202e-02
4.073803e-02  2.083512e-02
7.079458e-02  1.408027e-03
8.810489e-02  4.874500e-04
1.035142e-01  2.246943e-04
1.188502e-01  1.165107e-04
1.348963e-01  6.425892e-05
1.513561e-01  3.766658e-05
1.698244e-01  2.224538e-05
1.883649e-01  1.394676e-05
2.089296e-01  8.809438e-06
2.290868e-01  5.896971e-06
2.511886e-01  3.975650e-06
2.722701e-01  2.833545e-06
2.951209e-01  2.032344e-06
3.198895e-01  1.468045e-06
3.467369e-01  1.067705e-06
3.801894e-01  7.477476e-07
4.120975e-01  5.512076e-07
4.415705e-01  4.272082e-07
4.677351e-01  3.475153e-07
5.011872e-01  2.732417e-07
5.370318e-01  2.162437e-07
5.821032e-01  1.657805e-07
6.309573e-01  1.280263e-07
6.839117e-01  9.963263e-08
7.498942e-01  7.543521e-08
8.035261e-01  6.163805e-08
8.609938e-01  5.071396e-08
9.225714e-01  4.196062e-08
9.660509e-01  3.719940e-08
1.000000e+00  3.414400e-08
1.047129e+00  3.067267e-08
1.096478e+00  2.775909e-08
1.148154e+00  2.528099e-08
1.216186e+00  2.265389e-08
1.318257e+00  1.958922e-08
1.513561e+00  1.546881e-08
1.840772e+00  1.097527e-08
2.044000e+00  9.191100e-09
2.317395e+00  7.486986e-09
2.660725e+00  6.020234e-09
3.054921e+00  4.877431e-09
3.548134e+00  3.913838e-09
4.168694e+00  3.113047e-09
4.897788e+00  2.494797e-09
5.754399e+00  2.013738e-09
6.839116e+00  1.613187e-09
8.317638e+00  1.263270e-09
1.023293e+01  9.832281e-10
1.288250e+01  7.503980e-10
1.621810e+01  5.768980e-10
2.137962e+01  4.241370e-10
2.951209e+01  2.988600e-10
4.315191e+01  1.996160e-10
6.683439e+01  1.265240e-10
1.202264e+02  6.928500e-11
2.398833e+02  3.439460e-11
4.786301e+02  1.715490e-11
3.801894e+03  2.150160e-12
1.000000e+05  8.171800e-14
-1  -1
5.673000e-05  0.000000e+00
5.673000e-05  5.333740e+04
5.770000e-05  5.206140e+04
5.850000e-05  5.127520e+04
5.970000e-05  5.053000e+04
6.070000e-05  5.023340e+04
6.180000e-05  5.022160e+04
6.309573e-05  5.053065e+04
6.456542e-05  5.124481e+04
6.606934e-05  5.229139e+04
6.800000e-05  5.397600e+04
7.150000e-05  5.759920e+04
7.800000e-05  6.481240e+04
8.150000e-05  6.843720e+04
8.511380e-05  7.177732e+04
8.900000e-05  7.482380e+04
9.300000e-05  7.733540e+04
9.660509e-05  7.906518e+04
1.000000e-04  8.026700e+04
1.047129e-04  8.133795e+04
1.100000e-04  8.186520e+04
1.161449e-04  8.180228e+04
1.230269e-04  8.112023e+04
1.303167e-04  7.992335e+04
1.396368e-04  7.793709e+04
1.496236e-04  7.543476e+04
1.603245e-04  7.246534e+04
1.720000e-04  6.904500e+04
1.862087e-04  6.485919e+04
2.041738e-04  5.982470e+04
2.264644e-04  5.418767e+04
2.500000e-04  4.894260e+04
2.786121e-04  4.341028e+04
3.162278e-04  3.743060e+04
3.600000e-04  3.193660e+04
4.168694e-04  2.645176e+04
4.841724e-04  2.167555e+04
5.754399e-04  1.707698e+04
6.760830e-04  1.357644e+04
8.128305e-04  1.036504e+04
9.885530e-04  7.713502e+03
1.188502e-03  5.794114e+03
1.428894e-03  4.318329e+03
1.717908e-03  3.192846e+03
2.041738e-03  2.388160e+03
2.454709e-03  1.738910e+03
2.951209e-03  1.256779e+03
3.548134e-03  9.013814e+02
4.315191e-03  6.283640e+02
5.308844e-03  4.254884e+02
6.456542e-03  2.924017e+02
7.852356e-03  1.994746e+02
9.549926e-03  1.350585e+02
1.161449e-02  9.075143e+01
1.396368e-02  6.196148e+01
1.659587e-02  4.301880e+01
2.018366e-02  2.822879e+01
2.454709e-02  1.840733e+01
2.917427e-02  1.253070e+01
3.388442e-02  8.907924e+00
3.981072e-02  6.122837e+00
4.731513e-02  4.065525e+00
5.623413e-02  2.678741e+00
6.760830e-02  1.702998e+00
8.128305e-02  1.074347e+00
9.885531e-02  6.526698e-01
1.258925e-01  3.496266e-01
1.584893e-01  1.916879e-01
2.398833e-01  6.457912e-02
2.951209e-01  3.771336e-02
3.507519e-01  2.424459e-02
4.073803e-01  1.665092e-02
4.677351e-01  1.186173e-02
5.308844e-01  8.754538e-03
6.025596e-01  6.510630e-03
6.760830e-01  5.011506e-03
7.585776e-01  3.884838e-03
8.609938e-01  2.959007e-03
9.549926e-01  2.385564e-03
1.071519e+00  1.894360e-03
1.216186e+00  1.479654e-03
1.364583e+00  1.190190e-03
1.531087e+00  9.639473e-04
1.737801e+00  7.706403e-04
1.972423e+00  6.208846e-04
2.238721e+00  5.038650e-04
2.570396e+00  4.043631e-04
2.951209e+00  3.270041e-04
3.427678e+00  2.619201e-04
4.000000e+00  2.099700e-04
4.677351e+00  1.690405e-04
5.495409e+00  1.361715e-04
6.456542e+00  1.104732e-04
8.000000e+00  8.436300e-05
9.772372e+00  6.612167e-05
1.230269e+01  5.038410e-05
1.566751e+01  3.817977e-05
2.041738e+01  2.840391e-05
2.786121e+01  2.023718e-05
4.027170e+01  1.366502e-05
6.165950e+01  8.753560e-06
1.083927e+02  4.901628e-06
2.162719e+02  2.430790e-06
4.315191e+02  1.211902e-06
1.717908e+03  3.031919e-07
1.000000e+05  5.201400e-09
-1  -1
3.473000e-05  0.000000e+00
3.473000e-05  9.424740e+06
3.515000e-05  8.756000e+06
3.575000e-05  7.950420e+06
3.650000e-05  7.126980e+06
3.715352e-05  6.531556e+06
3.810000e-05  5.813580e+06
3.920000e-05  5.135580e+06
4.070000e-05  4.400320e+06
4.265795e-05  3.656236e+06
5.432503e-05  1.455241e+06
6.382635e-05  7.856156e+05
7.079458e-05  5.319924e+05
7.673615e-05  3.954353e+05
8.317638e-05  2.959299e+05
8.912509e-05  2.323094e+05
9.500000e-05  1.870480e+05
1.000000e-04  1.581044e+05
1.047129e-04  1.366746e+05
1.100000e-04  1.176974e+05
1.150000e-04  1.034756e+05
1.205000e-04  9.098300e+04
1.260000e-04  8.099660e+04
1.318257e-04  7.248518e+04
1.380384e-04  6.518372e+04
1.450000e-04  5.864660e+04
1.520000e-04  5.339900e+04
1.584893e-04  4.944007e+04
1.659587e-04  4.570816e+04
1.737801e-04  4.252184e+04
1.820000e-04  3.977400e+04
1.927525e-04  3.686456e+04
2.065380e-04  3.392644e+04
2.220000e-04  3.133680e+04
2.426610e-04  2.864129e+04
2.722701e-04  2.571540e+04
3.845918e-04  1.889727e+04
4.518559e-04  1.624937e+04
5.188000e-04  1.417161e+04
5.956621e-04  1.226405e+04
6.760830e-04  1.066331e+04
7.673615e-04  9.204939e+03
8.609938e-04  8.001123e+03
9.772372e-04  6.810994e+03
1.109175e-03  5.752040e+03
1.258925e-03  4.821598e+03
1.428894e-03  4.011064e+03
1.603245e-03  3.369987e+03
1.798871e-03  2.812410e+03
2.041738e-03  2.286849e+03
2.317395e-03  1.845391e+03
2.630268e-03  1.477956e+03
3.000000e-03  1.164414e+03
3.388442e-03  9.272375e+02
3.845918e-03  7.264967e+02
4.365158e-03  5.652107e+02
4.954502e-03  4.366557e+02
5.623413e-03  3.349839e+02
6.382635e-03  2.552084e+02
7.244360e-03  1.930902e+02
8.222426e-03  1.450776e+02
9.340000e-03  1.080438e+02
1.071519e-02  7.789984e+01
1.230269e-02  5.564250e+01
1.428894e-02  3.836033e+01
1.698244e-02  2.481597e+01
1.927525e-02  1.791236e+01
2.113489e-02  1.405237e+01
2.398833e-02  9.988664e+00
2.754229e-02  6.828571e+00
3.273407e-02  4.205541e+00
3.845918e-02  2.654068e+00
4.570882e-02  1.607630e+00
5.370318e-02  9.997775e-01
6.531306e-02  5.571521e-01
8.317638e-02  2.683420e-01
1.584893e-01  3.757906e-02
1.972423e-01  1.941366e-02
2.344229e-01  1.159923e-02
2.722701e-01  7.471716e-03
3.126079e-01  5.011875e-03
3.548134e-01  3.498520e-03
4.027170e-01  2.459614e-03
4.518559e-01  1.797778e-03
5.069907e-01  1.323722e-03
5.623413e-01  1.011954e-03
6.309573e-01  7.566084e-04
6.998420e-01  5.865035e-04
7.762471e-01  4.578910e-04
8.709636e-01  3.498534e-04
9.332543e-01  2.995200e-04
1.000000e+00  2.582000e-04
1.096478e+00  2.139426e-04
1.202264e+00  1.785777e-04
1.318257e+00  1.501309e-04
1.479108e+00  1.218527e-04
1.717908e+00  9.345866e-05
1.949845e+00  7.520842e-05
2.213095e+00  6.099225e-05
2.540973e+00  4.891501e-05
2.917427e+00  3.953214e-05
3.349654e+00  3.218200e-05
3.890451e+00  2.594349e-05
4.570882e+00  2.072486e-05
5.370318e+00  1.667819e-05
6.309573e+00  1.351727e-05
7.852356e+00  1.025724e-05
9.549926e+00  8.075881e-06
1.202264e+01  6.148660e-06
1.531087e+01  4.655751e-06
2.000000e+01  3.452500e-06
2.691535e+01  2.495727e-06
3.845918e+01  1.704421e-06
5.888437e+01  1.090858e-06
1.011579e+02  6.249282e-07
2.018366e+02  3.096734e-07
4.027170e+02  1.543539e-07
1.603245e+03  3.859869e-08
1.000000e+05  6.179600e-10
-1  -1
2.906000e-05  0.000000e+00
2.906000e-05  2.169432e+07
2.940000e-05  2.010404e+07
2.995000e-05  1.796476e+07
3.054921e-05  1.606405e+07
3.126079e-05  1.422717e+07
3.198895e-05  1.269417e+07
3.273407e-05  1.138859e+07
3.350000e-05  1.025692e+07
3.467369e-05  8.831687e+06
3.630781e-05  7.288373e+06
3.845918e-05  5.777188e+06
4.315191e-05  3.669160e+06
4.954502e-05  2.142320e+06
5.400000e-05  1.540916e+06
5.800000e-05  1.180148e+06
6.165950e-05  9.455745e+05
6.531306e-05  7.729652e+05
6.900000e-05  6.424200e+05
7.244360e-05  5.489178e+05
7.585776e-05  4.761546e+05
7.943282e-05  4.159174e+05
8.317638e-05  3.660295e+05
8.650000e-05  3.303720e+05
9.015711e-05  2.983909e+05
9.400000e-05  2.711272e+05
9.800000e-05  2.480636e+05
1.023293e-04  2.277746e+05
1.071519e-04  2.094924e+05
1.122018e-04  1.939829e+05
1.174898e-04  1.806911e+05
1.244515e-04  1.665393e+05
1.318257e-04  1.545359e+05
1.412538e-04  1.422986e+05
1.531087e-04  1.302521e+05
1.698244e-04  1.172590e+05
2.454709e-04  8.232983e+04
2.884032e-04  7.006532e+04
3.350000e-04  5.988840e+04
3.801894e-04  5.212019e+04
4.365158e-04  4.446804e+04
4.954502e-04  3.820107e+04
5.688529e-04  3.213314e+04
6.531306e-04  2.683391e+04
7.585776e-04  2.188022e+04
8.609938e-04  1.828382e+04
9.885530e-04  1.492139e+04
1.135011e-03  1.208170e+04
1.288250e-03  9.885974e+03
1.462177e-03  8.033770e+03
1.659587e-03  6.482449e+03
1.883649e-03  5.193853e+03
2.137962e-03  4.131875e+03
2.426610e-03  3.263670e+03
2.754229e-03  2.559731e+03
3.126079e-03  1.993505e+03
3.548134e-03  1.541669e+03
4.027170e-03  1.184036e+03
4.570882e-03  9.031954e+02
5.188000e-03  6.842463e+02
5.888437e-03  5.148112e+02
6.683439e-03  3.846518e+02
7.585776e-03  2.854548e+02
8.609938e-03  2.103118e+02
9.772372e-03  1.538284e+02
1.109175e-02  1.117202e+02
1.258925e-02  8.056211e+01
1.428894e-02  5.767981e+01
1.621810e-02  4.101225e+01
1.862087e-02  2.805345e+01
2.137962e-02  1.903983e+01
2.454709e-02  1.282472e+01
2.818383e-02  8.575606e+00
3.235937e-02  5.693742e+00
3.758374e-02  3.626012e+00
4.365158e-02  2.292141e+00
5.128614e-02  1.388281e+00
6.095369e-02  8.052401e-01
7.413102e-02  4.304561e-01
9.660509e-02  1.827806e-01
1.621810e-01  3.395291e-02
1.972423e-01  1.808767e-02
2.317395e-01  1.084257e-02
2.660725e-01  7.041077e-03
3.019952e-01  4.773204e-03
3.388442e-01  3.375260e-03
3.801894e-01  2.404313e-03
4.216965e-01  1.784215e-03
4.677351e-01  1.333622e-03
5.128614e-01  1.036297e-03
5.688529e-01  7.863186e-04
6.237348e-01  6.194245e-04
6.839117e-01  4.911316e-04
7.498942e-01  3.919907e-04
8.511380e-01  2.899760e-04
9.120108e-01  2.474116e-04
9.772372e-01  2.125534e-04
1.047129e+00  1.840261e-04
1.148154e+00  1.530094e-04
1.258925e+00  1.281728e-04
1.396368e+00  1.059063e-04
1.678804e+00  7.628292e-05
1.905461e+00  6.130206e-05
2.162719e+00  4.964473e-05
2.454709e+00  4.049136e-05
2.818383e+00  3.266357e-05
3.235937e+00  2.654399e-05
3.758374e+00  2.136242e-05
4.415704e+00  1.703789e-05
5.188000e+00  1.368970e-05
6.095369e+00  1.107802e-05
7.498942e+00  8.516406e-06
9.015711e+00  6.787413e-06
1.109175e+01  5.298337e-06
1.400000e+01  4.042200e-06
1.819701e+01  3.005715e-06
2.426610e+01  2.189367e-06
3.311311e+01  1.566497e-06
4.841724e+01  1.048796e-06
7.498942e+01  6.661044e-07
1.348963e+02  3.653339e-07
2.691535e+02  1.815539e-07
5.370318e+02  9.059957e-08
4.265795e+03  1.136133e-08
1.000000e+05  4.844600e-10
-1  -1
5.480000e-06  0.000000e+00
5.480000e-06  4.462480e+06
5.700000e-06  3.794740e+06
6.309573e-06  2.463001e+06
6.918310e-06  1.653831e+06
7.585776e-06  1.102474e+06
8.317638e-06  7.297546e+05
9.120108e-06  4.794061e+05
1.000000e-05  3.127500e+05
1.230269e-05  1.181820e+05
1.310000e-05  8.847220e+04
1.365000e-05  7.355620e+04
1.420000e-05  6.195260e+04
1.462177e-05  5.480619e+04
1.515000e-05  4.754760e+04
1.566751e-05  4.189044e+04
1.610000e-05  3.805420e+04
1.655900e-05  3.470025e+04
1.698244e-05  3.214771e+04
1.737801e-05  3.015468e+04
1.785000e-05  2.819020e+04
1.830000e-05  2.666660e+04
1.870000e-05  2.555160e+04
1.920700e-05  2.440762e+04
1.972423e-05  2.349739e+04
2.020000e-05  2.284760e+04
2.070000e-05  2.232360e+04
2.130000e-05  2.186900e+04
2.194700e-05  2.154761e+04
2.270000e-05  2.134120e+04
2.353000e-05  2.126631e+04
2.454709e-05  2.132354e+04
2.600160e-05  2.157307e+04
3.000000e-05  2.253680e+04
3.311311e-05  2.317331e+04
3.570000e-05  2.351380e+04
3.801894e-05  2.365960e+04
4.073803e-05  2.365146e+04
4.365158e-05  2.347179e+04
4.677351e-05  2.312571e+04
5.011872e-05  2.261023e+04
5.370318e-05  2.193713e+04
5.800000e-05  2.103580e+04
6.237348e-05  2.007738e+04
6.760830e-05  1.891903e+04
7.413102e-05  1.752489e+04
8.128305e-05  1.612521e+04
9.015711e-05  1.457897e+04
1.035142e-04  1.264754e+04
1.258925e-04  1.023241e+04
1.659587e-04  7.521394e+03
1.905461e-04  6.408554e+03
2.041738e-04  5.893038e+03
2.290868e-04  5.078886e+03
2.630268e-04  4.213062e+03
3.672823e-04  2.641423e+03
4.841724e-04  1.783665e+03
5.688529e-04  1.406503e+03
7.762471e-04  8.839094e+02
9.225714e-04  6.770781e+02
1.161449e-03  4.709231e+02
1.412538e-03  3.435005e+02
1.678804e-03  2.582751e+02
2.371374e-03  1.427419e+02
2.917427e-03  9.929202e+01
3.467369e-03  7.277011e+01
4.216965e-03  5.077212e+01
5.188000e-03  3.440718e+01
6.382635e-03  2.315123e+01
7.762471e-03  1.580581e+01
9.440609e-03  1.071024e+01
1.148154e-02  7.202177e+00
1.380384e-02  4.920806e+00
1.659587e-02  3.336389e+00
1.995262e-02  2.244312e+00
2.371374e-02  1.536331e+00
2.818383e-02  1.044066e+00
3.349654e-02  7.041401e-01
3.981072e-02  4.712585e-01
4.731513e-02  3.130235e-01
5.559043e-02  2.121474e-01
6.683439e-02  1.349401e-01
8.035261e-02  8.517611e-02
9.772372e-02  5.176658e-02
1.230269e-01  2.858275e-02
1.566751e-01  1.521557e-02
2.398833e-01  4.974585e-03
2.951209e-01  2.905877e-03
3.507519e-01  1.868675e-03
4.073803e-01  1.283875e-03
4.677351e-01  9.149871e-04
5.308844e-01  6.756801e-04
6.000000e-01  5.078300e-04
6.760830e-01  3.874652e-04
7.585776e-01  3.007392e-04
8.511380e-01  2.352052e-04
9.440609e-01  1.898365e-04
1.059254e+00  1.507973e-04
1.216186e+00  1.151688e-04
1.364583e+00  9.261246e-05
1.531087e+00  7.497729e-05
1.717908e+00  6.115029e-05
1.949845e+00  4.923525e-05
2.213095e+00  3.993031e-05
2.540973e+00  3.202350e-05
2.917427e+00  2.588084e-05
3.349654e+00  2.106914e-05
3.890451e+00  1.698504e-05
4.570882e+00  1.356824e-05
5.370318e+00  1.091871e-05
6.309573e+00  8.849393e-06
7.852356e+00  6.715160e-06
9.549926e+00  5.287151e-06
1.202264e+01  4.025434e-06
1.531087e+01  3.048037e-06
2.000000e+01  2.260300e-06
2.691535e+01  1.633877e-06
3.845918e+01  1.115884e-06
5.888437e+01  7.141763e-07
1.011579e+02  4.091341e-07
2.018366e+02  2.027370e-07
4.027170e+02  1.010487e-07
1.603245e+03  2.527000e-08
1.000000e+05  4.045700e-10
-1  -1
-2  0.0
-2  -2
