1.996500e-02  0.000000e+00
1.996500e-02  1.079190e+04
2.015000e-02  1.063013e+04
2.045000e-02  1.025820e+04
2.080000e-02  9.785800e+03
2.150000e-02  9.021300e+03
2.317395e-02  7.418305e+03
2.540973e-02  5.856898e+03
3.019952e-02  3.705216e+03
3.845918e-02  1.921104e+03
4.800000e-02  1.037792e+03
6.025596e-02  5.451295e+02
7.500000e-02  2.905580e+02
9.549926e-02  1.438760e+02
1.927525e-01  1.829759e+01
2.371374e-01  1.002122e+01
2.800000e-01  6.228140e+00
3.273407e-01  4.019416e+00
3.715352e-01  2.837747e+00
4.168694e-01  2.082202e+00
4.623810e-01  1.586090e+00
5.128614e-01  1.216442e+00
5.688529e-01  9.395400e-01
6.237348e-01  7.516253e-01
6.918310e-01  5.892170e-01
7.673615e-01  4.655863e-01
8.511380e-01  3.707360e-01
9.332543e-01  3.049442e-01
1.023293e+00  2.527509e-01
1.161449e+00  1.965170e-01
1.288250e+00  1.613971e-01
1.462177e+00  1.277270e-01
1.621810e+00  1.062407e-01
1.819701e+00  8.722065e-02
2.065380e+00  7.074051e-02
2.344229e+00  5.782066e-02
2.660725e+00  4.761175e-02
3.054921e+00  3.881079e-02
3.548134e+00  3.134259e-02
4.168694e+00  2.510160e-02
4.897788e+00  2.025307e-02
5.821032e+00  1.622132e-02
7.079458e+00  1.270787e-02
8.709636e+00  9.899949e-03
1.083927e+01  7.661789e-03
1.400000e+01  5.725100e-03
1.862087e+01  4.173947e-03
2.540973e+01  2.981989e-03
3.507519e+01  2.117916e-03
5.754399e+01  1.264446e-03
9.332543e+01  7.701771e-04
1.862087e+02  3.821667e-04
3.715352e+02  1.905286e-04
1.479108e+03  4.767982e-05
1.000000e+05  7.044400e-07
-1  -1
2.846500e-03  0.000000e+00
2.846500e-03  4.621278e+04
3.070000e-03  4.106420e+04
3.450000e-03  3.400140e+04
4.623810e-03  2.031494e+04
5.069907e-03  1.709456e+04
5.956621e-03  1.257436e+04
6.683439e-03  1.000084e+04
7.673615e-03  7.555264e+03
9.000000e-03  5.403040e+03
1.011579e-02  4.198665e+03
1.174898e-02  3.016466e+03
1.380384e-02  2.091886e+03
1.603245e-02  1.476238e+03
1.840772e-02  1.062560e+03
2.114100e-02  7.593068e+02
2.426610e-02  5.399215e+02
2.818383e-02  3.702918e+02
3.273407e-02  2.522141e+02
3.801894e-02  1.706628e+02
4.500000e-02  1.091020e+02
5.300000e-02  7.013840e+01
6.456542e-02  4.081546e+01
7.943282e-02  2.293837e+01
9.885531e-02  1.234332e+01
2.238721e-01  1.188344e+00
2.691535e-01  7.054483e-01
3.126079e-01  4.650028e-01
3.589219e-01  3.187404e-01
4.073803e-01  2.270790e-01
4.570882e-01  1.680116e-01
5.069907e-01  1.289376e-01
5.623413e-01  9.962723e-02
6.237348e-01  7.753480e-02
6.839117e-01  6.247134e-02
7.585776e-01  4.939636e-02
8.413951e-01  3.934639e-02
9.440609e-01  3.077957e-02
1.023293e+00  2.609963e-02
1.161449e+00  2.029757e-02
1.288250e+00  1.664569e-02
1.428894e+00  1.374633e-02
1.603245e+00  1.119576e-02
1.798871e+00  9.184176e-03
2.044000e+00  7.429709e-03
2.317395e+00  6.079369e-03
2.630268e+00  5.002533e-03
3.019952e+00  4.075065e-03
3.507519e+00  3.288875e-03
4.120975e+00  2.632557e-03
4.841724e+00  2.123044e-03
5.754399e+00  1.699526e-03
7.000000e+00  1.330400e-03
8.609938e+00  1.036291e-03
1.071519e+01  8.016905e-04
1.380384e+01  6.005783e-04
1.819701e+01  4.419739e-04
2.483133e+01  3.155822e-04
3.427678e+01  2.240434e-04
5.623413e+01  1.337063e-04
9.015711e+01  8.236944e-05
1.798871e+02  4.086099e-05
3.589219e+02  2.036768e-05
1.428894e+03  5.096264e-06
1.000000e+05  7.273400e-08
-1  -1
2.629500e-03  0.000000e+00
2.629500e-03  1.061309e+05
2.665000e-03  1.025268e+05
2.700000e-03  9.950800e+04
2.720000e-03  9.800000e+04
2.760000e-03  9.431000e+04
2.818383e-03  8.994200e+04
3.019952e-03  7.567300e+04
3.235937e-03  6.316100e+04
4.027170e-03  3.506200e+04
4.415704e-03  2.723800e+04
5.248075e-03  1.678100e+04
6.165950e-03  1.052600e+04
6.839116e-03  7.768200e+03
8.222426e-03  4.476600e+03
9.772372e-03  2.641100e+03
1.122018e-02  1.719300e+03
1.288250e-02  1.112900e+03
1.513561e-02  6.651100e+02
1.800000e-02  3.792300e+02
2.162719e-02  2.074000e+02
2.600160e-02  1.123100e+02
3.162278e-02  5.807900e+01
3.935501e-02  2.757300e+01
5.069907e-02  1.154100e+01
9.772372e-02  1.189944e+00
1.244515e-01  5.175772e-01
1.500000e-01  2.739471e-01
1.778279e-01  1.545281e-01
2.065380e-01  9.405971e-02
2.371374e-01  5.991647e-02
2.691535e-01  3.990881e-02
3.054921e-01  2.678469e-02
3.427678e-01  1.877689e-02
3.801894e-01  1.372884e-02
4.216965e-01  1.010484e-02
4.677351e-01  7.489639e-03
5.188000e-01  5.592267e-03
5.754399e-01  4.208099e-03
6.309573e-01  3.290926e-03
6.839117e-01  2.670372e-03
7.498942e-01  2.118485e-03
8.317638e-01  1.644694e-03
9.440609e-01  1.214822e-03
1.000000e+00  1.065800e-03
1.071519e+00  9.193847e-04
1.148154e+00  7.990932e-04
1.216186e+00  7.152299e-04
1.333521e+00  6.039735e-04
1.496236e+00  4.931684e-04
1.737801e+00  3.800036e-04
1.949845e+00  3.129657e-04
2.187762e+00  2.596164e-04
2.483133e+00  2.129334e-04
2.851018e+00  1.728929e-04
3.273407e+00  1.414207e-04
3.801894e+00  1.146091e-04
4.466836e+00  9.208349e-05
5.248075e+00  7.453408e-05
6.382635e+00  5.815430e-05
7.585776e+00  4.702670e-05
9.549926e+00  3.574253e-05
1.202264e+01  2.738298e-05
1.531087e+01  2.085281e-05
2.041738e+01  1.519663e-05
2.917427e+01  1.035672e-05
4.265795e+01  6.946353e-06
6.918310e+01  4.210017e-06
1.364583e+02  2.107185e-06
2.722701e+02  1.048798e-06
1.083927e+03  2.620418e-07
1.000000e+05  2.835600e-09
-1  -1
2.521000e-03  0.000000e+00
2.521000e-03  2.242799e+05
2.660725e-03  1.953194e+05
2.710000e-03  1.871712e+05
2.900000e-03  1.575008e+05
3.126079e-03  1.289151e+05
3.935501e-03  6.860442e+04
4.315191e-03  5.304092e+04
5.069907e-03  3.349665e+04
5.821032e-03  2.232630e+04
6.531306e-03  1.586567e+04
7.852356e-03  9.070766e+03
9.120108e-03  5.707210e+03
1.035142e-02  3.834013e+03
1.202264e-02  2.379323e+03
1.412538e-02  1.411838e+03
1.678804e-02  7.999486e+02
2.000000e-02  4.458040e+02
2.373000e-02  2.498287e+02
2.818383e-02  1.385290e+02
3.349654e-02  7.613162e+01
4.073803e-02  3.834639e+01
5.128614e-02  1.697267e+01
1.216186e-01  7.735921e-01
1.462177e-01  4.028971e-01
1.717908e-01  2.292382e-01
1.972423e-01  1.422550e-01
2.238721e-01  9.248756e-02
2.511886e-01  6.294947e-02
2.818383e-01  4.315806e-02
3.126079e-01  3.094536e-02
3.467369e-01  2.235502e-02
3.801894e-01  1.685788e-02
4.168694e-01  1.279927e-02
4.570882e-01  9.791171e-03
5.011872e-01  7.546268e-03
5.495409e-01  5.860120e-03
6.025596e-01  4.585651e-03
6.606935e-01  3.616510e-03
7.161434e-01  2.957341e-03
7.762471e-01  2.433247e-03
8.413951e-01  2.014691e-03
9.197300e-01  1.647874e-03
9.772372e-01  1.442936e-03
1.059254e+00  1.220634e-03
1.161449e+00  1.015493e-03
1.273503e+00  8.520811e-04
1.412538e+00  7.047384e-04
1.640590e+00  5.408426e-04
1.862087e+00  4.356868e-04
2.089296e+00  3.604445e-04
2.371374e+00  2.948220e-04
2.691535e+00  2.429081e-04
3.090295e+00  1.981088e-04
3.589219e+00  1.600787e-04
4.216965e+00  1.282752e-04
4.954502e+00  1.035575e-04
5.956621e+00  8.178440e-05
7.161434e+00  6.503715e-05
8.810489e+00  5.068933e-05
1.100000e+01  3.910000e-05
1.412538e+01  2.942034e-05
1.883649e+01  2.139428e-05
2.570396e+01  1.528921e-05
3.548134e+01  1.086146e-05
5.821032e+01  6.485671e-06
9.549926e+01  3.905034e-06
1.905461e+02  1.938090e-06
3.801894e+02  9.663127e-07
3.019952e+03  1.211637e-07
1.000000e+05  3.656400e-09
-1  -1
4.940900e-04  0.000000e+00
4.940900e-04  1.427038e+05
5.650000e-04  1.236956e+05
6.918310e-04  9.808422e+04
7.413102e-04  8.965511e+04
8.609938e-04  7.353174e+04
9.332543e-04  6.559244e+04
1.110000e-03  5.072520e+04
1.230269e-03  4.323364e+04
1.450000e-03  3.320300e+04
1.678804e-03  2.599274e+04
1.905461e-03  2.091813e+04
2.238721e-03  1.573771e+04
2.660725e-03  1.149599e+04
3.126079e-03  8.504609e+03
3.672823e-03  6.245011e+03
4.315191e-03  4.551048e+03
5.069907e-03  3.291709e+03
6.000000e-03  2.327180e+03
7.079458e-03  1.641810e+03
8.317638e-03  1.159698e+03
9.800000e-03  8.079300e+02
1.150000e-02  5.635520e+02
1.348963e-02  3.905266e+02
1.584893e-02  2.675342e+02
1.862087e-02  1.818313e+02
2.187762e-02  1.226124e+02
2.570396e-02  8.204257e+01
3.019952e-02  5.448467e+01
3.548134e-02  3.591773e+01
4.216965e-02  2.280464e+01
5.011872e-02  1.436803e+01
6.025596e-02  8.713366e+00
7.328245e-02  5.074017e+00
9.120108e-02  2.749522e+00
1.096478e-01  1.631134e+00
2.187762e-01  2.261443e-01
2.630268e-01  1.342424e-01
3.090295e-01  8.565932e-02
3.548134e-01  5.869010e-02
4.027170e-01  4.179713e-02
4.518559e-01  3.091490e-02
5.069907e-01  2.303791e-02
5.623413e-01  1.780667e-02
6.237348e-01  1.386257e-02
6.918310e-01  1.087465e-02
7.673615e-01  8.596457e-03
8.511380e-01  6.845567e-03
9.332543e-01  5.630113e-03
1.022000e+00  4.678016e-03
1.161449e+00  3.627778e-03
1.288250e+00  2.979465e-03
1.462177e+00  2.358007e-03
1.621810e+00  1.961353e-03
1.819701e+00  1.610195e-03
2.065380e+00  1.305956e-03
2.344229e+00  1.067441e-03
2.660725e+00  8.789402e-04
3.054921e+00  7.164272e-04
3.548134e+00  5.785625e-04
4.168694e+00  4.633617e-04
4.897788e+00  3.738706e-04
5.821032e+00  2.994405e-04
7.079458e+00  2.345815e-04
8.709636e+00  1.827466e-04
1.083927e+01  1.414318e-04
1.396368e+01  1.059887e-04
1.862087e+01  7.704849e-05
2.540973e+01  5.504634e-05
3.507519e+01  3.909550e-05
5.754399e+01  2.334159e-05
9.332543e+01  1.421694e-05
1.862087e+02  7.054640e-06
3.715352e+02  3.517056e-06
2.951209e+03  4.409469e-07
1.000000e+05  1.300300e-08
-1  -1
4.096400e-04  0.000000e+00
4.096400e-04  1.390998e+05
4.102000e-04  1.437450e+05
4.108000e-04  1.479604e+05
4.117000e-04  1.530998e+05
4.128000e-04  1.580638e+05
4.139000e-04  1.622106e+05
4.150000e-04  1.656894e+05
4.168694e-04  1.706829e+05
4.190000e-04  1.753032e+05
4.215000e-04  1.794616e+05
4.240000e-04  1.824898e+05
4.270000e-04  1.848756e+05
4.300000e-04  1.861338e+05
4.340000e-04  1.865390e+05
4.450000e-04  1.846184e+05
5.039700e-04  1.742898e+05
5.432503e-04  1.662276e+05
5.754399e-04  1.596833e+05
6.100000e-04  1.520655e+05
6.531306e-04  1.424695e+05
7.079458e-04  1.309011e+05
7.500000e-04  1.223946e+05
8.035261e-04  1.120940e+05
8.810489e-04  9.894706e+04
9.500000e-04  8.872200e+04
1.035142e-03  7.767445e+04
1.135011e-03  6.690103e+04
1.230269e-03  5.832558e+04
1.364583e-03  4.849190e+04
1.500000e-03  4.069960e+04
1.659587e-03  3.347266e+04
1.840772e-03  2.720927e+04
2.041738e-03  2.194099e+04
2.264644e-03  1.757577e+04
2.540973e-03  1.362133e+04
2.818383e-03  1.075440e+04
3.162278e-03  8.211522e+03
3.548134e-03  6.221339e+03
3.981072e-03  4.679148e+03
4.466836e-03  3.494675e+03
5.011872e-03  2.592023e+03
5.688529e-03  1.851360e+03
6.500000e-03  1.288062e+03
7.413102e-03  8.934970e+02
8.413951e-03  6.235659e+02
9.549926e-03  4.322390e+02
1.083927e-02  2.976634e+02
1.244515e-02  1.967111e+02
1.428894e-02  1.290345e+02
1.659587e-02  8.107646e+01
1.927525e-02  5.055635e+01
2.238721e-02  3.129542e+01
2.630268e-02  1.853294e+01
3.126079e-02  1.049264e+01
3.758374e-02  5.676997e+00
4.623810e-02  2.822254e+00
6.000000e-02  1.162066e+00
1.188502e-01  1.117843e-01
1.445440e-01  5.754005e-02
1.717908e-01  3.226098e-02
2.018366e-01  1.894201e-02
2.317395e-01  1.207807e-02
2.630268e-01  8.047887e-03
2.985383e-01  5.401195e-03
3.349654e-01  3.785329e-03
3.758374e-01  2.672600e-03
4.168694e-01  1.967446e-03
4.623810e-01  1.458605e-03
5.128614e-01  1.089337e-03
5.688529e-01  8.198315e-04
6.309573e-01  6.218184e-04
6.918310e-01  4.896115e-04
7.585776e-01  3.880432e-04
8.609938e-01  2.840507e-04
9.225714e-01  2.411823e-04
9.772372e-01  2.117143e-04
1.047129e+00  1.825550e-04
1.122018e+00  1.584654e-04
1.202264e+00  1.385189e-04
1.333521e+00  1.143917e-04
1.513561e+00  9.128596e-05
1.737801e+00  7.176596e-05
1.949845e+00  5.911925e-05
2.187762e+00  4.903839e-05
2.483133e+00  4.021987e-05
2.851018e+00  3.265838e-05
3.311311e+00  2.627833e-05
3.845918e+00  2.130818e-05
4.518559e+00  1.712967e-05
5.308844e+00  1.387243e-05
6.456542e+00  1.082852e-05
7.762471e+00  8.639665e-06
9.772372e+00  6.571841e-06
1.230269e+01  5.038672e-06
1.584893e+01  3.790686e-06
2.113489e+01  2.765026e-06
3.054921e+01  1.863137e-06
4.677351e+01  1.192144e-06
7.413102e+01  7.408686e-07
1.479108e+02  3.668254e-07
2.951209e+02  1.826803e-07
1.174898e+03  4.565959e-08
1.000000e+05  5.356500e-10
-1  -1
3.916300e-04  0.000000e+00
3.916300e-04  3.871766e+05
4.000000e-04  4.032113e+05
4.100000e-04  4.149808e+05
4.216965e-04  4.215672e+05
4.350000e-04  4.241089e+05
4.518559e-04  4.188942e+05
4.850000e-04  4.005680e+05
5.248075e-04  3.764612e+05
5.559043e-04  3.587090e+05
5.956621e-04  3.354179e+05
6.350000e-04  3.132208e+05
6.850000e-04  2.869844e+05
7.300000e-04  2.648088e+05
7.943282e-04  2.358055e+05
8.709636e-04  2.063326e+05
9.332543e-04  1.855069e+05
1.023293e-03  1.596454e+05
1.122018e-03  1.365324e+05
1.216186e-03  1.183196e+05
1.355400e-03  9.682242e+04
1.496236e-03  8.004340e+04
1.659587e-03  6.507375e+04
1.840772e-03  5.251830e+04
2.041738e-03  4.208540e+04
2.264644e-03  3.348993e+04
2.511886e-03  2.647422e+04
2.818383e-03  2.023467e+04
3.162278e-03  1.534617e+04
3.548134e-03  1.155287e+04
4.000000e-03  8.530520e+03
4.518559e-03  6.216978e+03
5.128614e-03  4.438441e+03
5.821032e-03  3.143254e+03
6.606934e-03  2.208460e+03
7.500000e-03  1.539392e+03
8.511380e-03  1.066049e+03
9.660509e-03  7.328631e+02
1.096478e-02  5.004714e+02
1.258925e-02  3.275494e+02
1.445440e-02  2.128115e+02
1.659587e-02  1.372545e+02
1.927525e-02  8.467383e+01
2.238721e-02  5.182883e+01
2.630268e-02  3.030389e+01
3.090295e-02  1.758521e+01
3.672823e-02  9.742266e+00
4.415704e-02  5.149491e+00
5.432503e-02  2.493774e+00
7.079458e-02  9.786802e-01
1.230269e-01  1.378259e-01
1.513561e-01  6.652200e-02
1.778279e-01  3.796853e-02
2.041738e-01  2.364090e-02
2.317395e-01  1.542482e-02
2.600160e-01  1.053568e-02
2.884032e-01  7.524110e-03
3.198895e-01  5.409846e-03
3.548134e-01  3.918628e-03
3.890451e-01  2.961935e-03
4.265795e-01  2.254516e-03
4.677351e-01  1.728397e-03
5.128614e-01  1.334776e-03
5.623413e-01  1.038618e-03
6.095369e-01  8.394141e-04
6.606935e-01  6.829412e-04
7.161434e-01  5.590946e-04
7.852356e-01  4.481196e-04
8.609938e-01  3.611923e-04
9.225714e-01  3.090999e-04
9.885531e-01  2.662743e-04
1.083927e+00  2.203508e-04
1.174898e+00  1.878286e-04
1.288250e+00  1.577536e-04
1.428894e+00  1.305660e-04
1.640590e+00  1.022920e-04
1.862087e+00  8.240395e-05
2.089296e+00  6.816953e-05
2.371374e+00  5.575682e-05
2.691535e+00  4.593939e-05
3.090295e+00  3.746791e-05
3.589219e+00  3.027575e-05
4.216965e+00  2.426053e-05
4.954502e+00  1.958516e-05
5.888437e+00  1.569411e-05
7.079458e+00  1.247519e-05
8.709636e+00  9.718813e-06
1.083927e+01  7.521428e-06
1.400000e+01  5.620200e-06
1.862087e+01  4.097469e-06
2.540973e+01  2.927381e-06
3.507519e+01  2.079157e-06
5.754399e+01  1.241269e-06
9.332543e+01  7.560693e-07
1.862087e+02  3.751694e-07
3.715352e+02  1.870386e-07
2.951209e+03  2.344965e-08
1.000000e+05  6.915300e-10
-1  -1
2.404500e-04  0.000000e+00
2.404500e-04  1.003000e+05
2.412000e-04  1.000368e+05
2.423000e-04  1.003712e+05
2.432000e-04  1.013828e+05
2.440000e-04  1.029748e+05
2.447000e-04  1.050688e+05
2.452600e-04  1.072958e+05
2.460000e-04  1.110836e+05
2.467000e-04  1.156920e+05
2.472000e-04  1.196792e+05
2.477000e-04  1.243116e+05
2.483133e-04  1.309546e+05
2.490000e-04  1.397880e+05
2.497000e-04  1.504524e+05
2.505000e-04  1.649032e+05
2.512000e-04  1.796744e+05
2.520000e-04  1.991544e+05
2.531000e-04  2.307088e+05
2.555000e-04  3.190216e+05
2.565000e-04  3.631916e+05
2.575000e-04  4.110080e+05
2.585000e-04  4.617840e+05
2.593000e-04  5.040480e+05
2.600160e-04  5.427191e+05
2.610000e-04  5.966640e+05
2.620000e-04  6.516760e+05
2.630268e-04  7.078449e+05
2.641000e-04  7.654600e+05
2.652000e-04  8.230640e+05
2.660725e-04  8.673803e+05
2.670000e-04  9.131240e+05
2.680000e-04  9.607280e+05
2.695000e-04  1.028724e+06
2.710000e-04  1.092956e+06
2.725000e-04  1.153272e+06
2.740000e-04  1.210216e+06
2.760000e-04  1.280744e+06
2.780000e-04  1.345696e+06
2.800000e-04  1.404776e+06
2.820000e-04  1.458484e+06
2.843000e-04  1.513168e+06
2.870000e-04  1.568212e+06
2.900000e-04  1.618460e+06
2.930000e-04  1.657528e+06
2.962700e-04  1.689200e+06
3.000000e-04  1.713848e+06
3.030000e-04  1.726732e+06
3.080000e-04  1.737612e+06
3.150000e-04  1.739720e+06
3.240000e-04  1.729456e+06
3.350000e-04  1.705604e+06
3.467369e-04  1.667066e+06
3.550000e-04  1.632612e+06
3.672823e-04  1.573389e+06
3.801894e-04  1.506145e+06
4.027170e-04  1.389143e+06
4.216965e-04  1.294137e+06
4.415704e-04  1.197654e+06
4.623810e-04  1.101224e+06
4.954502e-04  9.624229e+05
5.248075e-04  8.551312e+05
5.559043e-04  7.548117e+05
6.000000e-04  6.341000e+05
6.531306e-04  5.184479e+05
7.000000e-04  4.368840e+05
7.673615e-04  3.455087e+05
8.413951e-04  2.712993e+05
9.225714e-04  2.113839e+05
1.023293e-03  1.586058e+05
1.135011e-03  1.180241e+05
1.258925e-03  8.724747e+04
1.412538e-03  6.181433e+04
1.566751e-03  4.501120e+04
1.757924e-03  3.139795e+04
1.972423e-03  2.172625e+04
2.187762e-03  1.550079e+04
2.454709e-03  1.058115e+04
2.800000e-03  6.780120e+03
3.198895e-03  4.282134e+03
3.650000e-03  2.692172e+03
4.168694e-03  1.671848e+03
4.677351e-03  1.098537e+03
5.300000e-03  6.914200e+02
6.000000e-03  4.335720e+02
6.839116e-03  2.631200e+02
7.943282e-03  1.473163e+02
9.120108e-03  8.560725e+01
1.047129e-02  4.937105e+01
1.202264e-02  2.827031e+01
1.396368e-02  1.533631e+01
1.621810e-02  8.257569e+00
1.927525e-02  4.009108e+00
2.317395e-02  1.840128e+00
2.884032e-02  7.238386e-01
3.845918e-02  2.102230e-01
7.000000e-02  1.585021e-02
8.609938e-02  6.530235e-03
1.035142e-01  2.988004e-03
1.216186e-01  1.518159e-03
1.412538e-01  8.156067e-04
1.621810e-01  4.629261e-04
1.840772e-01  2.774142e-04
2.065380e-01  1.753794e-04
2.317395e-01  1.117025e-04
2.570396e-01  7.493660e-05
2.851018e-01  5.062131e-05
3.126079e-01  3.594396e-05
3.467369e-01  2.463487e-05
3.801894e-01  1.772689e-05
4.120975e-01  1.336709e-05
4.570882e-01  9.371272e-06
5.188000e-01  6.128132e-06
5.623413e-01  4.700865e-06
6.025596e-01  3.766751e-06
6.456542e-01  3.049762e-06
6.998420e-01  2.401343e-06
8.035261e-01  1.612464e-06
8.609938e-01  1.309677e-06
9.120108e-01  1.109032e-06
9.549926e-01  9.775378e-07
9.885531e-01  8.937307e-07
1.023293e+00  8.212342e-07
1.071519e+00  7.389079e-07
1.122018e+00  6.697333e-07
1.174898e+00  6.110442e-07
1.244515e+00  5.493230e-07
1.348963e+00  4.772988e-07
1.513561e+00  3.938592e-07
1.840772e+00  2.809170e-07
2.044000e+00  2.359900e-07
2.317395e+00  1.931071e-07
2.630268e+00  1.588978e-07
3.019952e+00  1.294313e-07
3.507519e+00  1.044628e-07
4.120975e+00  8.361711e-08
4.841724e+00  6.743167e-08
5.754399e+00  5.397972e-08
7.000000e+00  4.225600e-08
8.609938e+00  3.291474e-08
1.071519e+01  2.546334e-08
1.380384e+01  1.907606e-08
1.819701e+01  1.403839e-08
2.454709e+01  1.014855e-08
3.388442e+01  7.202654e-09
5.495409e+01  4.349322e-09
8.810489e+01  2.678381e-09
1.757924e+02  1.328439e-09
3.507519e+02  6.621030e-10
1.396368e+03  1.656480e-10
1.000000e+05  2.310200e-12
-1  -1
2.370000e-04  0.000000e+00
2.370000e-04  1.443864e+05
2.377000e-04  1.445706e+05
2.388000e-04  1.457718e+05
2.397000e-04  1.477686e+05
2.405500e-04  1.507873e+05
2.412000e-04  1.540242e+05
2.418000e-04  1.578774e+05
2.425000e-04  1.635864e+05
2.431000e-04  1.696710e+05
2.437000e-04  1.770006e+05
2.444000e-04  1.873284e+05
2.451000e-04  1.998054e+05
2.457000e-04  2.123964e+05
2.463000e-04  2.269086e+05
2.470000e-04  2.464650e+05
2.477000e-04  2.690586e+05
2.488000e-04  3.111504e+05
2.519000e-04  4.757388e+05
2.530000e-04  5.497734e+05
2.540973e-04  6.304031e+05
2.550000e-04  7.008480e+05
2.558000e-04  7.656240e+05
2.565000e-04  8.235900e+05
2.573000e-04  8.907540e+05
2.582000e-04  9.667740e+05
2.590000e-04  1.034184e+06
2.600160e-04  1.118848e+06
2.612000e-04  1.215300e+06
2.623000e-04  1.302120e+06
2.635000e-04  1.393308e+06
2.645000e-04  1.466316e+06
2.660000e-04  1.570686e+06
2.670000e-04  1.636890e+06
2.685000e-04  1.731342e+06
2.700000e-04  1.820214e+06
2.720000e-04  1.930506e+06
2.740000e-04  2.031822e+06
2.760000e-04  2.124420e+06
2.780700e-04  2.211180e+06
2.800000e-04  2.283834e+06
2.827000e-04  2.372274e+06
2.851018e-04  2.438378e+06
2.880000e-04  2.503314e+06
2.910000e-04  2.554980e+06
2.940000e-04  2.592942e+06
2.985383e-04  2.629450e+06
3.030000e-04  2.647212e+06
3.100000e-04  2.652462e+06
3.198895e-04  2.635066e+06
3.311311e-04  2.595586e+06
3.390000e-04  2.557014e+06
3.500000e-04  2.488674e+06
3.600000e-04  2.415120e+06
3.715352e-04  2.322990e+06
3.890451e-04  2.180558e+06
4.100000e-04  2.015808e+06
4.280000e-04  1.879362e+06
4.500000e-04  1.718916e+06
4.731513e-04  1.561603e+06
5.069907e-04  1.358176e+06
5.400000e-04  1.187544e+06
5.754399e-04  1.029435e+06
6.237348e-04  8.516777e+05
6.760830e-04  6.998631e+05
7.328245e-04  5.706880e+05
8.035261e-04  4.487837e+05
8.810489e-04  3.504806e+05
9.772372e-04  2.633271e+05
1.083927e-03  1.963485e+05
1.202264e-03  1.453334e+05
1.333521e-03  1.068002e+05
1.479108e-03  7.793139e+04
1.659587e-03  5.447966e+04
1.862087e-03  3.777457e+04
2.070000e-03  2.679498e+04
2.317395e-03  1.845375e+04
2.630268e-03  1.204620e+04
3.000000e-03  7.666200e+03
3.427678e-03  4.805168e+03
3.900000e-03  3.029688e+03
4.415704e-03  1.928350e+03
4.954502e-03  1.259777e+03
5.559043e-03  8.178559e+02
6.237348e-03  5.276681e+02
7.110160e-03  3.183732e+02
8.035261e-03  1.973184e+02
9.225714e-03  1.140880e+02
1.059254e-02  6.549039e+01
1.216186e-02  3.731214e+01
1.396368e-02  2.110792e+01
1.603245e-02  1.185967e+01
1.883649e-02  6.006004e+00
2.238721e-02  2.874552e+00
2.722701e-02  1.237126e+00
3.507519e-02  4.118168e-01
7.244360e-02  1.725959e-02
8.912509e-02  7.015625e-03
1.122019e-01  2.602313e-03
1.288250e-01  1.445323e-03
1.462177e-01  8.491916e-04
1.640590e-01  5.275242e-04
1.819701e-01  3.459544e-04
2.018366e-01  2.284337e-04
2.238721e-01  1.519768e-04
2.454709e-01  1.064933e-04
2.710800e-01  7.312960e-05
2.985383e-01  5.113572e-05
3.273407e-01  3.659881e-05
3.548134e-01  2.748462e-05
3.845918e-01  2.077370e-05
4.168694e-01  1.580720e-05
4.466836e-01  1.258159e-05
4.786301e-01  1.007808e-05
5.069907e-01  8.425977e-06
5.495409e-01  6.624331e-06
6.531306e-01  4.016451e-06
7.079458e-01  3.200588e-06
7.585776e-01  2.652863e-06
8.128305e-01  2.215406e-06
8.609938e-01  1.917341e-06
9.120108e-01  1.669099e-06
9.660509e-01  1.462391e-06
1.023293e+00  1.290324e-06
1.096478e+00  1.117794e-06
1.174898e+00  9.747328e-07
1.273503e+00  8.379704e-07
1.428894e+00  6.803759e-07
1.678804e+00  5.127216e-07
1.905461e+00  4.135256e-07
2.137962e+00  3.425272e-07
2.426610e+00  2.805479e-07
2.754229e+00  2.314436e-07
3.162278e+00  1.889902e-07
3.672823e+00  1.528930e-07
4.315191e+00  1.226474e-07
5.069907e+00  9.911540e-08
6.095369e+00  7.835297e-08
7.328245e+00  6.236587e-08
9.120108e+00  4.799038e-08
1.135011e+01  3.719663e-08
1.445440e+01  2.827785e-08
1.905461e+01  2.083629e-08
2.600160e+01  1.489402e-08
3.589219e+01  1.058286e-08
5.956621e+01  6.246034e-09
9.772372e+01  3.762180e-09
1.949845e+02  1.867479e-09
3.890451e+02  9.312190e-10
3.090295e+03  1.167730e-10
1.000000e+05  3.606100e-12
-1  -1
6.963000e-05  0.000000e+00
6.963000e-05  1.696778e+05
7.150000e-05  1.758304e+05
7.328245e-05  1.804736e+05
7.585776e-05  1.856067e+05
7.900000e-05  1.900544e+05
8.317638e-05  1.941373e+05
8.810489e-05  1.972545e+05
9.440609e-05  1.995445e+05
1.011579e-04  2.004047e+05
1.080000e-04  1.996922e+05
1.135011e-04  1.980094e+05
1.202264e-04  1.946962e+05
1.273503e-04  1.899339e+05
1.350000e-04  1.837992e+05
1.430000e-04  1.767262e+05
1.540000e-04  1.666642e+05
1.678804e-04  1.544013e+05
1.850000e-04  1.406356e+05
2.018366e-04  1.285308e+05
2.187762e-04  1.175561e+05
2.400000e-04  1.052974e+05
2.660725e-04  9.240920e+04
3.019952e-04  7.815759e+04
3.388442e-04  6.667724e+04
3.801894e-04  5.647573e+04
4.500000e-04  4.389000e+04
5.188000e-04  3.522631e+04
6.309573e-04  2.577868e+04
7.500000e-04  1.942162e+04
9.120108e-04  1.400187e+04
1.135011e-03  9.632837e+03
1.400000e-03  6.677240e+03
1.698244e-03  4.729991e+03
2.041738e-03  3.379284e+03
2.426610e-03  2.447711e+03
2.917427e-03  1.721797e+03
3.507519e-03  1.201557e+03
4.216965e-03  8.319532e+02
5.011872e-03  5.852106e+02
5.956621e-03  4.086134e+02
7.079458e-03  2.831260e+02
8.317638e-03  1.995467e+02
9.772372e-03  1.396297e+02
1.216186e-02  8.523676e+01
1.428894e-02  5.881867e+01
1.678804e-02  4.027800e+01
1.949845e-02  2.812675e+01
2.264644e-02  1.949186e+01
2.540973e-02  1.461715e+01
2.951209e-02  9.970731e+00
3.481550e-02  6.481824e+00
4.415704e-02  3.452722e+00
5.308844e-02  2.104865e+00
6.309573e-02  1.314277e+00
7.673615e-02  7.641220e-01
9.549926e-02  4.134985e-01
1.202264e-01  2.148067e-01
2.137962e-01  4.139436e-02
2.600160e-01  2.378119e-02
3.054921e-01  1.517138e-02
3.507519e-01  1.038928e-02
4.000000e-01  7.301600e-03
4.518559e-01  5.304757e-03
5.069907e-01  3.953274e-03
5.623413e-01  3.055670e-03
6.237348e-01  2.378906e-03
6.918310e-01  1.866210e-03
7.673615e-01  1.475275e-03
8.511380e-01  1.174814e-03
9.332543e-01  9.662106e-04
1.023293e+00  8.007348e-04
1.161449e+00  6.225328e-04
1.288250e+00  5.112855e-04
1.462177e+00  4.046411e-04
1.621810e+00  3.365598e-04
1.819701e+00  2.762879e-04
2.065380e+00  2.240866e-04
2.344229e+00  1.831610e-04
2.660725e+00  1.508131e-04
3.054921e+00  1.229252e-04
3.548134e+00  9.927076e-05
4.168694e+00  7.950462e-05
4.897788e+00  6.414939e-05
5.821032e+00  5.137802e-05
7.079458e+00  4.024914e-05
8.709636e+00  3.135616e-05
1.083927e+01  2.426747e-05
1.400000e+01  1.813300e-05
1.862087e+01  1.321985e-05
2.570396e+01  9.329332e-06
3.548134e+01  6.627404e-06
5.888437e+01  3.910797e-06
9.660509e+01  2.355113e-06
1.927525e+02  1.168965e-06
3.845918e+02  5.828640e-07
3.054921e+03  7.308911e-08
1.000000e+05  2.231200e-09
-1  -1
4.507000e-05  0.000000e+00
4.507000e-05  2.032160e+06
4.540000e-05  2.011600e+06
4.610000e-05  1.952406e+06
4.680000e-05  1.880842e+06
4.786301e-05  1.762156e+06
4.900000e-05  1.632474e+06
5.011872e-05  1.508849e+06
5.188000e-05  1.328259e+06
5.400000e-05  1.136026e+06
5.650000e-05  9.446940e+05
6.000000e-05  7.330280e+05
6.683439e-05  4.617646e+05
7.000000e-05  3.810020e+05
7.244360e-05  3.322422e+05
7.500000e-05  2.911780e+05
7.762471e-05  2.574334e+05
8.000000e-05  2.327380e+05
8.230000e-05  2.130520e+05
8.413951e-05  1.997682e+05
8.650000e-05  1.853616e+05
8.912509e-05  1.722004e+05
9.150000e-05  1.623938e+05
9.440609e-05  1.525682e+05
9.740000e-05  1.444406e+05
1.000000e-04  1.386886e+05
1.035142e-04  1.324337e+05
1.071519e-04  1.273917e+05
1.109175e-04  1.233374e+05
1.150000e-04  1.199464e+05
1.205000e-04  1.165610e+05
1.273503e-04  1.135770e+05
1.380384e-04  1.103219e+05
1.621810e-04  1.046363e+05
1.778279e-04  1.008845e+05
1.927525e-04  9.709569e+04
2.089296e-04  9.282667e+04
2.264644e-04  8.807460e+04
2.454709e-04  8.295460e+04
2.660725e-04  7.759957e+04
2.917427e-04  7.137986e+04
3.198895e-04  6.516882e+04
3.507519e-04  5.903118e+04
3.850000e-04  5.300040e+04
4.265795e-04  4.673863e+04
4.731513e-04  4.086262e+04
5.188000e-04  3.601955e+04
5.821032e-04  3.053575e+04
6.500000e-04  2.588280e+04
7.328245e-04  2.144496e+04
8.317638e-04  1.744241e+04
9.332543e-04  1.434682e+04
1.050000e-03  1.166606e+04
1.174898e-03  9.513391e+03
1.318257e-03  7.668154e+03
1.479108e-03  6.137007e+03
1.659587e-03  4.875161e+03
1.862087e-03  3.844571e+03
2.089296e-03  3.009439e+03
2.344229e-03  2.338215e+03
2.630268e-03  1.803656e+03
2.951209e-03  1.381502e+03
3.311311e-03  1.050818e+03
3.715352e-03  7.938827e+02
4.216965e-03  5.787511e+02
4.786301e-03  4.186285e+02
5.432503e-03  3.004914e+02
6.165950e-03  2.140640e+02
7.000000e-03  1.512584e+02
8.000000e-03  1.041000e+02
9.120108e-03  7.160778e+01
1.216186e-02  3.113328e+01
1.364583e-02  2.216815e+01
1.500000e-02  1.665670e+01
1.640590e-02  1.261533e+01
1.778279e-02  9.754327e+00
1.862087e-02  8.388656e+00
1.949845e-02  7.175928e+00
2.018366e-02  6.410858e+00
2.113489e-02  5.562322e+00
2.238721e-02  4.694339e+00
2.454709e-02  3.524797e+00
2.691535e-02  2.627154e+00
2.985383e-02  1.872940e+00
3.349654e-02  1.275574e+00
3.801894e-02  8.294365e-01
4.466836e-02  4.755839e-01
5.069907e-02  3.064112e-01
1.188502e-01  1.666711e-02
1.462177e-01  8.260506e-03
1.737801e-01  4.632440e-03
2.018366e-01  2.824780e-03
2.317395e-01  1.801379e-03
2.630268e-01  1.200601e-03
2.985383e-01  8.059987e-04
3.349654e-01  5.649656e-04
3.758374e-01  3.989400e-04
4.168694e-01  2.937078e-04
4.623810e-01  2.177533e-04
5.128614e-01  1.625983e-04
5.688529e-01  1.223199e-04
6.237348e-01  9.561691e-05
6.839117e-01  7.524108e-05
7.498942e-01  5.959779e-05
8.609938e-01  4.238795e-05
9.225714e-01  3.598303e-05
9.772372e-01  3.158199e-05
1.047129e+00  2.722933e-05
1.122018e+00  2.363322e-05
1.202264e+00  2.065772e-05
1.333521e+00  1.706158e-05
1.513561e+00  1.361630e-05
1.737801e+00  1.070450e-05
1.949845e+00  8.818073e-06
2.187762e+00  7.314679e-06
2.483133e+00  5.999304e-06
2.851018e+00  4.871280e-06
3.311311e+00  3.919577e-06
3.845918e+00  3.178235e-06
4.518559e+00  2.554988e-06
5.308844e+00  2.069164e-06
6.456542e+00  1.615171e-06
7.762471e+00  1.288705e-06
9.772372e+00  9.802447e-07
1.244515e+01  7.417622e-07
1.603245e+01  5.582444e-07
2.137962e+01  4.073068e-07
3.090295e+01  2.745277e-07
4.786301e+01  1.736018e-07
7.498942e+01  1.092135e-07
1.496236e+02  5.408048e-08
2.985383e+02  2.693410e-08
1.188502e+03  6.732410e-09
1.000000e+05  7.989700e-11
-1  -1
4.246000e-05  0.000000e+00
4.246000e-05  4.251880e+06
4.300000e-05  4.144600e+06
4.365158e-05  3.991252e+06
4.450000e-05  3.772144e+06
4.550000e-05  3.507732e+06
4.677351e-05  3.181753e+06
4.850000e-05  2.776944e+06
5.069907e-05  2.331675e+06
5.370318e-05  1.842134e+06
6.095369e-05  1.084681e+06
6.400000e-05  8.903400e+05
6.650000e-05  7.677200e+05
6.850000e-05  6.884760e+05
7.079458e-05  6.141451e+05
7.300000e-05  5.562160e+05
7.500000e-05  5.129240e+05
7.730000e-05  4.719080e+05
7.943282e-05  4.406615e+05
8.150000e-05  4.154200e+05
8.413951e-05  3.890046e+05
8.650000e-05  3.698028e+05
8.912509e-05  3.523257e+05
9.225714e-05  3.356602e+05
9.549926e-05  3.220913e+05
9.900000e-05  3.106056e+05
1.023293e-04  3.019808e+05
1.071519e-04  2.923806e+05
1.122018e-04  2.848863e+05
1.202264e-04  2.762133e+05
1.479108e-04  2.555716e+05
1.621810e-04  2.452801e+05
1.778279e-04  2.336582e+05
1.927525e-04  2.224441e+05
2.089296e-04  2.103060e+05
2.264644e-04  1.974282e+05
2.454709e-04  1.840228e+05
2.691535e-04  1.685521e+05
2.951209e-04  1.532991e+05
3.235937e-04  1.384713e+05
3.548134e-04  1.241451e+05
3.935501e-04  1.089423e+05
4.415704e-04  9.346009e+04
4.897788e-04  8.080234e+04
5.432503e-04  6.936660e+04
6.095369e-04  5.814677e+04
6.839116e-04  4.837750e+04
7.800000e-04  3.887364e+04
8.709636e-04  3.214651e+04
9.772372e-04  2.618528e+04
1.100000e-03  2.106656e+04
1.244515e-03  1.666549e+04
1.396368e-03  1.330028e+04
1.566751e-03  1.053670e+04
1.757924e-03  8.289017e+03
1.972423e-03  6.473927e+03
2.213095e-03  5.017886e+03
2.483133e-03  3.861126e+03
2.786121e-03  2.950425e+03
3.126079e-03  2.238496e+03
3.507519e-03  1.686614e+03
3.981072e-03  1.225742e+03
4.518559e-03  8.839123e+02
5.128614e-03  6.324344e+02
5.821032e-03  4.489998e+02
6.606934e-03  3.162955e+02
7.498942e-03  2.211400e+02
8.511380e-03  1.534708e+02
1.202264e-02  5.545673e+01
1.348963e-02  3.921928e+01
1.479108e-02  2.953670e+01
1.603245e-02  2.290980e+01
1.737801e-02  1.765178e+01
1.862087e-02  1.402836e+01
2.018366e-02  1.065394e+01
2.162719e-02  8.491298e+00
2.344229e-02  6.565973e+00
2.456200e-02  5.672245e+00
2.754229e-02  3.880815e+00
3.126079e-02  2.529690e+00
3.589219e-02  1.573010e+00
4.216965e-02  8.960261e-01
7.413102e-02  1.224331e-01
1.273503e-01  1.802921e-02
1.548817e-01  9.078174e-03
1.819701e-01  5.194248e-03
2.089296e-01  3.241365e-03
2.371374e-01  2.118580e-03
2.660725e-01  1.449395e-03
2.951209e-01  1.036673e-03
3.273407e-01  7.466480e-04
3.630781e-01  5.418370e-04
4.000000e-01  4.045100e-04
4.365158e-01  3.128523e-04
4.786301e-01  2.402979e-04
5.248075e-01  1.859793e-04
5.754399e-01  1.450686e-04
6.237348e-01  1.174969e-04
6.839117e-01  9.304953e-05
7.498942e-01  7.427759e-05
8.413951e-01  5.659027e-05
9.120108e-01  4.711978e-05
9.772372e-01  4.055350e-05
1.071519e+00  3.353037e-05
1.174898e+00  2.792464e-05
1.288250e+00  2.345267e-05
1.428894e+00  1.940878e-05
1.640590e+00  1.520413e-05
1.862087e+00  1.224799e-05
2.089296e+00  1.013311e-05
2.371374e+00  8.288428e-06
2.691535e+00  6.828946e-06
3.090295e+00  5.569490e-06
3.589219e+00  4.500453e-06
4.216965e+00  3.606319e-06
4.954502e+00  2.911312e-06
5.888437e+00  2.332874e-06
7.079458e+00  1.854356e-06
8.709636e+00  1.444656e-06
1.083927e+01  1.118018e-06
1.400000e+01  8.354200e-07
1.862087e+01  6.090727e-07
2.540973e+01  4.351448e-07
3.507519e+01  3.090522e-07
5.754399e+01  1.845198e-07
9.332543e+01  1.123877e-07
1.862087e+02  5.576733e-08
3.715352e+02  2.780269e-08
2.951209e+03  3.485733e-09
1.000000e+05  1.027900e-10
-1  -1
7.000000e-06  0.000000e+00
7.000000e-06  3.860360e+06
7.413102e-06  4.236091e+06
7.850000e-06  4.616440e+06
8.317638e-06  5.000925e+06
8.912509e-06  5.456909e+06
9.549926e-06  5.905823e+06
1.035142e-05  6.426912e+06
1.122018e-05  6.945332e+06
1.244515e-05  7.609987e+06
1.396368e-05  8.356466e+06
1.548817e-05  9.026395e+06
1.678804e-05  9.528558e+06
1.800000e-05  9.917080e+06
1.905461e-05  1.018492e+07
2.000000e-05  1.035986e+07
2.089296e-05  1.046017e+07
2.162719e-05  1.049167e+07
2.238721e-05  1.047336e+07
2.330000e-05  1.038242e+07
2.420000e-05  1.022134e+07
2.511886e-05  9.988452e+06
2.600160e-05  9.705705e+06
2.691535e-05  9.360162e+06
2.786121e-05  8.956214e+06
2.870000e-05  8.568280e+06
2.951209e-05  8.174461e+06
3.054921e-05  7.656707e+06
3.162278e-05  7.115579e+06
3.273407e-05  6.561729e+06
3.388442e-05  6.005608e+06
3.507519e-05  5.457159e+06
3.630781e-05  4.924924e+06
3.770000e-05  4.370940e+06
3.900000e-05  3.899300e+06
4.027170e-05  3.479746e+06
4.168694e-05  3.059512e+06
4.315191e-05  2.672986e+06
4.466836e-05  2.320083e+06
4.623810e-05  1.999856e+06
4.786301e-05  1.711369e+06
4.954502e-05  1.453608e+06
5.128614e-05  1.225044e+06
5.300000e-05  1.032820e+06
5.450000e-05  8.877460e+05
5.623413e-05  7.435948e+05
5.800000e-05  6.194380e+05
5.956621e-05  5.257981e+05
6.095369e-05  4.540270e+05
6.237348e-05  3.901464e+05
6.400000e-05  3.274220e+05
6.580000e-05  2.692960e+05
6.760830e-05  2.210565e+05
6.918310e-05  1.860688e+05
7.161434e-05  1.427340e+05
7.585776e-05  9.116744e+04
7.765400e-05  7.632723e+04
7.900000e-05  6.732180e+04
8.040000e-05  5.960600e+04
8.150000e-05  5.458140e+04
8.230000e-05  5.144020e+04
8.330500e-05  4.804856e+04
8.413951e-05  4.566066e+04
8.511380e-05  4.331858e+04
8.610000e-05  4.139160e+04
8.709636e-05  3.985242e+04
8.810489e-05  3.866962e+04
8.912509e-05  3.781705e+04
9.015711e-05  3.726947e+04
9.120108e-05  3.700247e+04
9.230000e-05  3.699780e+04
9.350000e-05  3.727780e+04
9.450000e-05  3.771080e+04
9.580000e-05  3.850940e+04
9.720000e-05  3.962520e+04
9.900000e-05  4.137960e+04
1.011579e-04  4.385005e+04
1.109175e-04  5.741561e+04
1.148154e-04  6.302862e+04
1.180000e-04  6.743600e+04
1.216186e-04  7.217536e+04
1.250000e-04  7.629000e+04
1.288250e-04  8.051626e+04
1.330000e-04  8.460620e+04
1.365000e-04  8.763920e+04
1.412538e-04  9.117262e+04
1.462177e-04  9.416967e+04
1.520000e-04  9.691140e+04
1.580000e-04  9.895280e+04
1.650000e-04  1.004540e+05
1.720000e-04  1.011794e+05
1.800000e-04  1.011592e+05
1.883649e-04  1.004147e+05
1.972423e-04  9.890474e+04
2.065380e-04  9.678346e+04
2.162719e-04  9.406673e+04
2.264644e-04  9.091870e+04
2.398833e-04  8.649064e+04
2.540973e-04  8.164503e+04
2.691535e-04  7.651671e+04
2.851018e-04  7.123117e+04
3.054921e-04  6.485607e+04
3.273407e-04  5.861383e+04
3.507519e-04  5.256976e+04
3.758374e-04  4.681810e+04
4.073803e-04  4.057418e+04
4.415704e-04  3.490004e+04
4.786301e-04  2.979296e+04
5.188000e-04  2.525432e+04
5.623413e-04  2.126660e+04
6.165950e-04  1.734354e+04
6.760830e-04  1.404058e+04
7.498942e-04  1.098569e+04
8.222426e-04  8.771011e+03
9.015711e-04  6.954475e+03
1.000000e-03  5.315800e+03
1.109175e-03  4.031577e+03
1.230269e-03  3.033934e+03
1.364583e-03  2.266004e+03
1.513561e-03  1.680530e+03
1.678804e-03  1.236209e+03
1.862087e-03  9.023969e+02
2.089296e-03  6.308432e+02
2.317395e-03  4.539221e+02
2.570396e-03  3.244332e+02
2.867000e-03  2.261002e+02
3.198895e-03  1.561984e+02
3.589219e-03  1.051208e+02
4.073803e-03  6.746050e+01
4.570882e-03  4.477948e+01
5.128614e-03  2.951995e+01
5.754399e-03  1.932496e+01
6.531306e-03  1.203332e+01
7.413102e-03  7.435836e+00
8.413951e-03  4.561751e+00
1.023293e-02  2.120085e+00
1.216186e-02  1.081826e+00
1.348963e-02  7.182608e-01
1.479108e-02  4.957704e-01
1.603245e-02  3.559850e-01
1.717908e-02  2.663438e-01
1.840772e-02  1.979558e-01
1.949845e-02  1.530713e-01
2.018366e-02  1.318423e-01
2.089296e-02  1.143619e-01
2.162719e-02  9.970721e-02
2.222500e-02  8.976014e-02
2.426610e-02  6.265954e-02
2.660725e-02  4.268323e-02
2.951209e-02  2.750650e-02
3.311311e-02  1.675370e-02
3.801894e-02  9.168598e-03
4.954502e-02  2.852950e-03
6.237348e-02  1.055851e-03
7.943282e-02  3.742880e-04
9.660509e-02  1.627880e-04
1.148154e-01  7.859226e-05
1.333521e-01  4.210142e-05
1.531088e-01  2.382803e-05
1.737801e-01  1.423611e-05
1.972423e-01  8.569524e-06
2.213095e-01  5.443431e-06
2.483133e-01  3.484034e-06
2.754229e-01  2.347648e-06
3.090295e-01  1.525896e-06
3.427678e-01  1.043024e-06
3.758374e-01  7.488043e-07
4.073803e-01  5.635744e-07
4.466836e-01  4.102461e-07
4.897788e-01  3.006872e-07
5.370318e-01  2.217628e-07
5.888437e-01  1.647332e-07
6.382635e-01  1.279478e-07
6.918310e-01  1.000406e-07
7.585776e-01  7.609145e-08
8.035261e-01  6.434027e-08
8.511380e-01  5.418968e-08
9.015711e-01  4.594768e-08
9.440609e-01  4.053163e-08
9.885531e-01  3.601501e-08
1.035142e+00  3.227118e-08
1.083927e+00  2.912878e-08
1.135011e+00  2.646409e-08
1.188600e+00  2.418000e-08
1.273503e+00  2.131716e-08
1.380384e+00  1.853657e-08
1.513561e+00  1.587961e-08
1.819701e+00  1.154953e-08
2.018366e+00  9.713323e-09
2.290868e+00  7.927980e-09
2.600160e+00  6.519466e-09
2.985383e+00  5.307437e-09
3.467369e+00  4.280949e-09
4.073803e+00  3.424717e-09
4.786301e+00  2.760328e-09
5.688529e+00  2.208587e-09
6.918310e+00  1.728587e-09
8.511380e+00  1.345471e-09
1.059254e+01  1.040506e-09
1.364583e+01  7.791930e-10
1.800000e+01  5.728300e-10
2.454709e+01  4.091960e-10
3.427678e+01  2.869250e-10
5.623413e+01  1.712410e-10
9.015711e+01  1.054890e-10
1.798871e+02  5.233120e-11
3.589219e+02  2.608580e-11
1.428894e+03  6.526860e-12
1.000000e+05  9.315200e-14
-1  -1
6.770000e-06  0.000000e+00
6.770000e-06  6.129781e+06
7.161434e-06  6.709208e+06
7.585776e-06  7.298856e+06
8.035261e-06  7.880245e+06
8.511380e-06  8.449210e+06
9.120108e-06  9.120355e+06
9.850000e-06  9.849120e+06
1.071519e-05  1.063116e+07
1.174898e-05  1.147875e+07
1.318257e-05  1.253401e+07
1.479108e-05  1.358145e+07
1.621810e-05  1.438369e+07
1.737801e-05  1.493507e+07
1.850000e-05  1.535805e+07
1.950000e-05  1.562715e+07
2.041738e-05  1.577156e+07
2.137962e-05  1.580922e+07
2.230000e-05  1.573413e+07
2.317395e-05  1.556055e+07
2.400000e-05  1.530519e+07
2.483133e-05  1.496342e+07
2.570396e-05  1.452337e+07
2.660725e-05  1.399408e+07
2.754229e-05  1.338250e+07
2.851018e-05  1.269749e+07
2.950000e-05  1.196025e+07
3.040000e-05  1.127358e+07
3.126079e-05  1.061489e+07
3.235937e-05  9.786371e+06
3.350000e-05  8.953890e+06
3.467369e-05  8.137572e+06
3.590900e-05  7.331199e+06
3.730000e-05  6.495330e+06
3.850000e-05  5.837580e+06
4.000000e-05  5.095230e+06
4.150000e-05  4.435950e+06
4.300000e-05  3.853620e+06
4.466836e-05  3.288570e+06
4.623810e-05  2.827615e+06
4.786301e-05  2.413401e+06
4.954502e-05  2.043760e+06
5.128614e-05  1.716812e+06
5.300000e-05  1.443021e+06
5.450000e-05  1.237092e+06
5.623413e-05  1.032837e+06
5.800000e-05  8.572860e+05
5.956621e-05  7.253816e+05
6.095369e-05  6.247131e+05
6.237348e-05  5.354047e+05
6.400000e-05  4.479360e+05
6.580000e-05  3.671220e+05
6.760830e-05  3.003790e+05
7.000000e-05  2.304942e+05
7.500000e-05  1.347363e+05
7.673615e-05  1.132949e+05
7.800000e-05  1.005987e+05
7.900000e-05  9.206760e+04
8.000000e-05  8.473080e+04
8.110000e-05  7.789890e+04
8.222426e-05  7.211408e+04
8.317638e-05  6.806250e+04
8.413951e-05  6.467376e+04
8.511380e-05  6.190210e+04
8.610000e-05  5.970210e+04
8.709636e-05  5.803559e+04
8.810489e-05  5.685957e+04
8.912509e-05  5.613720e+04
9.015711e-05  5.583234e+04
9.120108e-05  5.590991e+04
9.240200e-05  5.642003e+04
9.350000e-05  5.722980e+04
9.500000e-05  5.878740e+04
9.660509e-05  6.093611e+04
9.850000e-05  6.398760e+04
1.011579e-04  6.896525e+04
1.083927e-04  8.454499e+04
1.122018e-04  9.299491e+04
1.160000e-04  1.011411e+05
1.190000e-04  1.072173e+05
1.220000e-04  1.129263e+05
1.260000e-04  1.199319e+05
1.300000e-04  1.261572e+05
1.340000e-04  1.315863e+05
1.380384e-04  1.363434e+05
1.430000e-04  1.412109e+05
1.480000e-04  1.450632e+05
1.540000e-04  1.485573e+05
1.603245e-04  1.509876e+05
1.678804e-04  1.525038e+05
1.737801e-04  1.528187e+05
1.820000e-04  1.521267e+05
1.905461e-04  1.503822e+05
2.007000e-04  1.471290e+05
2.113489e-04  1.428681e+05
2.213095e-04  1.383046e+05
2.317395e-04  1.331389e+05
2.454709e-04  1.260144e+05
2.600160e-04  1.183585e+05
2.754229e-04  1.103826e+05
2.917427e-04  1.022782e+05
3.126079e-04  9.270667e+04
3.349654e-04  8.342557e+04
3.589219e-04  7.452329e+04
3.845918e-04  6.612170e+04
4.168694e-04  5.708456e+04
4.518559e-04  4.891573e+04
4.897788e-04  4.160772e+04
5.308844e-04  3.514740e+04
5.754399e-04  2.949991e+04
6.309573e-04  2.397467e+04
6.918310e-04  1.934682e+04
7.585776e-04  1.551353e+04
8.317638e-04  1.235560e+04
9.225714e-04  9.487596e+03
1.023293e-03  7.227597e+03
1.135011e-03  5.462493e+03
1.258925e-03  4.096294e+03
1.396368e-03  3.048158e+03
1.548817e-03  2.250892e+03
1.717908e-03  1.649619e+03
1.905461e-03  1.200180e+03
2.113489e-03  8.668904e+02
2.344229e-03  6.217774e+02
2.630268e-03  4.264926e+02
2.951209e-03  2.902900e+02
3.235937e-03  2.121891e+02
3.630781e-03  1.420516e+02
4.216965e-03  8.356447e+01
4.786301e-03  5.295609e+01
5.370318e-03  3.472161e+01
6.025596e-03  2.260654e+01
6.839116e-03  1.399143e+01
7.762471e-03  8.593498e+00
8.810489e-03  5.239818e+00
1.023293e-02  2.900389e+00
1.216186e-02  1.470882e+00
1.348963e-02  9.727404e-01
1.479108e-02  6.690459e-01
1.603245e-02  4.789205e-01
1.717908e-02  3.573874e-01
1.862087e-02  2.517617e-01
1.949845e-02  2.044671e-01
2.018366e-02  1.758805e-01
2.089296e-02  1.523391e-01
2.162719e-02  1.326089e-01
2.222500e-02  1.192220e-01
2.426610e-02  8.288190e-02
2.660725e-02  5.620327e-02
2.951209e-02  3.602719e-02
3.311311e-02  2.180857e-02
3.801894e-02  1.184317e-02
5.069907e-02  3.276627e-03
6.918310e-02  8.410698e-04
8.511380e-02  3.418925e-04
1.035142e-01  1.472090e-04
1.202264e-01  7.775471e-05
1.380384e-01  4.345320e-05
1.566751e-01  2.567717e-05
1.757924e-01  1.602858e-05
1.949845e-01  1.055921e-05
2.162719e-01  7.006466e-06
2.371374e-01  4.897853e-06
2.600160e-01  3.446577e-06
2.851018e-01  2.442537e-06
3.126079e-01  1.744090e-06
3.388442e-01  1.307467e-06
3.672823e-01  9.865471e-07
4.000000e-01  7.376600e-07
4.315191e-01  5.737193e-07
4.677351e-01  4.423865e-07
5.069907e-01  3.436823e-07
5.495409e-01  2.690598e-07
5.956621e-01  2.122380e-07
6.456542e-01  1.686965e-07
6.998420e-01  1.351023e-07
7.585776e-01  1.090106e-07
8.511380e-01  8.100444e-08
9.015711e-01  7.023577e-08
9.549926e-01  6.128731e-08
1.011579e+00  5.387935e-08
1.083927e+00  4.654670e-08
1.161449e+00  4.051429e-08
1.244515e+00  3.555832e-08
1.380384e+00  2.946605e-08
1.678804e+00  2.090134e-08
1.905461e+00  1.685477e-08
2.137962e+00  1.396306e-08
2.426610e+00  1.143715e-08
2.786121e+00  9.273885e-09
3.198895e+00  7.576628e-09
3.715352e+00  6.133083e-09
4.365158e+00  4.922565e-09
5.128614e+00  3.980293e-09
6.237348e+00  3.102703e-09
7.498942e+00  2.471993e-09
9.332543e+00  1.903729e-09
1.161449e+01  1.476618e-09
1.500000e+01  1.105900e-09
1.972423e+01  8.179280e-10
2.754229e+01  5.708210e-10
3.935501e+01  3.917090e-10
6.456542e+01  2.343010e-10
1.122018e+02  1.332460e-10
2.238721e+02  6.621640e-11
4.466836e+02  3.304490e-11
3.548134e+03  4.145360e-12
1.000000e+05  1.469900e-13
-1  -1
5.970000e-06  0.000000e+00
5.970000e-06  1.269840e+06
6.095369e-06  1.138337e+06
6.382635e-06  8.866401e+05
6.606934e-06  7.315788e+05
6.850000e-06  5.952320e+05
7.100000e-06  4.821510e+05
7.350000e-06  3.911260e+05
7.600000e-06  3.174750e+05
7.852356e-06  2.571903e+05
8.100000e-06  2.090970e+05
8.350000e-06  1.695150e+05
8.600000e-06  1.372230e+05
8.810489e-06  1.146669e+05
9.015711e-06  9.607765e+04
9.225714e-06  7.999800e+04
9.440609e-06  6.614920e+04
9.660509e-06  5.428547e+04
9.850000e-06  4.565530e+04
1.000000e-05  3.972680e+04
1.020000e-05  3.290380e+04
1.042000e-05  2.663480e+04
1.060000e-05  2.233380e+04
1.077000e-05  1.886460e+04
1.100000e-05  1.496470e+04
1.122018e-05  1.196407e+04
1.165000e-05  7.769880e+03
1.180000e-05  6.729680e+03
1.195000e-05  5.871340e+03
1.207000e-05  5.302390e+03
1.218000e-05  4.864320e+03
1.226000e-05  4.592060e+03
1.235000e-05  4.329180e+03
1.244515e-05  4.097951e+03
1.252000e-05  3.947570e+03
1.260000e-05  3.815620e+03
1.267000e-05  3.723160e+03
1.275000e-05  3.642230e+03
1.282000e-05  3.591850e+03
1.290000e-05  3.556220e+03
1.297000e-05  3.543170e+03
1.305000e-05  3.547710e+03
1.313000e-05  3.571760e+03
1.320000e-05  3.607820e+03
1.330000e-05  3.682020e+03
1.340000e-05  3.780980e+03
1.353000e-05  3.943320e+03
1.365000e-05  4.123730e+03
1.380384e-05  4.393118e+03
1.400000e-05  4.790430e+03
1.470000e-05  6.562640e+03
1.500000e-05  7.432580e+03
1.531087e-05  8.372761e+03
1.560000e-05  9.267990e+03
1.590000e-05  1.020620e+04
1.621810e-05  1.120082e+04
1.650000e-05  1.207480e+04
1.680000e-05  1.299110e+04
1.717908e-05  1.412086e+04
1.757924e-05  1.527418e+04
1.800000e-05  1.643610e+04
1.840772e-05  1.750830e+04
1.883649e-05  1.857664e+04
1.935000e-05  1.977550e+04
1.995262e-05  2.107173e+04
2.056900e-05  2.227825e+04
2.130000e-05  2.356120e+04
2.190000e-05  2.450210e+04
2.270000e-05  2.561240e+04
2.350000e-05  2.657350e+04
2.454709e-05  2.763414e+04
2.570396e-05  2.858240e+04
2.704500e-05  2.943280e+04
2.851018e-05  3.010749e+04
3.019952e-05  3.062209e+04
3.210300e-05  3.094249e+04
3.427678e-05  3.105553e+04
3.672823e-05  3.095231e+04
3.935501e-05  3.064728e+04
4.216965e-05  3.015366e+04
4.570882e-05  2.937114e+04
4.954502e-05  2.839524e+04
5.370318e-05  2.725380e+04
5.821032e-05  2.595366e+04
6.309573e-05  2.452739e+04
6.839116e-05  2.300390e+04
7.328245e-05  2.164157e+04
7.943282e-05  2.001209e+04
8.609938e-05  1.838011e+04
9.332543e-05  1.677983e+04
1.040000e-04  1.472230e+04
1.174898e-04  1.259979e+04
1.364583e-04  1.031723e+04
1.659587e-04  7.870695e+03
2.540973e-04  4.331751e+03
2.917427e-04  3.547890e+03
3.126079e-04  3.196405e+03
3.630781e-04  2.528779e+03
4.365158e-04  1.880016e+03
5.432503e-04  1.313821e+03
7.000000e-04  8.598624e+02
8.609938e-04  6.038576e+02
1.035142e-03  4.381010e+02
1.288250e-03  2.966325e+02
1.678804e-03  1.834642e+02
2.483133e-03  8.948849e+01
2.884032e-03  6.760150e+01
3.349654e-03  5.056401e+01
3.935501e-03  3.670033e+01
4.677351e-03  2.582712e+01
5.754399e-03  1.680338e+01
6.839116e-03  1.165565e+01
8.035261e-03  8.225893e+00
9.549926e-03  5.617246e+00
1.161449e-02  3.617244e+00
1.380384e-02  2.434923e+00
1.621810e-02  1.670328e+00
1.883649e-02  1.168530e+00
2.187762e-02  8.110554e-01
2.511886e-02  5.748617e-01
2.917427e-02  3.922755e-01
3.427678e-02  2.578426e-01
4.315191e-02  1.401500e-01
5.188000e-02  8.551588e-02
6.165950e-02  5.345350e-02
7.498942e-02  3.110771e-02
9.332543e-02  1.684863e-02
1.148154e-01  9.355156e-03
2.137962e-01  1.580882e-03
2.600160e-01  9.083272e-04
3.054921e-01  5.795679e-04
3.507519e-01  3.969654e-04
4.000000e-01  2.790600e-04
4.518559e-01  2.027971e-04
5.011872e-01  1.556363e-04
5.559043e-01  1.202680e-04
6.165950e-01  9.361168e-05
6.839117e-01  7.342739e-05
7.585776e-01  5.805032e-05
8.413951e-01  4.626333e-05
9.225714e-01  3.807787e-05
1.011579e+00  3.156218e-05
1.161449e+00  2.399432e-05
1.288250e+00  1.970210e-05
1.462177e+00  1.558544e-05
1.603245e+00  1.322502e-05
1.798871e+00  1.084936e-05
2.044000e+00  8.777700e-06
2.317395e+00  7.182399e-06
2.630268e+00  5.910213e-06
3.019952e+00  4.814472e-06
3.507519e+00  3.885597e-06
4.120975e+00  3.110168e-06
4.841724e+00  2.508206e-06
5.754399e+00  2.007881e-06
7.000000e+00  1.571800e-06
8.511380e+00  1.241148e-06
1.059254e+01  9.598207e-07
1.364583e+01  7.187963e-07
1.800000e+01  5.284300e-07
2.454709e+01  3.774714e-07
3.427678e+01  2.646849e-07
5.559043e+01  1.598604e-07
9.015711e+01  9.731540e-08
1.798871e+02  4.827443e-08
3.589219e+02  2.406314e-08
1.428894e+03  6.020955e-09
1.000000e+05  8.593100e-11
-1  -1
-2  0.0
-2  -2
