6.144100e-02  0.000000e+00
6.144100e-02  3.029949e+03
6.340000e-02  2.813908e+03
6.550000e-02  2.582520e+03
6.800000e-02  2.355840e+03
7.413102e-02  1.878856e+03
8.317638e-02  1.397169e+03
9.120108e-02  1.095448e+03
1.122019e-01  6.296157e+02
1.428894e-01  3.269371e+02
2.238721e-01  9.621152e+01
2.722701e-01  5.680858e+01
2.985383e-01  4.444987e+01
3.507519e-01  2.916685e+01
4.027170e-01  2.048404e+01
4.570882e-01  1.492453e+01
5.128614e-01  1.126927e+01
5.754399e-01  8.573176e+00
6.456542e-01  6.570365e+00
7.244360e-01  5.074087e+00
8.035261e-01  4.047454e+00
8.912509e-01  3.250988e+00
9.885531e-01  2.630529e+00
1.148154e+00  1.957442e+00
1.288250e+00  1.569000e+00
1.462177e+00  1.239812e+00
1.640590e+00  1.008044e+00
1.862087e+00  8.090159e-01
2.113489e+00  6.543282e-01
2.426610e+00  5.232624e-01
2.786121e+00  4.216959e-01
3.198895e+00  3.423225e-01
3.715352e+00  2.751845e-01
4.365158e+00  2.192780e-01
5.128614e+00  1.760640e-01
6.165950e+00  1.381551e-01
7.328245e+00  1.108518e-01
9.120108e+00  8.461462e-02
1.148154e+01  6.430238e-02
1.445440e+01  4.924412e-02
1.840772e+01  3.748337e-02
2.426610e+01  2.764438e-02
3.388442e+01  1.929214e-02
4.897788e+01  1.307614e-02
8.511380e+01  7.378230e-03
1.621810e+02  3.822230e-03
3.235937e+02  1.902022e-03
1.288250e+03  4.752183e-04
4.073803e+04  1.499866e-05
1.000000e+05  6.110800e-06
-1  -1
1.045400e-02  0.000000e+00
1.045400e-02  1.152893e+04
1.060000e-02  1.117737e+04
1.088000e-02  1.070638e+04
1.110000e-02  1.033500e+04
1.148154e-02  9.791219e+03
1.258925e-02  8.311429e+03
1.350000e-02  7.367560e+03
1.445440e-02  6.496491e+03
1.548817e-02  5.697610e+03
1.650000e-02  5.066880e+03
2.089296e-02  3.179467e+03
2.300000e-02  2.609520e+03
2.691535e-02  1.878193e+03
3.162278e-02  1.324565e+03
3.507519e-02  1.053194e+03
4.120975e-02  7.313319e+02
4.897788e-02  4.896859e+02
5.821032e-02  3.246507e+02
6.918310e-02  2.132518e+02
8.222426e-02  1.389128e+02
9.800000e-02  8.917000e+01
1.174898e-01  5.600224e+01
1.531088e-01  2.814038e+01
2.570396e-01  7.263191e+00
3.126079e-01  4.383062e+00
3.672823e-01  2.912007e+00
4.265795e-01  2.007040e+00
4.897788e-01  1.434394e+00
5.559043e-01  1.062529e+00
6.309573e-01  7.932491e-01
7.079458e-01  6.125295e-01
7.943282e-01  4.761890e-01
8.810489e-01  3.822107e-01
9.772372e-01  3.089573e-01
1.122018e+00  2.349235e-01
1.273503e+00  1.840000e-01
1.445440e+00  1.452965e-01
1.621810e+00  1.180564e-01
1.840772e+00  9.467918e-02
2.089296e+00  7.652038e-02
2.371374e+00  6.228402e-02
2.722701e+00  5.013047e-02
3.126079e+00  4.064616e-02
3.630781e+00  3.263610e-02
4.265795e+00  2.597648e-02
5.011872e+00  2.083542e-02
6.000000e+00  1.642400e-02
7.161434e+00  1.309146e-02
9.015711e+00  9.844845e-03
1.135011e+01  7.478445e-03
1.428894e+01  5.724979e-03
1.819701e+01  4.356338e-03
2.400000e+01  3.210200e-03
3.349654e+01  2.240881e-03
4.841724e+01  1.518402e-03
8.413951e+01  8.566317e-04
1.603245e+02  4.437017e-04
3.198895e+02  2.207729e-04
1.273503e+03  5.515796e-05
4.027170e+04  1.740796e-06
1.000000e+05  7.011400e-07
-1  -1
9.992600e-03  0.000000e+00
9.992600e-03  2.255064e+04
1.025000e-02  2.141800e+04
1.083927e-02  1.863700e+04
1.273700e-02  1.224700e+04
1.380384e-02  9.865000e+03
1.548817e-02  7.199900e+03
1.905461e-02  4.055800e+03
2.238721e-02  2.559600e+03
2.500000e-02  1.862000e+03
3.054921e-02  1.033900e+03
3.801894e-02  5.378300e+02
4.677351e-02  2.868400e+02
5.888437e-02  1.414500e+02
7.852356e-02  5.794600e+01
1.318257e-01  1.154736e+01
1.659587e-01  5.675181e+00
2.041738e-01  3.017718e+00
2.400000e-01  1.856885e+00
2.786121e-01  1.195031e+00
3.198895e-01  8.004129e-01
3.630781e-01  5.582682e-01
4.073803e-01  4.050429e-01
4.570882e-01  2.959619e-01
5.128614e-01  2.179548e-01
5.688529e-01  1.666140e-01
6.309573e-01  1.282169e-01
6.998420e-01  9.935586e-02
7.762471e-01  7.755278e-02
8.709636e-01  5.924375e-02
9.332543e-01  5.071764e-02
1.000000e+00  4.372158e-02
1.096478e+00  3.623373e-02
1.202264e+00  3.025266e-02
1.318257e+00  2.543483e-02
1.479108e+00  2.063898e-02
1.717908e+00  1.582098e-02
1.949845e+00  1.272887e-02
2.213095e+00  1.032424e-02
2.540973e+00  8.278452e-03
2.917427e+00  6.687757e-03
3.349654e+00  5.441426e-03
3.890451e+00  4.384221e-03
4.570882e+00  3.501307e-03
5.370318e+00  2.817195e-03
6.456542e+00  2.214899e-03
7.673615e+00  1.780662e-03
9.332543e+00  1.400101e-03
1.188502e+01  1.050566e-03
1.500000e+01  8.031900e-04
1.927525e+01  6.058882e-04
2.540973e+01  4.473213e-04
3.589219e+01  3.087166e-04
5.188000e+01  2.095026e-04
8.912509e+01  1.197387e-04
1.698244e+02  6.206536e-05
3.388442e+02  3.089482e-05
1.348963e+03  7.720579e-06
1.000000e+05  1.039700e-07
-1  -1
8.933800e-03  0.000000e+00
8.933800e-03  5.004075e+04
9.090000e-03  4.835240e+04
9.225714e-03  4.665061e+04
9.800000e-03  3.971028e+04
1.135011e-02  2.653359e+04
1.273503e-02  1.915712e+04
1.513561e-02  1.162699e+04
1.730000e-02  7.881640e+03
2.187762e-02  3.898146e+03
2.722701e-02  1.991659e+03
3.311311e-02  1.079815e+03
4.000000e-02  5.924640e+02
4.841724e-02  3.203374e+02
5.956621e-02  1.630684e+02
7.673615e-02  7.084120e+01
1.348963e-01  1.092205e+01
1.678804e-01  5.314323e+00
2.000000e-01  3.007659e+00
2.317395e-01  1.876148e+00
2.660725e-01  1.213609e+00
3.019952e-01  8.201726e-01
3.388442e-01  5.785315e-01
3.758374e-01  4.253545e-01
4.168694e-01  3.148482e-01
4.570882e-01  2.424871e-01
5.069907e-01  1.821250e-01
5.623413e-01  1.378740e-01
6.165950e-01  1.083950e-01
6.760830e-01  8.578870e-02
7.413102e-01  6.835003e-02
8.511380e-01  4.909939e-02
9.120108e-01  4.186101e-02
9.772372e-01  3.594472e-02
1.047129e+00  3.111396e-02
1.148154e+00  2.586823e-02
1.258925e+00  2.167096e-02
1.396368e+00  1.790911e-02
1.698244e+00  1.263806e-02
1.927525e+00  1.015895e-02
2.187762e+00  8.232060e-03
2.511886e+00  6.595977e-03
2.884032e+00  5.325375e-03
3.311311e+00  4.330487e-03
3.845918e+00  3.487164e-03
4.518559e+00  2.783356e-03
5.308844e+00  2.238335e-03
6.382635e+00  1.758942e-03
7.498942e+00  1.433892e-03
9.225714e+00  1.110894e-03
1.174898e+01  8.332372e-04
1.479108e+01  6.385997e-04
1.905461e+01  4.801979e-04
2.511886e+01  3.544330e-04
3.548134e+01  2.445459e-04
5.128614e+01  1.659085e-04
8.912509e+01  9.369489e-05
1.698244e+02  4.856454e-05
3.388442e+02  2.417400e-05
1.348963e+03  6.041260e-06
1.000000e+05  8.135400e-08
-1  -1
2.368100e-03  0.000000e+00
2.368100e-03  3.399425e+04
2.483133e-03  3.216940e+04
2.660725e-03  2.934899e+04
2.786121e-03  2.767563e+04
2.920000e-03  2.590840e+04
3.507519e-03  1.980860e+04
4.027170e-03  1.607533e+04
4.365158e-03  1.411832e+04
5.248075e-03  1.040681e+04
5.888437e-03  8.526516e+03
6.839116e-03  6.543354e+03
8.128305e-03  4.767815e+03
9.225714e-03  3.757056e+03
1.080000e-02  2.774620e+03
1.288250e-02  1.958626e+03
1.531087e-02  1.380374e+03
1.819701e-02  9.646542e+02
2.150000e-02  6.770420e+02
2.511886e-02  4.832309e+02
2.951209e-02  3.383035e+02
3.500000e-02  2.301520e+02
4.120975e-02  1.579162e+02
4.897788e-02  1.051888e+02
5.800000e-02  7.012000e+01
6.918310e-02  4.557643e+01
8.317638e-02  2.882126e+01
9.885531e-02  1.862675e+01
1.244515e-01  1.032193e+01
1.584893e-01  5.513843e+00
2.426610e-01  1.814081e+00
3.019952e-01  1.031921e+00
3.589219e-01  6.655264e-01
4.120975e-01  4.716572e-01
4.731513e-01  3.367422e-01
5.370318e-01  2.490172e-01
6.095369e-01  1.855357e-01
6.839117e-01  1.430221e-01
7.673615e-01  1.110146e-01
8.709636e-01  8.466013e-02
9.660509e-01  6.833066e-02
1.096478e+00  5.309822e-02
1.250000e+00  4.118291e-02
1.412538e+00  3.274875e-02
1.584893e+00  2.657296e-02
1.798871e+00  2.127989e-02
2.044000e+00  1.714398e-02
2.344229e+00  1.370761e-02
2.691535e+00  1.102572e-02
3.090295e+00  8.934171e-03
3.589219e+00  7.169245e-03
4.168694e+00  5.795456e-03
4.897788e+00  4.643508e-03
5.821032e+00  3.691327e-03
7.000000e+00  2.911000e-03
8.709636e+00  2.218596e-03
1.071519e+01  1.729496e-03
1.348963e+01  1.321389e-03
1.737801e+01  9.909229e-04
2.317395e+01  7.205817e-04
3.198895e+01  5.085574e-04
4.623810e+01  3.442769e-04
7.852356e+01  1.987067e-04
1.479108e+02  1.040317e-04
2.951209e+02  5.173288e-05
1.174898e+03  1.291917e-05
3.715352e+04  4.076582e-07
1.000000e+05  1.514900e-07
-1  -1
2.160700e-03  0.000000e+00
2.160700e-03  5.435478e+04
2.209000e-03  5.320687e+04
2.250000e-03  5.244425e+04
2.344229e-03  5.025345e+04
2.483133e-03  4.713199e+04
2.600160e-03  4.448464e+04
2.851018e-03  3.929635e+04
3.126079e-03  3.445146e+04
3.427678e-03  2.994700e+04
3.715352e-03  2.628832e+04
4.000000e-03  2.316720e+04
4.623810e-03  1.790318e+04
5.000000e-03  1.547016e+04
5.754399e-03  1.175874e+04
6.309573e-03  9.759908e+03
7.161434e-03  7.481246e+03
7.852356e-03  6.133671e+03
9.015711e-03  4.507500e+03
1.000000e-02  3.553840e+03
1.135011e-02  2.637801e+03
1.288250e-02  1.941512e+03
1.450000e-02  1.448420e+03
1.659587e-02  1.028635e+03
1.905461e-02  7.187581e+02
2.187762e-02  4.982950e+02
2.511886e-02  3.428802e+02
2.900000e-02  2.307200e+02
3.388442e-02  1.489994e+02
3.935501e-02  9.714844e+01
4.623810e-02  6.085599e+01
5.559043e-02  3.537570e+01
6.760830e-02  1.972628e+01
8.609938e-02  9.509889e+00
1.603245e-01  1.437079e+00
1.995262e-01  7.440586e-01
2.483133e-01  3.960702e-01
2.722701e-01  3.019029e-01
2.951209e-01  2.363289e-01
3.388442e-01  1.594208e-01
3.845918e-01  1.119152e-01
4.365158e-01  7.916191e-02
4.897788e-01  5.821098e-02
5.432503e-01  4.443761e-02
6.025596e-01  3.414774e-02
6.683439e-01  2.642342e-02
7.413102e-01  2.059029e-02
8.609938e-01  1.450449e-02
9.332543e-01  1.209867e-02
1.000000e+00  1.043214e-02
1.096478e+00  8.646311e-03
1.202264e+00  7.219020e-03
1.318257e+00  6.068913e-03
1.479108e+00  4.923901e-03
1.717908e+00  3.774409e-03
1.949845e+00  3.036433e-03
2.213095e+00  2.462230e-03
2.540973e+00  1.974115e-03
2.917427e+00  1.594753e-03
3.349654e+00  1.297565e-03
3.890451e+00  1.045479e-03
4.570882e+00  8.349434e-04
5.370318e+00  6.717932e-04
6.456542e+00  5.281679e-04
7.673615e+00  4.246216e-04
9.332543e+00  3.338803e-04
1.174898e+01  2.539271e-04
1.479108e+01  1.946148e-04
1.883649e+01  1.482309e-04
2.483133e+01  1.093729e-04
3.507519e+01  7.544263e-05
5.069907e+01  5.117163e-05
8.709636e+01  2.923558e-05
1.678804e+02  1.497392e-05
3.349654e+02  7.453004e-06
1.333521e+03  1.862494e-06
1.000000e+05  2.479300e-08
-1  -1
1.935200e-03  0.000000e+00
1.935200e-03  1.610104e+05
2.000000e-03  1.500155e+05
2.020200e-03  1.472955e+05
2.090000e-03  1.409840e+05
2.238721e-03  1.279237e+05
2.426610e-03  1.129292e+05
2.722701e-03  9.366265e+04
3.000000e-03  7.942720e+04
3.273407e-03  6.798427e+04
3.507519e-03  5.978373e+04
4.168694e-03  4.281791e+04
4.518559e-03  3.638573e+04
5.248075e-03  2.659553e+04
5.754399e-03  2.178820e+04
6.606934e-03  1.600374e+04
7.328245e-03  1.260839e+04
8.317638e-03  9.349837e+03
9.440609e-03  6.873221e+03
1.059254e-02  5.160255e+03
1.202264e-02  3.736187e+03
1.364583e-02  2.684228e+03
1.548817e-02  1.914187e+03
1.757924e-02  1.355394e+03
1.995262e-02  9.531434e+02
2.264644e-02  6.658716e+02
2.570396e-02  4.622163e+02
2.951209e-02  3.081764e+02
3.388442e-02  2.040658e+02
3.890451e-02  1.342485e+02
4.518559e-02  8.470481e+01
5.308844e-02  5.122484e+01
6.382635e-02  2.859835e+01
7.852356e-02  1.472511e+01
1.023293e-01  6.249096e+00
1.584893e-01  1.510241e+00
1.927525e-01  8.045574e-01
2.264644e-01  4.821464e-01
2.600160e-01  3.129184e-01
2.951209e-01  2.119592e-01
3.311311e-01  1.497394e-01
3.715352e-01  1.065393e-01
4.120975e-01  7.895873e-02
4.570882e-01  5.892997e-02
5.011872e-01  4.572357e-02
5.559043e-01  3.464122e-02
6.165950e-01  2.644566e-02
6.839117e-01  2.033583e-02
7.498942e-01  1.621121e-02
8.511380e-01  1.197924e-02
9.120108e-01  1.021882e-02
9.772372e-01  8.778697e-03
1.047129e+00  7.601156e-03
1.148154e+00  6.320797e-03
1.258925e+00  5.295167e-03
1.396368e+00  4.375070e-03
1.678804e+00  3.149657e-03
1.905461e+00  2.530170e-03
2.162719e+00  2.049010e-03
2.483133e+00  1.640721e-03
2.851018e+00  1.323781e-03
3.273407e+00  1.075823e-03
3.801894e+00  8.658275e-04
4.466836e+00  6.907125e-04
5.248075e+00  5.551817e-04
6.309573e+00  4.360648e-04
7.498942e+00  3.502324e-04
9.225714e+00  2.713393e-04
1.161449e+01  2.062921e-04
1.445440e+01  1.601325e-04
1.840772e+01  1.218872e-04
2.400000e+01  9.098100e-05
3.349654e+01  6.350752e-05
4.897788e+01  4.251872e-05
8.511380e+01  2.399237e-05
1.621810e+02  1.242915e-05
3.235937e+02  6.184800e-06
1.288250e+03  1.545268e-06
8.128305e+04  2.444617e-08
1.000000e+05  1.987100e-08
-1  -1
1.578100e-03  0.000000e+00
1.578100e-03  3.241412e+05
1.625000e-03  3.425112e+05
1.678804e-03  3.611872e+05
1.705000e-03  3.714383e+05
1.737801e-03  3.827126e+05
1.757924e-03  3.876777e+05
1.780700e-03  3.881845e+05
1.800000e-03  3.858758e+05
1.819701e-03  3.817484e+05
1.862087e-03  3.640056e+05
2.113489e-03  2.638122e+05
2.344229e-03  2.012256e+05
2.600160e-03  1.522829e+05
2.851018e-03  1.179920e+05
3.311311e-03  7.713506e+04
3.589219e-03  6.090122e+04
4.168694e-03  3.892842e+04
4.623810e-03  2.832573e+04
5.300000e-03  1.850328e+04
6.025596e-03  1.227816e+04
6.683439e-03  8.773460e+03
7.762471e-03  5.345734e+03
8.709636e-03  3.624889e+03
9.800000e-03  2.420764e+03
1.135011e-02  1.451741e+03
1.318257e-02  8.542311e+02
1.531087e-02  4.982660e+02
1.778279e-02  2.882344e+02
2.065380e-02  1.654162e+02
2.400000e-02  9.405720e+01
2.818383e-02  5.102268e+01
3.349654e-02  2.623993e+01
4.120975e-02  1.171120e+01
5.188000e-02  4.739487e+00
9.772372e-02  3.883554e-01
1.202264e-01  1.723296e-01
1.428894e-01  8.816341e-02
1.659587e-01  4.965766e-02
1.927525e-01  2.817492e-02
2.213095e-01  1.682196e-02
2.511886e-01  1.056258e-02
2.818383e-01  6.966716e-03
3.162278e-01  4.628300e-03
3.507519e-01  3.224623e-03
3.890451e-01  2.261953e-03
4.315191e-01  1.597181e-03
4.731513e-01  1.180443e-03
5.069907e-01  9.460077e-04
5.559043e-01  7.100533e-04
6.456542e-01  4.508157e-04
7.079458e-01  3.432079e-04
7.673615e-01  2.721567e-04
8.511380e-01  2.033244e-04
9.015711e-01  1.740948e-04
9.440609e-01  1.547144e-04
9.885531e-01  1.383911e-04
1.035142e+00  1.246874e-04
1.096478e+00  1.102820e-04
1.161449e+00  9.823046e-05
1.244515e+00  8.614917e-05
1.348963e+00  7.449619e-05
1.531087e+00  5.981046e-05
1.819701e+00  4.414709e-05
2.018366e+00  3.701399e-05
2.290868e+00  3.007378e-05
2.630268e+00  2.415881e-05
3.019952e+00  1.955181e-05
3.507519e+00  1.567051e-05
4.073803e+00  1.265400e-05
4.786301e+00  1.012801e-05
5.688529e+00  8.042805e-06
6.839116e+00  6.338357e-06
8.413951e+00  4.893697e-06
1.011579e+01  3.915649e-06
1.273503e+01  2.985818e-06
1.640590e+01  2.234953e-06
2.213095e+01  1.602044e-06
3.019952e+01  1.143636e-06
4.365158e+01  7.731994e-07
6.760830e+01  4.903102e-07
1.135011e+02  2.880126e-07
2.264644e+02  1.428798e-07
4.518559e+02  7.125803e-08
1.798871e+03  1.782354e-08
1.000000e+05  3.202500e-10
-1  -1
1.528500e-03  0.000000e+00
1.528500e-03  7.923254e+05
1.575000e-03  7.462256e+05
1.620000e-03  7.192977e+05
1.621810e-03  7.172742e+05
1.660000e-03  6.944360e+05
1.678804e-03  6.815833e+05
1.690000e-03  6.716820e+05
2.089296e-03  3.874467e+05
2.317395e-03  2.941741e+05
2.511886e-03  2.361000e+05
2.800000e-03  1.743462e+05
3.235937e-03  1.150485e+05
3.507519e-03  9.060458e+04
4.073803e-03  5.763066e+04
4.500000e-03  4.233630e+04
5.128614e-03  2.803230e+04
5.800000e-03  1.885614e+04
6.531306e-03  1.277244e+04
7.413102e-03  8.363802e+03
8.413951e-03  5.434093e+03
9.549926e-03  3.503956e+03
1.083927e-02  2.243123e+03
1.244515e-02  1.367934e+03
1.428894e-02  8.276002e+02
1.659587e-02  4.760301e+02
1.905461e-02  2.835235e+02
2.213095e-02  1.604580e+02
2.540973e-02  9.422066e+01
3.000000e-02  4.930530e+01
3.548134e-02  2.541626e+01
4.265795e-02  1.219116e+01
5.370318e-02  4.824578e+00
9.549926e-02  4.688594e-01
1.174898e-01  2.037233e-01
1.380384e-01  1.072601e-01
1.603245e-01  5.956714e-02
1.819701e-01  3.646940e-02
2.041738e-01  2.350223e-02
2.290868e-01  1.525513e-02
2.540973e-01  1.041101e-02
2.818383e-01  7.156491e-03
3.090295e-01  5.162711e-03
3.388442e-01  3.749906e-03
3.715352e-01  2.743343e-03
4.027170e-01  2.099954e-03
4.415705e-01  1.559306e-03
4.841724e-01  1.166755e-03
5.308844e-01  8.792532e-04
5.754399e-01  6.909644e-04
6.095369e-01  5.844383e-04
6.606935e-01  4.660256e-04
7.161434e-01  3.742435e-04
8.222427e-01  2.598363e-04
8.810489e-01  2.169065e-04
9.332543e-01  1.878476e-04
9.772372e-01  1.683636e-04
1.023293e+00  1.517880e-04
1.083927e+00  1.342715e-04
1.148154e+00  1.195298e-04
1.230269e+00  1.046865e-04
1.333521e+00  9.034107e-05
1.778279e+00  5.446721e-05
2.000000e+00  4.456249e-05
2.290868e+00  3.565996e-05
2.630268e+00  2.864843e-05
3.019952e+00  2.318733e-05
3.507519e+00  1.858417e-05
4.073803e+00  1.500662e-05
4.786301e+00  1.201092e-05
5.688529e+00  9.538098e-06
6.839116e+00  7.516814e-06
8.413951e+00  5.803467e-06
1.000000e+01  4.708000e-06
1.258925e+01  3.588566e-06
1.621810e+01  2.685095e-06
2.162719e+01  1.948584e-06
2.951209e+01  1.390190e-06
4.216965e+01  9.508925e-07
6.237348e+01  6.320952e-07
1.011579e+02  3.841976e-07
1.972423e+02  1.948371e-07
3.935501e+02  9.708552e-08
1.566751e+03  2.427538e-08
1.000000e+05  3.797900e-10
-1  -1
4.710000e-04  0.000000e+00
4.710000e-04  7.893023e+04
5.190000e-04  7.487520e+04
6.237348e-04  6.504604e+04
6.683439e-04  6.135369e+04
7.079458e-04  5.805159e+04
8.317638e-04  4.905978e+04
9.015711e-04  4.481504e+04
1.000000e-03  3.951980e+04
1.122018e-03  3.417235e+04
1.230269e-03  3.022618e+04
1.428894e-03  2.453005e+04
1.603245e-03  2.073683e+04
1.850000e-03  1.670170e+04
2.150000e-03  1.318548e+04
2.454709e-03  1.063373e+04
2.851018e-03  8.283748e+03
3.349654e-03  6.280655e+03
3.981072e-03  4.631645e+03
4.731513e-03  3.389186e+03
5.623413e-03  2.463052e+03
6.760830e-03  1.739845e+03
8.222426e-03  1.193254e+03
9.885531e-03  8.305853e+02
1.188502e-02  5.737900e+02
1.413440e-02  4.022040e+02
1.678804e-02  2.807081e+02
2.000000e-02  1.932488e+02
2.371374e-02  1.334454e+02
2.818383e-02  9.100367e+01
3.349654e-02  6.159095e+01
3.981072e-02  4.136374e+01
4.731513e-02  2.756575e+01
5.559043e-02  1.874148e+01
6.683439e-02  1.196367e+01
8.035261e-02  7.578484e+00
9.772372e-02  4.623364e+00
1.230269e-01  2.563877e+00
1.566751e-01  1.370753e+00
2.426610e-01  4.379005e-01
3.019952e-01  2.491727e-01
3.589219e-01  1.607425e-01
4.120975e-01  1.139353e-01
4.731513e-01  8.134974e-02
5.370318e-01  6.015938e-02
6.025596e-01  4.602375e-02
6.760830e-01  3.545814e-02
7.585776e-01  2.750616e-02
8.609938e-01  2.096117e-02
9.549926e-01  1.690328e-02
1.071519e+00  1.342626e-02
1.230269e+00  1.025917e-02
1.380384e+00  8.257905e-03
1.548817e+00  6.691587e-03
1.757924e+00  5.351096e-03
2.000000e+00  4.295794e-03
2.290868e+00  3.437284e-03
2.630268e+00  2.761255e-03
3.019952e+00  2.234777e-03
3.507519e+00  1.791171e-03
4.073803e+00  1.446373e-03
4.786301e+00  1.157602e-03
5.688529e+00  9.192974e-04
6.839116e+00  7.244919e-04
8.413951e+00  5.593511e-04
1.000000e+01  4.537700e-04
1.258925e+01  3.458727e-04
1.621810e+01  2.587989e-04
2.187762e+01  1.854438e-04
2.985383e+01  1.323430e-04
4.265795e+01  9.054595e-05
6.382635e+01  5.948640e-05
1.035142e+02  3.616835e-05
2.041738e+02  1.813408e-05
4.073803e+02  9.038185e-06
1.621810e+03  2.260175e-06
1.000000e+05  3.660600e-08
-1  -1
3.860400e-04  0.000000e+00
3.860400e-04  6.287353e+04
5.400000e-04  6.008480e+04
5.888437e-04  5.896837e+04
6.350000e-04  5.764940e+04
6.850000e-04  5.591440e+04
7.328245e-04  5.402210e+04
7.852356e-04  5.176235e+04
8.511380e-04  4.889531e+04
9.225714e-04  4.585900e+04
1.000000e-03  4.265260e+04
1.096478e-03  3.894797e+04
1.190000e-03  3.569360e+04
1.303167e-03  3.214660e+04
1.445440e-03  2.830866e+04
1.589000e-03  2.500646e+04
1.778279e-03  2.139853e+04
1.950000e-03  1.870738e+04
2.187762e-03  1.569890e+04
2.426610e-03  1.330546e+04
2.720000e-03  1.101008e+04
3.054921e-03  9.009807e+03
3.427678e-03  7.330803e+03
3.845918e-03  5.923678e+03
4.365158e-03  4.649198e+03
4.954502e-03  3.620084e+03
5.623413e-03  2.797276e+03
6.382635e-03  2.145465e+03
7.300000e-03  1.606364e+03
8.317638e-03  1.202987e+03
9.440609e-03  9.019802e+02
1.071519e-02  6.714345e+02
1.216186e-02  4.961112e+02
1.380384e-02  3.640039e+02
1.566751e-02  2.652456e+02
1.798871e-02  1.863770e+02
2.065380e-02  1.299640e+02
2.371374e-02  8.996371e+01
2.754229e-02  5.992244e+01
3.162278e-02  4.089367e+01
3.672823e-02  2.683998e+01
4.315191e-02  1.692902e+01
5.128614e-02  1.025255e+01
6.237348e-02  5.755217e+00
7.852356e-02  2.892743e+00
1.059254e-01  1.172496e+00
1.584893e-01  3.464551e-01
1.972423e-01  1.798753e-01
2.371374e-01  1.042517e-01
2.786121e-01  6.516923e-02
3.198895e-01  4.387052e-02
3.630781e-01  3.072557e-02
4.120975e-01  2.167377e-02
4.623810e-01  1.589081e-02
5.188000e-01  1.173737e-02
5.821032e-01  8.738861e-03
6.531306e-01  6.557887e-03
7.244360e-01  5.100750e-03
8.222427e-01  3.784918e-03
8.912509e-01  3.144781e-03
9.549926e-01  2.699733e-03
1.023293e+00  2.334258e-03
1.122018e+00  1.938360e-03
1.230269e+00  1.620963e-03
1.364583e+00  1.336577e-03
1.621810e+00  9.804484e-04
1.840772e+00  7.861123e-04
2.065380e+00  6.474119e-04
2.344229e+00  5.266376e-04
2.691535e+00  4.236043e-04
3.090295e+00  3.432562e-04
3.589219e+00  2.754490e-04
4.168694e+00  2.226657e-04
4.897788e+00  1.784030e-04
5.821032e+00  1.418211e-04
7.000000e+00  1.118400e-04
8.709636e+00  8.524104e-05
1.071519e+01  6.644876e-05
1.348963e+01  5.076850e-05
1.737801e+01  3.807212e-05
2.317395e+01  2.768524e-05
3.198895e+01  1.953887e-05
4.623810e+01  1.322742e-05
7.852356e+01  7.634390e-06
1.462177e+02  4.044170e-06
2.917427e+02  2.010772e-06
1.161449e+03  5.021298e-07
3.672823e+04  1.584350e-08
1.000000e+05  5.820100e-09
-1  -1
3.349200e-04  0.000000e+00
3.349200e-04  2.710096e+05
3.700000e-04  2.558352e+05
4.570882e-04  2.300691e+05
5.011872e-04  2.175214e+05
5.432503e-04  2.059509e+05
5.888437e-04  1.936695e+05
6.382635e-04  1.808871e+05
6.918310e-04  1.676447e+05
7.673615e-04  1.507428e+05
8.317638e-04  1.379418e+05
9.120108e-04  1.237024e+05
1.011579e-03  1.086352e+05
1.110000e-03  9.604520e+04
1.244515e-03  8.186490e+04
1.380384e-03  7.031087e+04
1.548817e-03  5.892269e+04
1.730000e-03  4.934440e+04
1.949845e-03  4.042748e+04
2.213095e-03  3.244693e+04
2.483133e-03  2.637079e+04
2.800000e-03  2.109216e+04
3.198895e-03  1.632144e+04
3.672823e-03  1.239534e+04
4.216965e-03  9.327397e+03
4.841724e-03  6.957335e+03
5.559043e-03  5.144492e+03
6.382635e-03  3.771387e+03
7.244360e-03  2.816023e+03
8.222426e-03  2.087895e+03
9.440609e-03  1.494014e+03
1.071519e-02  1.090626e+03
1.216186e-02  7.905445e+02
1.380384e-02  5.690011e+02
1.566751e-02  4.066304e+02
1.778279e-02  2.885414e+02
2.041738e-02  1.969513e+02
2.344229e-02  1.334050e+02
2.691535e-02  8.969566e+01
3.090295e-02  5.987890e+01
3.589219e-02  3.835289e+01
4.168694e-02  2.438061e+01
4.897788e-02  1.485046e+01
5.821032e-02  8.660376e+00
7.000000e-02  4.831360e+00
8.511380e-02  2.583291e+00
1.678804e-01  2.876372e-01
2.018366e-01  1.595963e-01
2.371374e-01  9.596539e-02
2.722701e-01  6.249148e-02
3.090295e-01  4.247481e-02
3.467369e-01  3.010841e-02
3.890451e-01  2.149926e-02
4.315191e-01  1.598837e-02
4.786301e-01  1.197499e-02
5.248075e-01  9.321930e-03
5.821032e-01  7.086312e-03
6.382635e-01  5.591472e-03
6.998420e-01  4.440679e-03
7.673615e-01  3.549740e-03
8.609938e-01  2.699753e-03
9.225714e-01  2.304674e-03
9.772372e-01  2.031112e-03
1.047129e+00  1.758210e-03
1.148154e+00  1.461809e-03
1.258925e+00  1.224616e-03
1.396368e+00  1.012003e-03
1.698244e+00  7.141247e-04
1.927525e+00  5.740479e-04
2.187762e+00  4.651742e-04
2.511886e+00  3.727224e-04
2.884032e+00  3.009193e-04
3.311311e+00  2.446996e-04
3.845918e+00  1.970463e-04
4.518559e+00  1.572775e-04
5.308844e+00  1.264811e-04
6.382635e+00  9.939382e-05
7.585776e+00  7.986928e-05
9.225714e+00  6.277334e-05
1.174898e+01  4.708297e-05
1.479108e+01  3.608489e-05
1.905461e+01  2.713404e-05
2.511886e+01  2.002778e-05
3.548134e+01  1.381831e-05
5.128614e+01  9.375042e-06
8.810489e+01  5.357195e-06
1.678804e+02  2.776470e-06
3.349654e+02  1.381956e-06
1.333521e+03  3.453287e-07
1.000000e+05  4.597000e-09
-1  -1
1.937300e-04  0.000000e+00
1.937300e-04  2.671240e+05
1.944000e-04  2.728940e+05
1.950000e-04  2.791816e+05
1.960000e-04  2.913848e+05
1.974000e-04  3.112828e+05
2.000000e-04  3.532884e+05
2.015000e-04  3.777904e+05
2.025000e-04  3.932528e+05
2.035000e-04  4.075320e+05
2.045000e-04  4.202120e+05
2.055000e-04  4.309640e+05
2.065380e-04  4.399761e+05
2.075000e-04  4.462280e+05
2.085000e-04  4.506320e+05
2.095000e-04  4.529720e+05
2.110000e-04  4.529560e+05
2.124000e-04  4.496640e+05
2.137962e-04  4.437638e+05
2.150000e-04  4.370440e+05
2.170000e-04  4.233560e+05
2.190000e-04  4.076040e+05
2.213095e-04  3.879358e+05
2.240000e-04  3.642420e+05
2.270000e-04  3.379076e+05
2.300000e-04  3.123512e+05
2.350000e-04  2.727184e+05
2.454709e-04  2.054979e+05
2.500000e-04  1.835652e+05
2.540000e-04  1.675944e+05
2.570396e-04  1.574208e+05
2.600160e-04  1.489716e+05
2.630268e-04  1.417999e+05
2.660725e-04  1.358409e+05
2.691535e-04  1.309984e+05
2.722701e-04  1.271926e+05
2.754229e-04  1.243534e+05
2.786121e-04  1.223335e+05
2.818383e-04  1.211239e+05
2.851018e-04  1.206534e+05
2.890900e-04  1.209752e+05
2.930000e-04  1.221112e+05
2.980000e-04  1.245476e+05
3.030000e-04  1.278676e+05
3.100000e-04  1.336392e+05
3.200000e-04  1.433956e+05
3.430000e-04  1.686884e+05
3.550000e-04  1.819368e+05
3.672823e-04  1.947950e+05
3.801894e-04  2.071721e+05
3.935501e-04  2.185879e+05
4.073803e-04  2.287827e+05
4.216965e-04  2.376828e+05
4.365158e-04  2.452750e+05
4.518559e-04  2.515349e+05
4.700000e-04  2.569800e+05
4.897788e-04  2.607039e+05
5.080000e-04  2.623760e+05
5.308844e-04  2.625710e+05
5.559043e-04  2.609075e+05
5.821032e-04  2.574916e+05
6.100000e-04  2.523344e+05
6.382635e-04  2.459795e+05
6.760830e-04  2.363324e+05
7.161434e-04  2.254266e+05
7.585776e-04  2.134850e+05
8.035261e-04  2.007794e+05
8.609938e-04  1.851212e+05
9.200000e-04  1.699956e+05
9.885530e-04  1.537274e+05
1.059254e-03  1.386375e+05
1.135011e-03  1.242120e+05
1.230269e-03  1.084089e+05
1.333521e-03  9.391123e+04
1.450000e-03  8.024080e+04
1.570000e-03  6.864600e+04
1.717908e-03  5.706029e+04
1.862087e-03  4.804482e+04
2.041738e-03  3.917510e+04
2.220000e-03  3.233000e+04
2.426610e-03  2.619287e+04
2.691535e-03  2.032933e+04
2.951209e-03  1.611549e+04
3.235937e-03  1.269697e+04
3.589219e-03  9.639955e+03
4.000000e-03  7.170560e+03
4.466836e-03  5.262023e+03
4.954502e-03  3.907677e+03
5.495409e-03  2.882864e+03
6.095369e-03  2.113188e+03
6.839116e-03  1.485327e+03
7.673615e-03  1.035818e+03
8.609938e-03  7.171122e+02
9.660509e-03  4.928049e+02
1.083927e-02  3.362052e+02
1.216186e-02  2.278073e+02
1.380384e-02  1.473473e+02
1.566751e-02  9.458540e+01
1.778279e-02  6.028191e+01
2.041738e-02  3.659922e+01
2.344229e-02  2.205880e+01
2.722701e-02  1.264874e+01
3.162278e-02  7.199836e+00
3.758374e-02  3.727670e+00
4.518559e-02  1.832824e+00
5.623413e-02  7.825457e-01
1.047129e-01  6.866727e-02
1.288250e-01  3.070079e-02
1.531088e-01  1.580706e-02
1.778279e-01  8.953417e-03
2.041738e-01  5.334216e-03
2.317395e-01  3.339935e-03
2.630268e-01  2.106507e-03
2.951209e-01  1.395256e-03
3.311311e-01  9.310595e-04
3.672823e-01  6.514229e-04
4.073803e-01  4.589463e-04
4.466836e-01  3.382186e-04
4.897788e-01  2.509476e-04
5.308844e-01  1.945620e-04
5.821032e-01  1.464733e-04
6.456542e-01  1.071598e-04
7.079458e-01  8.171328e-05
7.762471e-01  6.277507e-05
8.609938e-01  4.684394e-05
9.120108e-01  4.007693e-05
9.549926e-01  3.558384e-05
1.000000e+00  3.179400e-05
1.047129e+00  2.861115e-05
1.096478e+00  2.591971e-05
1.161449e+00  2.309036e-05
1.230269e+00  2.071398e-05
1.333521e+00  1.791329e-05
1.479108e+00  1.498724e-05
1.840772e+00  1.021341e-05
2.044000e+00  8.552400e-06
2.344229e+00  6.837873e-06
2.691535e+00  5.500137e-06
3.090295e+00  4.456890e-06
3.589219e+00  3.576406e-06
4.168694e+00  2.891087e-06
4.897788e+00  2.316459e-06
5.821032e+00  1.841402e-06
7.000000e+00  1.452200e-06
8.709636e+00  1.106752e-06
1.071519e+01  8.627736e-07
1.348963e+01  6.591817e-07
1.737801e+01  4.943241e-07
2.317395e+01  3.594685e-07
3.198895e+01  2.536939e-07
4.623810e+01  1.717461e-07
7.943282e+01  9.795732e-08
1.500000e+02  5.116500e-08
2.985383e+02  2.550926e-08
1.188502e+03  6.370942e-09
3.758374e+04  2.010380e-10
1.000000e+05  7.556900e-11
-1  -1
1.844400e-04  0.000000e+00
1.844400e-04  3.797334e+05
1.852000e-04  3.967446e+05
1.885000e-04  4.859688e+05
1.900000e-04  5.294202e+05
1.910800e-04  5.600243e+05
1.920000e-04  5.849184e+05
1.930000e-04  6.101160e+05
1.940000e-04  6.328080e+05
1.950000e-04  6.524760e+05
1.960000e-04  6.687600e+05
1.970000e-04  6.814440e+05
1.980000e-04  6.904620e+05
1.990000e-04  6.958980e+05
2.000000e-04  6.979500e+05
2.010000e-04  6.969000e+05
2.020000e-04  6.930780e+05
2.035000e-04  6.829620e+05
2.050000e-04  6.686520e+05
2.065380e-04  6.507857e+05
2.080000e-04  6.317100e+05
2.102300e-04  6.002525e+05
2.128000e-04  5.624622e+05
2.162719e-04  5.116176e+05
2.205000e-04  4.529070e+05
2.344229e-04  3.010049e+05
2.380000e-04  2.732658e+05
2.415000e-04  2.503548e+05
2.450000e-04  2.313264e+05
2.480000e-04  2.178462e+05
2.511886e-04  2.061009e+05
2.540973e-04  1.974954e+05
2.570396e-04  1.906259e+05
2.600160e-04  1.853648e+05
2.628000e-04  1.819026e+05
2.660000e-04  1.792578e+05
2.691535e-04  1.780141e+05
2.722701e-04  1.779567e+05
2.760000e-04  1.792224e+05
2.800000e-04  1.819596e+05
2.840000e-04  1.858896e+05
2.900000e-04  1.935546e+05
2.951209e-04  2.013736e+05
3.054921e-04  2.195215e+05
3.240000e-04  2.551572e+05
3.350000e-04  2.763624e+05
3.467369e-04  2.979833e+05
3.550000e-04  3.122502e+05
3.672823e-04  3.316906e+05
3.780000e-04  3.468312e+05
3.890451e-04  3.605496e+05
4.027170e-04  3.749876e+05
4.168694e-04  3.872169e+05
4.315191e-04  3.972628e+05
4.466836e-04  4.051262e+05
4.650000e-04  4.114974e+05
4.850000e-04  4.149924e+05
5.069907e-04  4.153824e+05
5.308844e-04  4.126642e+05
5.580000e-04  4.066524e+05
5.821032e-04  3.992978e+05
6.100000e-04  3.888978e+05
6.456542e-04  3.738451e+05
6.850000e-04  3.559530e+05
7.244360e-04  3.374802e+05
7.673615e-04  3.174252e+05
8.200000e-04  2.935890e+05
8.709636e-04  2.717184e+05
9.332543e-04  2.469389e+05
1.000000e-03  2.228706e+05
1.071519e-03  1.998135e+05
1.161449e-03  1.745831e+05
1.258925e-03  1.513144e+05
1.364583e-03  1.301934e+05
1.479108e-03  1.112148e+05
1.610000e-03  9.355380e+04
1.757924e-03  7.759747e+04
1.927525e-03  6.331034e+04
2.137962e-03  4.988395e+04
2.317395e-03  4.117407e+04
2.540973e-03  3.286272e+04
2.818383e-03  2.529062e+04
3.150000e-03  1.891974e+04
3.507519e-03  1.417081e+04
3.900000e-03  1.057218e+04
4.315191e-03  7.938863e+03
4.786301e-03  5.880144e+03
5.308844e-03  4.325937e+03
5.956621e-03  3.052209e+03
6.606934e-03  2.214588e+03
7.328245e-03  1.596405e+03
8.222426e-03  1.101644e+03
9.225714e-03  7.546356e+02
1.035142e-02  5.129693e+02
1.161449e-02  3.462068e+02
1.303167e-02  2.320480e+02
1.479108e-02  1.482907e+02
1.678804e-02  9.403178e+01
1.905461e-02  5.919592e+01
2.187762e-02  3.545711e+01
2.511886e-02  2.107964e+01
2.917427e-02  1.190666e+01
3.388442e-02  6.674030e+00
4.000000e-02  3.486132e+00
4.841724e-02  1.637159e+00
5.956621e-02  7.152307e-01
9.885531e-02  9.323520e-02
1.202264e-01  4.268744e-02
1.412538e-01  2.258374e-02
1.640590e-01  1.259495e-02
1.862087e-01  7.737723e-03
2.113489e-01  4.789771e-03
2.371374e-01  3.120708e-03
2.630268e-01  2.137527e-03
2.917427e-01  1.475290e-03
3.198895e-01  1.068302e-03
3.507519e-01  7.788215e-04
3.845918e-01  5.717819e-04
4.216965e-01  4.227373e-04
4.570882e-01  3.266166e-04
4.954502e-01  2.540200e-04
5.370318e-01  1.990637e-04
5.821032e-01  1.570844e-04
6.309573e-01  1.247843e-04
6.839117e-01  9.977144e-05
7.413102e-01  8.028303e-05
8.609938e-01  5.422541e-05
9.120108e-01  4.691661e-05
9.660509e-01  4.087987e-05
1.011579e+00  3.683932e-05
1.071519e+00  3.257021e-05
1.148154e+00  2.831676e-05
1.230269e+00  2.479608e-05
1.333521e+00  2.138883e-05
1.778279e+00  1.288149e-05
2.000000e+00  1.054000e-05
2.290868e+00  8.434836e-06
2.630268e+00  6.775780e-06
3.019952e+00  5.483378e-06
3.507519e+00  4.394849e-06
4.073803e+00  3.548849e-06
4.786301e+00  2.840423e-06
5.688529e+00  2.255589e-06
6.839116e+00  1.777571e-06
8.413951e+00  1.372450e-06
1.000000e+01  1.113400e-06
1.244515e+01  8.600789e-07
1.584893e+01  6.517489e-07
2.089296e+01  4.787111e-07
2.851018e+01  3.412045e-07
4.073803e+01  2.332219e-07
5.888437e+01  1.586757e-07
9.772372e+01  9.412561e-08
1.883649e+02  4.827452e-08
3.758374e+02  2.404707e-08
1.496236e+03  6.011916e-09
1.000000e+05  8.981600e-11
-1  -1
1.109000e-05  0.000000e+00
1.109000e-05  8.912519e+05
1.135011e-05  8.426547e+05
1.180000e-05  7.735320e+05
1.230269e-05  7.128058e+05
1.273503e-05  6.710712e+05
1.320000e-05  6.344100e+05
1.370000e-05  6.031260e+05
1.420000e-05  5.782428e+05
1.470000e-05  5.587656e+05
1.515000e-05  5.451498e+05
1.570000e-05  5.328240e+05
1.630000e-05  5.239176e+05
1.690000e-05  5.189892e+05
1.757924e-05  5.175318e+05
1.830000e-05  5.201046e+05
1.905461e-05  5.267393e+05
1.980000e-05  5.368032e+05
2.065380e-05  5.521314e+05
2.162719e-05  5.739866e+05
2.270000e-05  6.028500e+05
2.371374e-05  6.341126e+05
2.500000e-05  6.788280e+05
2.660725e-05  7.417815e+05
2.851018e-05  8.245396e+05
3.589219e-05  1.199025e+06
3.900000e-05  1.364634e+06
4.168694e-05  1.505184e+06
4.466836e-05  1.654736e+06
4.800000e-05  1.813428e+06
5.150000e-05  1.970016e+06
5.559043e-05  2.140282e+06
6.025596e-05  2.320758e+06
6.531306e-05  2.498721e+06
7.079458e-05  2.671144e+06
7.585776e-05  2.807655e+06
8.128305e-05  2.929178e+06
8.609938e-05  3.015213e+06
9.225714e-05  3.097877e+06
9.900000e-05  3.160692e+06
1.080000e-04  3.209658e+06
1.161449e-04  3.230594e+06
1.260000e-04  3.232704e+06
1.350000e-04  3.213018e+06
1.450000e-04  3.171882e+06
1.548817e-04  3.111695e+06
1.659587e-04  3.030930e+06
1.800000e-04  2.914326e+06
1.927525e-04  2.799842e+06
2.041738e-04  2.694237e+06
2.190000e-04  2.551044e+06
2.317395e-04  2.426618e+06
2.500000e-04  2.250870e+06
2.691535e-04  2.073409e+06
2.851018e-04  1.932883e+06
3.019952e-04  1.792561e+06
3.235937e-04  1.623970e+06
3.427678e-04  1.486390e+06
3.672823e-04  1.326864e+06
3.935501e-04  1.175240e+06
4.216965e-04  1.032698e+06
4.518559e-04  9.005111e+05
4.841724e-04  7.794651e+05
5.188000e-04  6.698137e+05
5.559043e-04  5.716137e+05
6.000000e-04  4.761564e+05
6.456542e-04  3.967449e+05
7.000000e-04  3.220092e+05
7.585776e-04  2.596663e+05
8.222426e-04  2.077822e+05
8.912509e-04  1.651622e+05
9.772372e-04  1.260958e+05
1.071519e-03  9.551477e+04
1.174898e-03  7.180481e+04
1.288250e-03  5.359520e+04
1.412538e-03  3.973339e+04
1.566751e-03  2.816519e+04
1.737801e-03  1.981662e+04
1.927525e-03  1.383908e+04
2.137962e-03  9.596262e+03
2.371374e-03  6.608707e+03
2.630268e-03  4.520989e+03
2.951209e-03  2.942740e+03
3.311311e-03  1.900968e+03
3.715352e-03  1.218964e+03
4.168694e-03  7.761146e+02
4.677351e-03  4.907622e+02
5.248075e-03  3.082013e+02
5.754399e-03  2.112716e+02
6.456542e-03  1.308211e+02
7.328245e-03  7.661581e+01
8.317638e-03  4.453293e+01
9.440609e-03  2.570149e+01
1.071519e-02  1.472550e+01
1.230269e-02  7.952824e+00
1.428894e-02  4.046608e+00
1.678804e-02  1.939663e+00
1.972423e-02  9.227998e-01
2.344229e-02  4.130372e-01
2.818383e-02  1.738201e-01
3.235937e-02  9.029223e-02
4.073803e-02  3.003961e-02
6.683439e-02  2.791787e-03
8.317638e-02  9.835043e-04
9.885531e-02  4.344431e-04
1.161449e-01  2.039929e-04
1.333521e-01  1.074869e-04
1.513561e-01  6.017608e-05
1.698244e-01  3.577019e-05
1.905461e-01  2.141168e-05
2.137962e-01  1.291022e-05
2.371374e-01  8.244301e-06
2.630268e-01  5.303116e-06
2.884032e-01  3.606591e-06
3.198895e-01  2.355030e-06
3.507519e-01  1.623472e-06
3.845918e-01  1.126906e-06
4.216965e-01  7.877903e-07
4.570882e-01  5.795796e-07
4.954502e-01  4.291801e-07
5.308844e-01  3.341387e-07
5.754399e-01  2.512800e-07
6.237348e-01  1.902700e-07
6.760830e-01  1.449986e-07
7.413102e-01  1.070651e-07
8.128305e-01  7.957553e-08
8.709636e-01  6.394924e-08
9.120108e-01  5.561356e-08
9.440609e-01  5.032501e-08
9.772372e-01  4.577713e-08
1.011579e+00  4.190327e-08
1.047129e+00  3.858379e-08
1.083927e+00  3.570472e-08
1.135011e+00  3.241582e-08
1.188502e+00  2.962382e-08
1.258925e+00  2.665979e-08
1.348963e+00  2.364551e-08
1.513561e+00  1.954123e-08
1.883649e+00  1.331923e-08
2.089296e+00  1.118480e-08
2.371374e+00  9.103057e-09
2.722701e+00  7.327293e-09
3.126079e+00  5.941574e-09
3.630781e+00  4.770683e-09
4.265795e+00  3.797185e-09
5.011872e+00  3.045667e-09
6.000000e+00  2.400800e-09
7.161434e+00  1.913692e-09
8.912509e+00  1.459462e-09
1.122018e+01  1.108089e-09
1.412538e+01  8.479570e-10
1.800000e+01  6.445800e-10
2.371374e+01  4.754370e-10
3.273407e+01  3.357220e-10
4.731513e+01  2.273730e-10
8.222427e+01  1.282220e-10
1.548817e+02  6.717330e-11
3.090295e+02  3.341480e-11
1.230269e+03  8.346620e-12
3.890451e+04  2.634000e-13
1.000000e+05  1.024900e-13
-1  -1
9.670000e-06  0.000000e+00
9.670000e-06  1.316680e+06
9.772372e-06  1.279929e+06
1.011579e-05  1.180012e+06
1.047129e-05  1.095071e+06
1.085000e-05  1.021560e+06
1.122018e-05  9.629768e+05
1.165000e-05  9.076960e+05
1.202264e-05  8.687956e+05
1.244515e-05  8.331893e+05
1.290000e-05  8.030160e+05
1.333521e-05  7.806682e+05
1.380384e-05  7.625977e+05
1.428894e-05  7.494667e+05
1.480000e-05  7.408528e+05
1.531087e-05  7.368066e+05
1.590000e-05  7.370200e+05
1.650000e-05  7.418344e+05
1.717908e-05  7.521412e+05
1.778279e-05  7.650635e+05
1.862087e-05  7.881291e+05
1.950000e-05  8.179280e+05
2.041738e-05  8.544507e+05
2.150000e-05  9.037280e+05
2.270000e-05  9.651440e+05
2.426610e-05  1.054664e+06
2.630268e-05  1.184122e+06
3.400000e-05  1.749016e+06
3.715352e-05  1.987843e+06
4.000000e-05  2.197040e+06
4.315191e-05  2.415805e+06
4.650000e-05  2.633672e+06
5.011872e-05  2.851190e+06
5.500000e-05  3.119696e+06
6.000000e-05  3.368208e+06
6.539900e-05  3.608863e+06
7.000000e-05  3.788528e+06
7.500000e-05  3.955840e+06
8.000000e-05  4.092464e+06
8.511380e-05  4.200275e+06
9.015711e-05  4.280495e+06
9.660509e-05  4.347359e+06
1.040000e-04  4.392784e+06
1.150000e-04  4.411928e+06
1.244515e-04  4.394400e+06
1.333521e-04  4.355498e+06
1.450000e-04  4.269504e+06
1.548817e-04  4.173103e+06
1.659587e-04  4.050217e+06
1.800000e-04  3.878168e+06
1.905461e-04  3.743134e+06
2.050000e-04  3.553944e+06
2.213095e-04  3.334130e+06
2.350000e-04  3.149240e+06
2.511886e-04  2.937982e+06
2.722701e-04  2.676059e+06
2.917427e-04  2.449510e+06
3.090295e-04  2.261799e+06
3.273407e-04  2.076327e+06
3.467369e-04  1.895198e+06
3.715352e-04  1.686084e+06
3.981072e-04  1.488299e+06
4.265795e-04  1.303616e+06
4.570882e-04  1.133411e+06
4.897788e-04  9.783826e+05
5.248075e-04  8.387122e+05
5.623413e-04  7.141802e+05
6.025596e-04  6.042253e+05
6.456542e-04  5.080090e+05
7.000000e-04  4.116448e+05
7.585776e-04  3.314880e+05
8.222426e-04  2.649169e+05
8.912509e-04  2.103201e+05
9.740000e-04  1.619140e+05
1.059254e-03  1.256059e+05
1.161449e-03  9.437414e+04
1.273503e-03  7.040180e+04
1.396368e-03  5.216216e+04
1.548817e-03  3.694456e+04
1.698244e-03  2.702716e+04
1.883649e-03  1.887320e+04
2.089296e-03  1.308211e+04
2.344229e-03  8.638278e+03
2.600160e-03  5.904934e+03
2.917427e-03  3.840058e+03
3.273407e-03  2.478466e+03
3.672823e-03  1.587249e+03
4.073803e-03  1.055328e+03
4.518559e-03  6.962646e+02
5.069907e-03  4.353945e+02
5.688529e-03  2.703408e+02
6.683439e-03  1.374105e+02
7.498942e-03  8.431292e+01
8.317638e-03  5.396829e+01
9.120108e-03  3.607662e+01
1.035142e-02  2.051437e+01
1.348963e-02  6.239926e+00
1.584893e-02  3.002898e+00
1.778279e-02  1.766377e+00
2.065380e-02  8.791985e-01
2.426610e-02  4.114143e-01
2.884032e-02  1.808920e-01
3.507519e-02  7.060249e-02
4.623810e-02  1.853069e-02
7.328245e-02  1.985166e-03
8.912509e-02  7.734638e-04
1.047129e-01  3.583626e-04
1.230269e-01  1.673599e-04
1.396368e-01  9.266690e-05
1.566751e-01  5.452412e-05
1.737801e-01  3.405457e-05
1.927525e-01  2.141766e-05
2.137962e-01  1.357183e-05
2.344229e-01  9.107342e-06
2.570396e-01  6.154576e-06
2.786121e-01  4.396702e-06
3.019952e-01  3.162704e-06
3.273407e-01  2.289949e-06
3.589219e-01  1.595188e-06
3.890451e-01  1.170866e-06
4.216965e-01  8.660434e-07
4.518559e-01  6.734697e-07
4.841724e-01  5.271279e-07
5.188000e-01  4.152246e-07
5.559043e-01  3.294643e-07
5.956621e-01  2.631236e-07
6.456542e-01  2.039608e-07
6.998420e-01  1.593198e-07
7.585776e-01  1.250972e-07
8.128305e-01  1.023254e-07
8.709636e-01  8.427664e-08
9.225714e-01  7.192096e-08
9.660509e-01  6.373609e-08
1.000000e+00  5.851300e-08
1.047129e+00  5.260132e-08
1.096478e+00  4.761272e-08
1.148154e+00  4.335302e-08
1.216186e+00  3.882630e-08
1.318257e+00  3.356602e-08
1.513561e+00  2.651180e-08
1.840772e+00  1.879801e-08
2.044000e+00  1.574000e-08
2.344229e+00  1.258534e-08
2.691535e+00  1.012280e-08
3.090295e+00  8.202303e-09
3.589219e+00  6.581960e-09
4.168694e+00  5.320728e-09
4.897788e+00  4.263157e-09
5.821032e+00  3.388927e-09
7.000000e+00  2.672500e-09
8.709636e+00  2.036866e-09
1.071519e+01  1.587863e-09
1.348963e+01  1.213143e-09
1.737801e+01  9.097460e-10
2.317395e+01  6.615600e-10
3.198895e+01  4.668960e-10
4.623810e+01  3.160710e-10
7.852356e+01  1.824270e-10
1.479108e+02  9.551320e-11
2.951209e+02  4.749540e-11
1.174898e+03  1.186090e-11
3.715352e+04  3.742620e-13
1.000000e+05  1.390700e-13
-1  -1
5.990000e-05  0.000000e+00
5.990000e-05  5.721960e+04
6.110000e-05  5.476700e+04
6.220300e-05  5.298857e+04
6.330000e-05  5.161600e+04
6.450000e-05  5.055260e+04
6.580000e-05  4.982240e+04
6.690000e-05  4.950000e+04
6.800000e-05  4.941440e+04
6.950000e-05  4.962360e+04
7.079458e-05  5.005036e+04
7.244360e-05  5.084847e+04
7.500000e-05  5.248400e+04
7.852356e-05  5.520960e+04
8.650000e-05  6.178220e+04
9.015711e-05  6.450309e+04
9.440609e-05  6.723793e+04
9.800000e-05  6.915120e+04
1.023293e-04  7.095939e+04
1.071519e-04  7.237739e+04
1.122018e-04  7.328306e+04
1.174898e-04  7.371995e+04
1.244515e-04  7.369266e+04
1.318257e-04  7.312632e+04
1.400000e-04  7.205640e+04
1.500000e-04  7.032340e+04
1.603245e-04  6.819434e+04
1.720000e-04  6.550300e+04
1.850000e-04  6.232580e+04
2.000000e-04  5.864940e+04
2.187762e-04  5.427877e+04
2.400000e-04  4.977240e+04
2.650000e-04  4.503200e+04
2.951209e-04  4.005082e+04
3.350000e-04  3.461060e+04
3.801894e-04  2.970405e+04
4.365158e-04  2.493153e+04
5.069907e-04  2.048192e+04
5.956621e-04  1.643855e+04
7.000000e-04  1.310162e+04
8.413951e-04  1.003523e+04
1.011579e-03  7.621734e+03
1.216186e-03  5.744231e+03
1.462177e-03  4.295174e+03
1.757924e-03  3.186076e+03
2.113489e-03  2.344510e+03
2.540973e-03  1.711480e+03
3.054921e-03  1.239771e+03
3.672823e-03  8.914563e+02
4.415704e-03  6.360848e+02
5.370318e-03  4.410391e+02
6.683439e-03  2.904406e+02
8.128305e-03  1.983796e+02
9.885531e-03  1.344871e+02
1.202264e-02  9.047551e+01
1.445440e-02  6.184407e+01
1.737801e-02  4.194423e+01
2.187762e-02  2.557824e+01
2.630268e-02  1.710036e+01
3.054921e-02  1.225229e+01
3.589219e-02  8.484161e+00
4.265795e-02  5.677608e+00
5.069907e-02  3.769857e+00
6.025596e-02  2.484393e+00
7.244360e-02  1.580194e+00
8.511380e-02  1.056635e+00
1.047129e-01  6.245125e-01
1.348963e-01  3.255651e-01
2.454709e-01  6.846941e-02
3.019952e-01  4.014585e-02
3.589219e-01  2.589900e-02
4.120975e-01  1.835772e-02
4.731513e-01  1.310777e-02
5.370318e-01  9.693643e-03
6.025596e-01  7.416080e-03
6.760830e-01  5.713620e-03
7.585776e-01  4.432314e-03
8.609938e-01  3.377820e-03
9.549926e-01  2.724003e-03
1.071519e+00  2.163662e-03
1.230269e+00  1.653273e-03
1.380384e+00  1.330751e-03
1.548817e+00  1.078339e-03
1.757924e+00  8.623442e-04
2.000000e+00  6.922800e-04
2.290868e+00  5.539185e-04
2.630268e+00  4.449816e-04
3.019952e+00  3.601464e-04
3.507519e+00  2.886552e-04
4.073803e+00  2.330912e-04
4.786301e+00  1.865609e-04
5.688529e+00  1.481493e-04
6.839116e+00  1.167540e-04
8.413951e+00  9.014106e-05
1.011579e+01  7.212657e-05
1.273503e+01  5.499815e-05
1.640590e+01  4.116753e-05
2.200000e+01  2.970300e-05
3.019952e+01  2.106449e-05
4.315191e+01  1.441555e-05
6.606934e+01  9.249372e-06
1.096478e+02  5.495590e-06
2.187762e+02  2.725200e-06
4.365158e+02  1.358906e-06
1.737801e+03  3.398704e-07
1.000000e+05  5.899000e-09
-1  -1
3.644000e-05  0.000000e+00
3.644000e-05  1.063862e+07
3.680000e-05  9.895100e+06
3.720000e-05  9.189160e+06
3.760000e-05  8.580160e+06
3.830000e-05  7.692340e+06
3.900000e-05  6.971460e+06
3.981072e-05  6.282066e+06
4.073803e-05  5.634150e+06
4.180000e-05  5.025940e+06
4.315191e-05  4.394753e+06
4.500000e-05  3.711300e+06
4.800000e-05  2.888440e+06
6.839116e-05  7.437748e+05
7.500000e-05  5.250840e+05
8.222426e-05  3.737873e+05
8.912509e-05  2.793272e+05
9.549926e-05  2.189305e+05
1.020000e-04  1.747666e+05
1.083927e-04  1.430078e+05
1.135011e-04  1.235485e+05
1.194100e-04  1.058402e+05
1.244515e-04  9.382029e+04
1.303167e-04  8.254533e+04
1.364583e-04  7.311889e+04
1.430000e-04  6.509620e+04
1.500000e-04  5.825080e+04
1.566751e-04  5.299892e+04
1.640590e-04  4.829760e+04
1.720000e-04  4.423140e+04
1.800000e-04  4.091920e+04
1.883649e-04  3.809195e+04
1.980000e-04  3.544000e+04
2.089296e-04  3.300478e+04
2.220000e-04  3.065800e+04
2.371374e-04  2.848039e+04
2.580000e-04  2.612300e+04
2.851018e-04  2.376978e+04
4.216965e-04  1.680660e+04
4.897788e-04  1.462626e+04
5.559043e-04  1.291961e+04
6.309573e-04  1.133932e+04
7.079458e-04  1.000869e+04
8.035261e-04  8.664710e+03
9.015711e-04  7.551294e+03
1.023293e-03  6.445376e+03
1.161449e-03  5.459058e+03
1.318257e-03  4.588473e+03
1.496236e-03  3.827034e+03
1.698244e-03  3.166985e+03
1.905461e-03  2.647754e+03
2.162719e-03  2.157166e+03
2.454709e-03  1.743789e+03
2.786121e-03  1.398678e+03
3.162278e-03  1.113506e+03
3.589219e-03  8.799989e+02
4.073803e-03  6.904304e+02
4.623810e-03  5.378452e+02
5.248075e-03  4.160188e+02
6.000000e-03  3.146719e+02
6.839116e-03  2.377325e+02
7.762471e-03  1.799751e+02
8.810489e-03  1.353088e+02
1.000000e-02  1.010272e+02
1.122018e-02  7.696570e+01
1.288250e-02  5.509970e+01
1.548817e-02  3.495234e+01
1.778279e-02  2.473005e+01
2.018366e-02  1.788627e+01
2.290868e-02  1.280624e+01
2.600160e-02  9.101735e+00
3.000000e-02  6.141197e+00
3.507519e-02  3.968331e+00
4.120975e-02  2.509864e+00
4.897788e-02  1.524265e+00
5.888437e-02  8.876666e-01
7.328245e-02  4.630855e-01
9.772372e-02  1.948662e-01
1.584893e-01  4.512427e-02
1.972423e-01  2.342854e-02
2.371374e-01  1.358171e-02
2.786121e-01  8.491662e-03
3.198895e-01  5.717006e-03
3.630781e-01  4.004200e-03
4.120975e-01  2.824520e-03
4.623810e-01  2.070752e-03
5.128614e-01  1.575986e-03
5.754399e-01  1.172566e-03
6.456542e-01  8.792797e-04
7.161434e-01  6.833666e-04
7.943282e-01  5.348809e-04
8.709636e-01  4.317162e-04
9.332543e-01  3.697993e-04
1.000000e+00  3.189100e-04
1.096478e+00  2.643222e-04
1.202264e+00  2.206439e-04
1.318257e+00  1.854867e-04
1.479108e+00  1.505234e-04
1.717908e+00  1.153932e-04
1.949845e+00  9.283021e-05
2.213095e+00  7.527449e-05
2.540973e+00  6.035317e-05
2.917427e+00  4.875703e-05
3.349654e+00  3.967091e-05
3.890451e+00  3.196348e-05
4.570882e+00  2.552712e-05
5.370318e+00  2.053903e-05
6.456542e+00  1.614778e-05
7.673615e+00  1.298174e-05
9.332543e+00  1.020806e-05
1.174898e+01  7.763459e-06
1.479108e+01  5.949983e-06
1.883649e+01  4.531743e-06
2.483133e+01  3.344001e-06
3.507519e+01  2.306513e-06
5.069907e+01  1.564478e-06
8.709636e+01  8.938314e-07
1.659587e+02  4.631752e-07
3.311311e+02  2.305201e-07
1.318257e+03  5.760197e-08
1.000000e+05  7.580000e-10
-1  -1
3.001000e-05  0.000000e+00
3.001000e-05  2.521508e+07
3.010000e-05  2.459128e+07
3.040000e-05  2.282464e+07
3.080000e-05  2.081696e+07
3.135000e-05  1.855504e+07
3.190000e-05  1.671296e+07
3.245000e-05  1.517624e+07
3.311311e-05  1.363115e+07
3.388442e-05  1.214473e+07
3.470000e-05  1.084392e+07
3.589219e-05  9.305471e+06
3.730000e-05  7.879960e+06
3.935501e-05  6.306699e+06
4.216965e-05  4.774273e+06
4.841724e-05  2.764417e+06
5.432503e-05  1.764216e+06
5.888437e-05  1.297066e+06
6.309573e-05  1.003806e+06
6.683439e-05  8.161801e+05
7.079458e-05  6.684459e+05
7.413102e-05  5.731823e+05
7.800000e-05  4.870400e+05
8.150000e-05  4.259600e+05
8.511380e-05  3.755227e+05
8.912509e-05  3.309749e+05
9.300000e-05  2.966688e+05
9.660509e-05  2.706605e+05
1.000000e-04  2.502680e+05
1.040000e-04  2.302732e+05
1.083927e-04  2.122448e+05
1.135011e-04  1.952056e+05
1.190000e-04  1.803812e+05
1.244515e-04  1.683607e+05
1.318257e-04  1.551986e+05
1.400000e-04  1.435840e+05
1.500000e-04  1.323064e+05
1.621810e-04  1.215271e+05
1.800000e-04  1.094296e+05
2.600160e-04  7.706070e+04
3.054921e-04  6.563688e+04
3.548134e-04  5.614299e+04
4.073803e-04  4.824325e+04
4.700600e-04  4.091184e+04
5.370318e-04  3.484197e+04
6.165950e-04  2.927853e+04
7.000000e-04  2.479424e+04
8.035261e-04  2.054566e+04
9.225714e-04  1.688602e+04
1.059254e-03  1.377568e+04
1.216186e-03  1.114980e+04
1.380384e-03  9.120482e+03
1.566751e-03  7.409132e+03
1.778279e-03  5.976693e+03
2.018366e-03  4.787319e+03
2.290868e-03  3.807137e+03
2.600160e-03  3.006151e+03
2.951209e-03  2.356853e+03
3.349654e-03  1.834607e+03
3.801894e-03  1.418074e+03
4.315191e-03  1.088533e+03
4.897788e-03  8.298340e+02
5.559043e-03  6.283058e+02
6.309573e-03  4.724311e+02
7.244360e-03  3.434360e+02
8.222426e-03  2.545498e+02
9.332543e-03  1.873019e+02
1.083927e-02  1.292763e+02
1.230269e-02  9.379314e+01
1.380384e-02  6.953817e+01
1.640590e-02  4.384446e+01
1.883649e-02  3.008504e+01
2.162719e-02  2.048265e+01
2.483133e-02  1.383989e+01
2.851018e-02  9.283435e+00
3.273407e-02  6.182973e+00
3.801894e-02  3.950961e+00
4.415704e-02  2.505885e+00
5.188000e-02  1.523146e+00
6.189000e-02  8.765069e-01
7.498942e-02  4.760631e-01
9.660509e-02  2.109293e-01
1.659587e-01  3.674043e-02
2.018366e-01  1.965171e-02
2.371374e-01  1.181952e-02
2.722701e-01  7.698041e-03
3.090295e-01  5.232896e-03
3.467369e-01  3.709621e-03
3.890451e-01  2.649129e-03
4.315191e-01  1.970318e-03
4.786301e-01  1.475967e-03
5.248075e-01  1.149180e-03
5.821032e-01  8.737795e-04
6.456542e-01  6.697053e-04
7.079458e-01  5.323100e-04
7.762471e-01  4.258806e-04
8.609938e-01  3.330665e-04
9.225714e-01  2.844095e-04
9.885531e-01  2.446168e-04
1.071519e+00  2.071040e-04
1.174898e+00  1.725351e-04
1.288250e+00  1.448145e-04
1.428894e+00  1.198467e-04
1.698244e+00  8.814884e-05
1.927525e+00  7.085972e-05
2.187762e+00  5.741783e-05
2.511886e+00  4.600619e-05
2.884032e+00  3.714453e-05
3.311311e+00  3.020503e-05
3.845918e+00  2.432262e-05
4.518559e+00  1.941389e-05
5.308844e+00  1.561276e-05
6.382635e+00  1.226888e-05
7.498942e+00  1.000121e-05
9.225714e+00  7.748642e-06
1.161449e+01  5.890853e-06
1.462177e+01  4.513042e-06
1.862087e+01  3.436265e-06
2.454709e+01  2.534970e-06
3.467369e+01  1.747966e-06
5.069907e+01  1.171216e-06
8.709636e+01  6.691317e-07
1.659587e+02  3.467365e-07
3.311311e+02  1.725690e-07
1.318257e+03  4.312146e-08
1.000000e+05  5.674400e-10
-1  -1
5.610000e-06  0.000000e+00
5.610000e-06  4.880360e+06
5.900000e-06  3.980660e+06
6.531306e-06  2.608388e+06
7.244360e-06  1.683900e+06
8.035261e-06  1.079388e+06
8.912509e-06  6.868192e+05
9.885531e-06  4.339077e+05
1.303167e-05  1.250225e+05
1.396368e-05  9.214198e+04
1.462177e-05  7.560177e+04
1.531087e-05  6.244494e+04
1.590000e-05  5.373120e+04
1.640590e-05  4.769057e+04
1.698244e-05  4.210492e+04
1.750000e-05  3.803540e+04
1.800000e-05  3.479200e+04
1.850000e-05  3.210480e+04
1.905461e-05  2.965922e+04
1.950000e-05  2.803360e+04
2.000000e-05  2.650740e+04
2.055000e-05  2.513340e+04
2.113489e-05  2.396099e+04
2.170000e-05  2.305940e+04
2.238721e-05  2.220956e+04
2.300000e-05  2.163520e+04
2.375200e-05  2.111614e+04
2.454709e-05  2.073963e+04
2.540973e-05  2.048119e+04
2.650000e-05  2.031340e+04
2.786121e-05  2.026656e+04
2.985383e-05  2.037492e+04
3.630781e-05  2.099658e+04
3.935501e-05  2.112200e+04
4.216965e-05  2.109398e+04
4.518559e-05  2.093473e+04
4.841724e-05  2.064200e+04
5.188000e-05  2.020578e+04
5.559043e-05  1.963312e+04
6.000000e-05  1.886832e+04
6.456542e-05  1.803596e+04
7.000000e-05  1.702690e+04
7.673615e-05  1.581024e+04
8.413951e-05  1.457832e+04
9.332543e-05  1.320852e+04
1.071519e-04  1.148869e+04
1.303167e-04  9.326423e+03
1.737801e-04  6.798088e+03
2.000000e-04  5.790260e+03
2.238721e-04  5.037125e+03
2.540973e-04  4.272379e+03
2.951209e-04  3.488500e+03
3.715352e-04  2.533252e+03
4.954502e-04  1.692426e+03
6.025596e-04  1.271377e+03
8.128305e-04  8.156878e+02
9.660509e-04  6.260259e+02
1.230269e-03  4.286230e+02
1.500000e-03  3.119720e+02
1.819701e-03  2.270346e+02
1.949845e-03  2.014948e+02
2.041738e-03  1.868205e+02
2.113489e-03  1.756807e+02
2.176000e-03  1.661888e+02
2.238721e-03  1.556963e+02
2.290868e-03  1.484864e+02
2.317700e-03  1.454312e+02
2.344229e-03  1.441668e+02
2.398833e-03  1.426437e+02
2.483133e-03  1.410550e+02
2.517600e-03  1.400189e+02
2.570396e-03  1.360436e+02
2.630268e-03  1.308410e+02
2.691535e-03  1.250209e+02
2.754229e-03  1.187193e+02
2.851018e-03  1.091515e+02
3.000000e-03  9.612493e+01
3.126079e-03  8.786354e+01
3.235937e-03  8.181881e+01
3.388442e-03  7.500448e+01
3.548134e-03  6.920517e+01
3.758374e-03  6.300715e+01
4.000000e-03  5.721882e+01
4.466836e-03  4.689878e+01
5.069907e-03  3.703845e+01
7.413102e-03  1.782851e+01
9.015711e-03  1.213396e+01
1.096478e-02  8.195722e+00
1.318257e-02  5.624374e+00
1.584893e-02  3.830978e+00
1.905461e-02  2.589112e+00
2.264644e-02  1.780329e+00
2.691535e-02  1.215475e+00
3.198895e-02  8.237520e-01
3.801894e-02  5.540627e-01
4.518559e-02  3.698918e-01
5.308844e-02  2.519238e-01
6.309573e-02  1.657034e-01
7.585776e-02  1.051956e-01
9.015711e-02  6.819467e-02
1.122019e-01  3.905468e-02
1.479108e-01  1.914286e-02
2.426610e-01  5.266580e-03
3.000000e-01  3.049200e-03
3.548134e-01  1.991393e-03
4.120975e-01  1.371723e-03
4.731513e-01  9.798384e-04
5.370318e-01  7.250195e-04
6.025596e-01  5.550556e-04
6.760830e-01  4.280200e-04
7.585776e-01  3.324357e-04
8.511380e-01  2.600993e-04
9.440609e-01  2.099769e-04
1.059254e+00  1.668422e-04
1.216186e+00  1.274376e-04
1.380384e+00  1.003018e-04
1.548817e+00  8.124756e-05
1.737801e+00  6.628323e-05
1.972423e+00  5.338731e-05
2.238721e+00  4.331954e-05
2.570396e+00  3.475540e-05
2.951209e+00  2.809541e-05
3.427678e+00  2.249057e-05
4.000000e+00  1.802000e-05
4.677351e+00  1.450390e-05
5.495409e+00  1.168166e-05
6.606934e+00  9.193052e-06
7.943282e+00  7.292839e-06
9.440609e+00  5.903193e-06
1.188502e+01  4.491293e-06
1.500000e+01  3.433600e-06
1.927525e+01  2.590163e-06
2.540973e+01  1.912306e-06
3.589219e+01  1.319788e-06
5.188000e+01  8.956242e-07
8.912509e+01  5.118787e-07
1.717908e+02  2.622498e-07
3.427678e+02  1.305552e-07
1.364583e+03  3.262704e-08
1.000000e+05  4.444700e-10
-1  -1
-2  0.0
-2  -2
