9.876400e-02  0.000000e+00
9.876400e-02  1.703256e+03
1.015000e-01  1.585850e+03
1.030000e-01  1.534556e+03
1.060000e-01  1.423018e+03
1.109175e-01  1.274569e+03
1.244515e-01  9.485089e+02
1.412538e-01  6.872505e+02
2.426610e-01  1.689783e+02
2.917427e-01  1.054524e+02
3.427678e-01  7.031321e+01
3.981072e-01  4.862795e+01
4.518559e-01  3.583881e+01
5.128614e-01  2.661629e+01
5.821032e-01  1.991265e+01
6.531306e-01  1.540160e+01
7.413102e-01  1.169829e+01
8.511380e-01  8.740130e+00
9.549926e-01  6.905830e+00
1.135011e+00  4.908392e+00
1.273503e+00  3.928513e+00
1.445440e+00  3.100847e+00
1.603245e+00  2.571726e+00
1.840772e+00  2.019654e+00
2.137962e+00  1.565423e+00
2.398833e+00  1.296311e+00
2.722701e+00  1.061207e+00
3.198895e+00  8.297608e-01
3.715352e+00  6.651009e-01
4.315191e+00  5.369784e-01
5.069907e+00  4.296148e-01
6.025596e+00  3.408724e-01
7.244360e+00  2.684899e-01
8.709636e+00  2.130465e-01
1.071519e+01  1.654984e-01
1.318257e+01  1.295510e-01
1.621810e+01  1.020137e-01
2.089296e+01  7.670933e-02
2.800000e+01  5.562800e-02
3.890451e+01  3.907709e-02
5.888437e+01  2.527255e-02
1.023293e+02  1.427795e-02
2.041738e+02  7.069349e-03
4.073803e+02  3.520681e-03
1.621810e+03  8.803480e-04
1.000000e+05  1.425200e-05
-1  -1
1.804200e-02  0.000000e+00
1.804200e-02  6.010633e+03
1.830000e-02  5.855416e+03
1.870000e-02  5.643160e+03
1.900000e-02  5.502080e+03
1.950000e-02  5.245220e+03
2.020000e-02  4.955620e+03
2.238721e-02  4.115824e+03
2.426610e-02  3.569524e+03
2.600160e-02  3.138228e+03
2.851018e-02  2.633163e+03
3.548134e-02  1.706241e+03
3.935501e-02  1.377569e+03
4.570882e-02  1.006178e+03
5.500000e-02  6.729920e+02
6.382635e-02  4.824660e+02
7.244360e-02  3.614524e+02
8.413951e-02  2.553179e+02
1.000000e-01  1.695974e+02
1.202264e-01  1.087639e+02
1.500000e-01  6.327380e+01
2.722701e-01  1.447247e+01
3.349654e-01  8.724953e+00
3.981072e-01  5.764670e+00
4.623810e-01  4.056709e+00
5.370318e-01  2.876391e+00
6.095369e-01  2.164936e+00
6.998420e-01  1.601798e+00
8.035261e-01  1.194288e+00
9.332543e-01  8.759686e-01
1.035142e+00  7.112814e-01
1.202264e+00  5.305438e-01
1.348963e+00  4.262867e-01
1.513561e+00  3.447812e-01
1.717908e+00  2.753237e-01
2.018366e+00  2.085900e-01
2.264644e+00  1.721382e-01
2.570396e+00  1.404363e-01
2.951209e+00  1.133625e-01
3.427678e+00  9.050380e-02
4.000000e+00  7.229700e-02
4.677351e+00  5.801920e-02
5.559043e+00  4.586833e-02
6.606934e+00  3.654265e-02
8.000000e+00  2.863300e-02
9.885531e+00  2.205402e-02
1.216186e+01  1.721287e-02
1.566751e+01  1.282858e-02
2.018366e+01  9.638215e-03
2.691535e+01  7.020451e-03
3.758374e+01  4.901423e-03
5.623413e+01  3.206016e-03
9.440609e+01  1.875194e-03
1.757924e+02  9.947885e-04
3.507519e+02  4.949187e-04
1.396368e+03  1.236611e-04
1.000000e+05  1.723100e-06
-1  -1
1.739600e-02  0.000000e+00
1.739600e-02  1.215153e+04
1.753000e-02  1.199693e+04
1.820000e-02  1.095900e+04
1.970000e-02  9.000400e+03
2.371374e-02  5.596400e+03
2.630268e-02  4.257500e+03
3.311311e-02  2.289500e+03
4.168694e-02  1.209500e+03
5.188000e-02  6.515900e+02
6.531306e-02  3.363100e+02
8.317638e-02  1.665900e+02
1.584893e-01  2.526400e+01
1.949845e-01  1.385798e+01
2.344229e-01  8.177396e+00
2.754229e-01  5.190009e+00
3.198895e-01  3.427794e+00
3.672823e-01  2.354642e+00
4.168694e-01  1.680544e+00
4.731513e-01  1.208266e+00
5.308844e-01  9.014255e-01
5.956621e-01  6.774153e-01
6.606935e-01  5.274749e-01
7.413102e-01  4.029042e-01
8.317638e-01  3.101821e-01
9.440609e-01  2.343982e-01
1.011579e+00  2.024794e-01
1.109175e+00  1.680200e-01
1.216186e+00  1.403641e-01
1.333521e+00  1.180736e-01
1.513561e+00  9.388462e-02
1.757924e+00  7.205717e-02
2.044000e+00  5.560503e-02
2.290868e+00  4.600956e-02
2.600160e+00  3.756790e-02
3.000000e+00  3.012800e-02
3.467369e+00  2.424459e-02
4.027170e+00  1.951042e-02
4.731513e+00  1.556053e-02
5.623413e+00  1.230764e-02
6.683439e+00  9.810128e-03
8.035261e+00  7.759318e-03
9.885531e+00  6.009680e-03
1.216186e+01  4.690499e-03
1.566751e+01  3.495719e-03
2.018366e+01  2.626282e-03
2.691535e+01  1.912997e-03
3.758374e+01  1.335559e-03
5.623413e+01  8.736264e-04
9.440609e+01  5.109804e-04
1.737801e+02  2.742580e-04
3.467369e+02  1.364345e-04
1.380384e+03  3.408904e-05
1.000000e+05  4.695300e-07
-1  -1
1.461900e-02  0.000000e+00
1.461900e-02  2.860043e+04
1.490000e-02  2.720992e+04
1.659587e-02  2.029751e+04
2.018366e-02  1.174002e+04
2.264644e-02  8.435883e+03
2.800000e-02  4.540920e+03
3.507519e-02  2.315578e+03
4.365158e-02  1.188249e+03
5.370318e-02  6.250919e+02
6.606934e-02  3.261055e+02
8.413951e-02  1.514186e+02
1.548817e-01  2.154442e+01
1.927525e-01  1.077514e+01
2.238721e-01  6.746825e+00
2.600160e-01  4.253474e+00
2.985383e-01  2.799189e+00
3.388442e-01  1.921375e+00
3.801894e-01  1.374056e+00
4.265795e-01  9.898081e-01
4.731513e-01  7.416753e-01
5.248075e-01  5.595600e-01
5.821032e-01  4.252072e-01
6.456542e-01  3.254661e-01
7.161434e-01  2.509695e-01
7.943282e-01  1.950225e-01
8.709636e-01  1.569071e-01
9.440609e-01  1.301944e-01
1.000000e+00  1.146413e-01
1.071519e+00  9.918979e-02
1.161449e+00  8.443035e-02
1.258925e+00  7.238178e-02
1.396368e+00  5.988505e-02
1.737801e+00  4.063804e-02
2.018366e+00  3.138921e-02
2.264644e+00  2.590418e-02
2.570396e+00  2.113306e-02
2.951209e+00  1.705827e-02
3.427678e+00  1.361855e-02
4.000000e+00  1.087900e-02
4.677351e+00  8.730743e-03
5.559043e+00  6.902425e-03
6.606934e+00  5.499002e-03
8.000000e+00  4.308700e-03
9.885531e+00  3.318753e-03
1.216186e+01  2.590260e-03
1.566751e+01  1.930493e-03
2.041738e+01  1.431851e-03
2.722701e+01  1.043320e-03
3.801894e+01  7.285928e-04
5.688529e+01  4.766858e-04
9.660509e+01  2.755852e-04
1.840772e+02  1.428628e-04
3.672823e+02  7.110074e-05
1.462177e+03  1.777002e-05
1.000000e+05  2.593000e-07
-1  -1
4.447700e-03  0.000000e+00
4.447700e-03  1.621063e+04
4.780000e-03  1.477554e+04
4.920000e-03  1.424722e+04
5.230000e-03  1.307434e+04
5.650000e-03  1.179332e+04
5.900000e-03  1.108250e+04
6.800000e-03  8.930760e+03
7.328245e-03  7.983708e+03
7.852356e-03  7.147619e+03
9.660509e-03  5.069807e+03
1.080000e-02  4.174540e+03
1.244515e-02  3.245433e+03
1.462177e-02  2.410971e+03
1.640590e-02  1.940018e+03
1.949845e-02  1.388438e+03
2.344229e-02  9.614977e+02
2.800000e-02  6.680340e+02
3.349654e-02  4.583002e+02
3.935501e-02  3.240427e+02
4.623810e-02  2.274748e+02
5.432503e-02  1.585550e+02
6.456542e-02  1.068884e+02
7.762471e-02  6.962871e+01
9.225714e-02  4.622444e+01
1.135011e-01  2.805370e+01
1.462177e-01  1.511115e+01
2.600160e-01  3.640844e+00
3.235937e-01  2.134100e+00
3.845918e-01  1.409255e+00
4.518559e-01  9.637639e-01
5.188000e-01  7.007450e-01
5.956621e-01  5.132601e-01
6.839117e-01  3.789003e-01
7.762471e-01  2.889110e-01
8.810489e-01  2.216587e-01
9.772372e-01  1.795787e-01
1.188502e+00  1.221670e-01
1.318257e+00  1.002027e-01
1.496236e+00  7.926554e-02
1.698244e+00  6.325643e-02
1.972423e+00  4.884381e-02
2.213095e+00  4.025170e-02
2.511886e+00  3.279271e-02
2.884032e+00  2.643758e-02
3.388442e+00  2.072775e-02
3.935501e+00  1.666152e-02
4.623810e+00  1.327348e-02
5.495409e+00  1.048820e-02
6.531306e+00  8.351570e-03
7.852356e+00  6.599582e-03
9.660509e+00  5.106782e-03
1.188502e+01  3.982529e-03
1.531087e+01  2.965317e-03
2.000000e+01  2.192400e-03
2.660725e+01  1.600663e-03
3.672823e+01  1.130994e-03
5.432503e+01  7.484004e-04
8.912509e+01  4.479875e-04
1.513561e+02  2.607624e-04
3.019952e+02  1.295808e-04
1.202264e+03  3.235021e-05
3.801894e+04  1.020574e-06
1.000000e+05  3.879700e-07
-1  -1
4.147600e-03  0.000000e+00
4.147600e-03  2.612417e+04
4.340000e-03  2.495483e+04
4.518559e-03  2.384156e+04
5.011872e-03  2.097068e+04
5.248075e-03  1.971483e+04
5.559043e-03  1.813084e+04
6.300000e-03  1.502416e+04
6.650000e-03  1.379834e+04
7.161434e-03  1.223222e+04
8.609938e-03  8.837748e+03
9.225714e-03  7.771034e+03
1.083927e-02  5.679310e+03
1.174898e-02  4.824536e+03
1.364583e-02  3.526292e+03
1.500000e-02  2.872060e+03
1.717908e-02  2.123809e+03
1.950000e-02  1.586996e+03
2.162719e-02  1.244366e+03
2.500000e-02  8.778000e+02
2.917427e-02  5.991896e+02
3.388442e-02  4.101107e+02
3.935501e-02  2.784429e+02
4.623810e-02  1.819746e+02
5.432503e-02  1.180140e+02
6.456542e-02  7.363844e+01
7.852356e-02  4.280335e+01
1.000000e-01  2.171291e+01
1.883649e-01  3.607700e+00
2.344229e-01  1.952329e+00
2.786121e-01  1.210278e+00
3.235937e-01  8.049768e-01
3.715352e-01  5.561340e-01
4.265795e-01  3.870224e-01
4.841724e-01  2.796145e-01
5.432503e-01  2.094835e-01
6.095369e-01  1.580327e-01
6.839117e-01  1.201009e-01
7.585776e-01  9.444350e-02
8.609938e-01  7.096217e-02
9.440609e-01  5.807229e-02
1.023293e+00  4.908152e-02
1.122018e+00  4.079737e-02
1.244515e+00  3.339059e-02
1.396368e+00  2.695123e-02
1.621810e+00  2.059110e-02
1.883649e+00  1.585820e-02
2.137962e+00  1.279331e-02
2.426610e+00  1.040166e-02
2.754229e+00  8.519458e-03
3.235937e+00  6.664153e-03
3.758374e+00  5.344783e-03
4.415704e+00  4.248302e-03
5.188000e+00  3.402289e-03
6.165950e+00  2.702304e-03
7.413102e+00  2.130528e-03
8.912509e+00  1.692035e-03
1.096478e+01  1.315532e-03
1.348963e+01  1.030654e-03
1.640590e+01  8.227616e-04
2.113489e+01  6.188515e-04
2.818383e+01  4.513343e-04
3.935501e+01  3.154251e-04
6.000000e+01  2.025100e-04
1.059254e+02  1.126085e-04
2.113489e+02  5.578063e-05
4.216965e+02  2.778601e-05
1.678804e+03  6.948827e-06
1.000000e+05  1.164600e-07
-1  -1
3.517900e-03  0.000000e+00
3.517900e-03  8.873399e+04
3.613000e-03  8.531455e+04
3.845918e-03  7.731586e+04
4.365158e-03  6.262806e+04
4.786301e-03  5.302995e+04
5.500000e-03  4.103600e+04
6.025596e-03  3.447895e+04
7.328245e-03  2.320826e+04
7.943282e-03  1.957874e+04
9.440609e-03  1.343388e+04
1.035142e-02  1.090750e+04
1.190000e-02  7.899000e+03
1.350000e-02  5.841760e+03
1.500000e-02  4.517480e+03
1.737801e-02  3.124368e+03
1.972423e-02  2.255976e+03
2.213095e-02  1.668115e+03
2.540973e-02  1.152347e+03
2.951209e-02  7.650158e+02
3.427678e-02  5.034681e+02
3.981072e-02  3.286221e+02
4.623810e-02  2.128870e+02
5.370318e-02  1.369404e+02
6.382635e-02  8.166317e+01
7.673615e-02  4.667676e+01
9.440609e-02  2.468386e+01
1.819701e-01  3.213095e+00
2.264644e-01  1.639571e+00
2.660725e-01  1.005871e+00
3.054921e-01  6.663510e-01
3.467369e-01  4.600548e-01
3.935501e-01  3.199952e-01
4.415705e-01  2.317062e-01
4.954502e-01  1.690446e-01
5.495409e-01  1.281812e-01
6.095369e-01  9.787191e-02
6.760830e-01  7.527889e-02
7.498942e-01  5.832077e-02
8.709636e-01  4.068492e-02
9.332543e-01  3.468746e-02
9.885531e-01  3.055530e-02
1.071519e+00  2.583034e-02
1.161449e+00  2.199091e-02
1.258925e+00  1.884105e-02
1.396368e+00  1.557957e-02
1.717908e+00  1.078300e-02
2.000000e+00  8.291128e-03
2.238721e+00  6.864639e-03
2.540973e+00  5.596477e-03
2.917427e+00  4.514864e-03
3.388442e+00  3.602762e-03
3.935501e+00  2.896058e-03
4.623810e+00  2.307141e-03
5.495409e+00  1.823023e-03
6.531306e+00  1.451573e-03
7.852356e+00  1.147128e-03
9.660509e+00  8.876283e-04
1.188502e+01  6.922055e-04
1.531087e+01  5.154095e-04
2.000000e+01  3.810600e-04
2.660725e+01  2.782064e-04
3.715352e+01  1.941870e-04
5.495409e+01  1.285253e-04
9.120108e+01  7.604115e-05
1.603245e+02  4.274805e-05
3.198895e+02  2.125264e-05
1.273503e+03  5.307626e-06
4.027170e+04  1.674639e-07
1.000000e+05  6.743400e-08
-1  -1
3.021600e-03  0.000000e+00
3.021600e-03  2.397994e+05
3.150000e-03  2.181502e+05
3.264200e-03  1.988735e+05
3.350000e-03  1.865764e+05
3.589219e-03  1.560459e+05
4.027170e-03  1.144984e+05
4.466836e-03  8.608827e+04
5.069907e-03  6.022328e+04
5.623413e-03  4.457940e+04
6.309573e-03  3.167966e+04
7.673615e-03  1.742087e+04
8.511380e-03  1.258462e+04
9.800000e-03  8.038440e+03
1.150000e-02  4.773880e+03
1.273503e-02  3.405091e+03
1.479108e-02  2.058145e+03
1.730000e-02  1.203000e+03
2.018366e-02  7.028494e+02
2.344229e-02  4.138596e+02
2.722701e-02  2.419525e+02
3.198895e-02  1.347547e+02
3.845918e-02  6.845731e+01
4.677351e-02  3.306399e+01
5.888437e-02  1.393002e+01
1.122019e-01  1.218112e+00
1.396368e-01  5.363795e-01
1.678804e-01  2.706502e-01
1.949845e-01  1.562617e-01
2.264644e-01  9.083180e-02
2.570396e-01  5.782428e-02
2.884032e-01  3.864453e-02
3.235937e-01  2.603389e-02
3.630781e-01  1.767178e-02
4.073803e-01  1.208550e-02
4.518559e-01  8.638509e-03
5.011872e-01  6.219207e-03
5.559043e-01  4.513664e-03
6.165950e-01  3.302391e-03
6.760830e-01  2.518693e-03
7.328245e-01  1.999585e-03
8.511380e-01  1.318681e-03
9.015711e-01  1.130768e-03
9.440609e-01  1.005743e-03
9.885531e-01  9.001313e-04
1.035142e+00  8.112297e-04
1.096478e+00  7.176572e-04
1.161449e+00  6.392801e-04
1.244515e+00  5.606108e-04
1.348963e+00  4.846043e-04
1.548817e+00  3.809654e-04
1.883649e+00  2.702142e-04
2.137962e+00  2.178091e-04
2.398833e+00  1.803654e-04
2.722701e+00  1.476490e-04
3.198895e+00  1.154429e-04
3.715352e+00  9.253345e-05
4.315191e+00  7.470746e-05
5.069907e+00  5.977008e-05
6.025596e+00  4.742423e-05
7.244360e+00  3.735445e-05
8.709636e+00  2.964018e-05
1.071519e+01  2.302514e-05
1.318257e+01  1.802328e-05
1.621810e+01  1.419329e-05
2.065380e+01  1.080944e-05
2.754229e+01  7.878821e-06
3.845918e+01  5.503573e-06
5.754399e+01  3.601571e-06
9.885531e+01  2.057989e-06
1.972423e+02  1.018529e-06
3.935501e+02  5.071515e-07
1.566751e+03  1.267940e-07
1.000000e+05  1.982800e-09
-1  -1
2.889300e-03  0.000000e+00
2.889300e-03  4.030333e+05
3.090295e-03  3.208399e+05
3.110000e-03  3.146928e+05
3.235937e-03  2.843666e+05
3.467369e-03  2.365957e+05
3.845918e-03  1.782641e+05
4.300000e-03  1.304760e+05
4.731513e-03  9.922207e+04
5.188000e-03  7.577468e+04
5.821032e-03  5.369406e+04
6.237348e-03  4.350217e+04
7.500000e-03  2.450334e+04
8.317638e-03  1.759851e+04
9.440609e-03  1.167848e+04
1.096478e-02  7.114283e+03
1.216186e-02  5.017970e+03
1.400000e-02  3.100362e+03
1.621810e-02  1.856942e+03
1.883649e-02  1.092147e+03
2.162719e-02  6.639444e+02
2.454709e-02  4.182111e+02
2.818383e-02  2.510270e+02
3.235937e-02  1.498033e+02
3.801894e-02  8.146627e+01
4.570882e-02  4.029594e+01
5.432503e-02  2.069420e+01
1.096478e-01  1.342573e+00
1.348963e-01  6.025702e-01
1.603245e-01  3.113095e-01
1.840772e-01  1.847445e-01
2.113489e-01  1.104575e-01
2.371374e-01  7.245270e-02
2.630268e-01  4.990929e-02
2.917427e-01  3.463985e-02
3.198895e-01  2.520989e-02
3.507519e-01  1.846947e-02
3.845918e-01  1.362058e-02
4.265795e-01  9.741937e-03
4.677351e-01  7.284323e-03
5.069907e-01  5.683382e-03
5.559043e-01  4.312543e-03
6.095369e-01  3.297425e-03
6.683439e-01  2.539520e-03
7.244360e-01  2.034200e-03
7.852356e-01  1.640198e-03
8.609938e-01  1.287898e-03
9.120108e-01  1.114329e-03
9.660509e-01  9.710954e-04
1.011579e+00  8.752419e-04
1.071519e+00  7.738811e-04
1.148154e+00  6.727562e-04
1.230269e+00  5.889844e-04
1.333521e+00  5.079628e-04
1.819701e+00  2.938226e-04
2.089296e+00  2.319003e-04
2.344229e+00  1.917769e-04
2.660725e+00  1.567798e-04
3.090295e+00  1.245841e-04
3.589219e+00  9.968886e-05
4.168694e+00  8.035534e-05
4.897788e+00  6.418766e-05
5.821032e+00  5.085040e-05
6.918310e+00  4.059007e-05
8.317638e+00  3.214905e-05
1.023293e+01  2.493164e-05
1.273503e+01  1.922219e-05
1.584893e+01  1.492578e-05
2.041738e+01  1.121658e-05
2.722701e+01  8.172643e-06
3.801894e+01  5.707297e-06
5.688529e+01  3.734025e-06
9.660509e+01  2.158752e-06
1.840772e+02  1.119061e-06
3.672823e+02  5.569545e-07
1.462177e+03  1.391969e-07
1.000000e+05  2.031100e-09
-1  -1
1.072700e-03  0.000000e+00
1.072700e-03  3.614440e+04
1.168000e-03  3.415540e+04
1.273503e-03  3.152333e+04
1.570000e-03  2.527900e+04
1.905461e-03  2.003772e+04
2.065380e-03  1.805313e+04
2.511886e-03  1.382992e+04
2.786121e-03  1.191263e+04
3.273407e-03  9.371019e+03
3.801894e-03  7.424317e+03
4.315191e-03  6.063279e+03
5.128614e-03  4.557490e+03
6.095369e-03  3.394162e+03
7.244360e-03  2.505537e+03
8.609938e-03  1.834696e+03
1.035142e-02  1.304476e+03
1.230269e-02  9.402003e+02
1.462177e-02  6.729250e+02
1.737801e-02  4.782309e+02
2.065380e-02  3.375199e+02
2.483133e-02  2.308770e+02
2.951209e-02  1.605140e+02
3.507519e-02  1.107927e+02
4.168694e-02  7.589594e+01
4.954502e-02  5.162480e+01
5.888437e-02  3.485933e+01
7.079458e-02  2.275705e+01
8.413951e-02  1.515179e+01
1.035142e-01  9.218771e+00
1.318257e-01  5.120269e+00
1.621810e-01  3.075325e+00
2.540973e-01  1.013122e+00
3.162278e-01  5.935494e-01
3.801894e-01  3.810269e-01
4.466836e-01  2.604499e-01
5.128614e-01  1.892602e-01
5.888437e-01  1.385329e-01
6.760830e-01  1.021943e-01
7.673615e-01  7.787018e-02
8.810489e-01  5.830044e-02
9.772372e-01  4.722791e-02
1.174898e+00  3.285276e-02
1.303167e+00  2.692821e-02
1.479108e+00  2.128802e-02
1.678804e+00  1.697681e-02
1.949845e+00  1.310068e-02
2.187762e+00  1.078763e-02
2.454709e+00  8.944981e-03
2.786121e+00  7.331632e-03
3.273407e+00  5.738932e-03
3.801894e+00  4.605377e-03
4.466836e+00  3.662669e-03
5.308844e+00  2.889454e-03
6.309573e+00  2.297346e-03
7.585776e+00  1.812977e-03
9.225714e+00  1.420862e-03
1.135011e+01  1.106105e-03
1.412538e+01  8.560265e-04
1.757924e+01  6.664543e-04
2.290868e+01  4.959534e-04
3.126079e+01  3.535246e-04
4.415704e+01  2.446641e-04
6.760830e+01  1.567345e-04
1.148154e+02  9.086152e-05
2.290868e+02  4.504489e-05
4.570882e+02  2.244746e-05
1.819701e+03  5.615833e-06
1.000000e+05  1.020300e-07
-1  -1
9.385100e-04  0.000000e+00
9.385100e-04  3.181184e+04
1.050000e-03  3.150296e+04
1.100000e-03  3.130517e+04
1.216186e-03  3.038445e+04
1.288250e-03  2.964996e+04
1.396368e-03  2.842894e+04
1.500000e-03  2.721100e+04
1.621810e-03  2.576463e+04
1.730000e-03  2.450060e+04
1.862087e-03  2.293887e+04
2.089296e-03  2.050215e+04
2.238721e-03  1.905906e+04
2.426610e-03  1.737380e+04
2.722701e-03  1.510111e+04
2.951209e-03  1.360157e+04
3.311311e-03  1.161012e+04
3.650000e-03  1.009058e+04
4.120975e-03  8.388870e+03
4.570882e-03  7.116547e+03
5.188000e-03  5.768504e+03
5.800000e-03  4.757500e+03
6.531306e-03  3.846894e+03
7.413102e-03  3.041365e+03
8.317638e-03  2.438936e+03
9.440609e-03  1.898772e+03
1.080000e-02  1.443194e+03
1.230269e-02  1.097632e+03
1.412538e-02  8.142525e+02
1.621810e-02  5.989474e+02
1.850000e-02  4.435780e+02
2.100000e-02  3.299360e+02
2.400000e-02  2.398720e+02
2.754229e-02  1.713761e+02
3.198895e-02  1.179555e+02
3.715352e-02  8.055149e+01
4.315191e-02  5.460099e+01
5.069907e-02  3.564620e+01
6.025596e-02  2.239749e+01
7.244360e-02  1.353271e+01
9.015711e-02  7.378261e+00
1.148154e-01  3.744420e+00
1.905461e-01  8.977299e-01
2.398833e-01  4.718881e-01
2.851018e-01  2.933479e-01
3.311311e-01  1.956676e-01
3.801894e-01  1.355591e-01
4.365158e-01  9.459012e-02
4.954502e-01  6.849556e-02
5.623413e-01  4.997852e-02
6.309573e-01  3.780186e-02
7.079458e-01  2.880706e-02
7.852356e-01  2.271045e-02
8.709636e-01  1.800301e-02
9.440609e-01  1.511689e-02
1.023293e+00  1.277789e-02
1.122018e+00  1.062174e-02
1.244515e+00  8.693603e-03
1.396368e+00  7.016599e-03
1.621810e+00  5.361017e-03
1.883649e+00  4.128924e-03
2.137962e+00  3.329711e-03
2.398833e+00  2.757415e-03
2.722701e+00  2.257266e-03
3.198895e+00  1.764919e-03
3.715352e+00  1.414710e-03
4.365158e+00  1.123838e-03
5.128614e+00  8.995712e-04
6.095369e+00  7.141324e-04
7.328245e+00  5.627656e-04
8.810489e+00  4.467360e-04
1.083927e+01  3.471913e-04
1.333521e+01  2.718814e-04
1.621810e+01  2.169876e-04
2.089296e+01  1.631575e-04
2.800000e+01  1.183200e-04
3.890451e+01  8.311646e-05
5.888437e+01  5.375520e-05
1.023293e+02  3.036857e-05
2.041738e+02  1.503613e-05
4.073803e+02  7.488540e-06
1.621810e+03  1.872466e-06
1.000000e+05  3.031300e-08
-1  -1
7.793900e-04  0.000000e+00
7.793900e-04  1.854695e+05
8.430000e-04  1.753055e+05
9.015711e-04  1.651616e+05
9.225714e-04  1.621422e+05
1.011579e-03  1.481480e+05
1.122018e-03  1.326346e+05
1.230269e-03  1.194928e+05
1.380384e-03  1.039491e+05
1.496236e-03  9.365451e+04
1.737801e-03  7.631799e+04
1.900000e-03  6.712520e+04
2.187762e-03  5.419960e+04
2.400000e-03  4.685440e+04
2.754229e-03  3.737126e+04
3.054921e-03  3.132712e+04
3.507519e-03  2.455231e+04
3.981072e-03  1.946744e+04
4.466836e-03  1.566601e+04
5.128614e-03  1.196702e+04
5.888437e-03  9.058666e+03
6.606934e-03  7.133654e+03
7.413102e-03  5.584949e+03
8.413951e-03  4.236836e+03
9.660509e-03  3.108592e+03
1.109175e-02  2.261418e+03
1.270000e-02  1.642240e+03
1.445440e-02  1.200728e+03
1.640590e-02  8.777259e+02
1.862087e-02  6.373136e+02
2.137962e-02  4.459965e+02
2.454709e-02  3.097069e+02
2.818383e-02  2.133808e+02
3.235937e-02  1.459175e+02
3.758374e-02  9.591568e+01
4.365158e-02  6.256037e+01
5.069907e-02  4.050984e+01
5.956621e-02  2.517959e+01
7.079458e-02  1.501209e+01
8.609938e-02  8.286829e+00
1.096478e-01  3.942022e+00
2.018366e-01  5.975907e-01
2.317395e-01  3.878809e-01
2.540973e-01  2.926916e-01
2.722701e-01  2.383938e-01
2.917427e-01  1.954959e-01
3.019952e-01  1.773464e-01
3.427678e-01  1.224844e-01
3.890451e-01  8.521383e-02
4.365158e-01  6.170468e-02
4.897788e-01  4.500944e-02
5.432503e-01  3.411499e-02
6.025596e-01  2.603239e-02
6.683439e-01  2.000507e-02
7.413102e-01  1.548601e-02
8.609938e-01  1.080735e-02
9.225714e-01  9.211919e-03
9.772372e-01  8.109999e-03
1.047129e+00  7.014431e-03
1.135011e+00  5.962040e-03
1.244515e+00  4.988654e-03
1.380384e+00  4.120350e-03
1.698244e+00  2.849308e-03
1.972423e+00  2.198524e-03
2.213095e+00  1.811600e-03
2.511886e+00  1.475881e-03
2.884032e+00  1.189911e-03
3.388442e+00  9.329503e-04
3.935501e+00  7.499416e-04
4.623810e+00  5.974381e-04
5.495409e+00  4.720727e-04
6.531306e+00  3.759014e-04
7.852356e+00  2.970420e-04
9.660509e+00  2.298524e-04
1.188502e+01  1.792463e-04
1.548817e+01  1.317230e-04
2.018366e+01  9.767593e-05
2.691535e+01  7.114711e-05
3.758374e+01  4.967278e-05
5.559043e+01  3.288428e-05
9.332543e+01  1.922993e-05
1.698244e+02  1.044123e-05
3.388442e+02  5.193279e-06
1.348963e+03  1.297394e-06
4.265795e+04  4.094328e-08
1.000000e+05  1.746200e-08
-1  -1
5.595000e-04  0.000000e+00
5.595000e-04  1.352643e+05
5.604000e-04  1.383216e+05
5.615500e-04  1.403434e+05
5.807000e-04  1.738968e+05
6.080000e-04  1.977986e+05
6.309573e-04  2.052557e+05
6.320000e-04  2.063556e+05
6.550000e-04  2.118592e+05
7.244360e-04  2.219588e+05
7.500000e-04  2.240392e+05
7.852356e-04  2.249545e+05
8.222426e-04  2.245375e+05
8.609938e-04  2.226666e+05
9.015711e-04  2.193618e+05
9.500000e-04  2.139076e+05
1.000000e-03  2.073284e+05
1.050000e-03  2.000280e+05
1.110000e-03  1.907928e+05
1.190000e-03  1.779668e+05
1.274000e-03  1.651322e+05
1.350000e-03  1.539424e+05
1.445440e-03  1.405400e+05
1.570000e-03  1.248548e+05
1.690000e-03  1.115584e+05
1.819701e-03  9.884226e+04
2.000000e-03  8.396760e+04
2.162719e-03  7.283627e+04
2.371374e-03  6.105638e+04
2.570396e-03  5.201853e+04
2.800000e-03  4.355000e+04
3.090295e-03  3.522397e+04
3.388442e-03  2.865489e+04
3.715352e-03  2.316094e+04
4.073803e-03  1.858374e+04
4.500000e-03  1.454976e+04
5.011872e-03  1.106767e+04
5.500000e-03  8.683240e+03
6.095369e-03  6.595636e+03
6.839116e-03  4.806046e+03
7.673615e-03  3.472260e+03
8.511380e-03  2.573419e+03
9.440609e-03  1.895194e+03
1.047129e-02  1.387139e+03
1.174898e-02  9.737279e+02
1.318257e-02  6.786722e+02
1.479108e-02  4.697917e+02
1.659587e-02  3.230746e+02
1.862087e-02  2.207750e+02
2.113489e-02  1.441824e+02
2.426610e-02  8.987425e+01
2.786121e-02  5.559558e+01
3.235937e-02  3.278126e+01
3.801894e-02  1.840743e+01
4.518559e-02  9.837783e+00
5.495409e-02  4.796199e+00
7.000000e-02  1.955328e+00
1.244515e-01  2.287848e-01
1.513561e-01  1.109207e-01
1.819701e-01  5.650374e-02
2.162719e-01  3.025985e-02
2.454709e-01  1.926776e-02
2.786121e-01  1.235810e-02
3.090295e-01  8.648758e-03
3.467369e-01  5.862545e-03
3.890451e-01  4.003310e-03
4.365158e-01  2.752657e-03
4.841724e-01  1.979096e-03
5.308844e-01  1.486257e-03
5.821032e-01  1.123582e-03
6.456542e-01  8.262800e-04
7.079458e-01  6.332740e-04
8.128305e-01  4.303968e-04
8.609938e-01  3.669672e-04
9.120108e-01  3.149483e-04
9.549926e-01  2.803945e-04
1.000000e+00  2.512642e-04
1.047129e+00  2.267072e-04
1.109175e+00  2.007784e-04
1.174898e+00  1.790299e-04
1.258925e+00  1.571698e-04
1.364583e+00  1.360441e-04
1.531087e+00  1.114604e-04
1.862087e+00  7.901491e-05
2.113489e+00  6.365248e-05
2.371374e+00  5.267515e-05
2.691535e+00  4.308889e-05
3.162278e+00  3.366706e-05
3.672823e+00  2.697052e-05
4.265795e+00  2.176315e-05
5.011872e+00  1.740253e-05
5.956621e+00  1.380053e-05
7.161434e+00  1.086507e-05
8.609938e+00  8.617381e-06
1.059254e+01  6.691450e-06
1.303167e+01  5.235547e-06
1.603245e+01  4.121870e-06
2.041738e+01  3.138296e-06
2.722701e+01  2.286629e-06
3.801894e+01  1.596887e-06
5.688529e+01  1.044761e-06
9.660509e+01  6.040041e-07
1.862087e+02  3.094827e-07
3.715352e+02  1.540325e-07
1.479108e+03  3.850037e-08
1.000000e+05  5.683100e-10
-1  -1
5.298200e-04  0.000000e+00
5.298200e-04  2.287745e+05
5.445000e-04  2.659593e+05
5.630000e-04  3.089639e+05
5.880000e-04  3.353353e+05
6.200000e-04  3.582660e+05
6.382635e-04  3.629435e+05
7.000000e-04  3.733446e+05
7.244360e-04  3.748161e+05
7.650000e-04  3.734886e+05
8.035261e-04  3.697767e+05
8.413951e-04  3.639601e+05
8.850000e-04  3.550380e+05
9.350000e-04  3.429486e+05
9.930000e-04  3.274134e+05
1.047129e-03  3.120484e+05
1.122018e-03  2.904194e+05
1.202264e-03  2.685299e+05
1.274000e-03  2.498429e+05
1.350000e-03  2.309466e+05
1.462177e-03  2.056702e+05
1.570000e-03  1.843602e+05
1.678804e-03  1.651764e+05
1.840772e-03  1.408581e+05
1.995262e-03  1.216354e+05
2.187762e-03  1.019554e+05
2.371374e-03  8.682277e+04
2.600160e-03  7.166849e+04
2.851018e-03  5.874760e+04
3.126079e-03  4.776965e+04
3.427678e-03  3.859016e+04
3.801894e-03  3.008568e+04
4.168694e-03  2.395295e+04
4.677351e-03  1.784942e+04
5.188000e-03  1.358167e+04
5.688529e-03  1.058771e+04
6.309573e-03  7.946880e+03
7.079458e-03  5.728013e+03
8.000000e-03  4.008660e+03
9.015711e-03  2.802466e+03
1.011579e-02  1.969133e+03
1.150000e-02  1.317210e+03
1.303167e-02  8.820594e+02
1.462177e-02  6.052037e+02
1.621810e-02  4.286763e+02
1.840772e-02  2.791617e+02
2.089296e-02  1.804176e+02
2.371374e-02  1.157244e+02
2.722701e-02  7.073365e+01
3.126079e-02  4.290585e+01
3.630781e-02  2.476853e+01
4.265795e-02  1.359641e+01
5.069907e-02  7.094186e+00
6.165950e-02  3.367530e+00
1.216186e-01  2.477094e-01
1.479108e-01  1.175234e-01
1.737801e-01  6.404408e-02
2.018366e-01  3.671148e-02
2.290868e-01  2.305415e-02
2.570396e-01  1.521449e-02
2.818383e-01  1.098036e-02
3.090295e-01  7.976466e-03
3.388442e-01  5.836544e-03
3.715352e-01  4.300368e-03
4.120975e-01  3.073881e-03
4.518559e-01  2.296216e-03
4.954502e-01  1.727343e-03
5.432503e-01  1.308878e-03
5.956621e-01  9.992190e-04
6.531306e-01  7.682319e-04
7.079458e-01  6.144606e-04
7.673615e-01  4.948495e-04
8.511380e-01  3.776552e-04
9.015711e-01  3.269757e-04
9.549926e-01  2.849947e-04
1.000000e+00  2.567554e-04
1.059254e+00  2.269406e-04
1.135011e+00  1.971791e-04
1.216186e+00  1.725021e-04
1.333521e+00  1.454960e-04
1.698244e+00  9.480724e-05
1.972423e+00  7.313010e-05
2.213095e+00  6.026423e-05
2.511886e+00  4.909926e-05
2.884032e+00  3.958554e-05
3.388442e+00  3.103652e-05
3.935501e+00  2.494824e-05
4.623810e+00  1.987514e-05
5.495409e+00  1.570463e-05
6.531306e+00  1.250550e-05
7.943282e+00  9.739914e-06
9.772372e+00  7.540167e-06
1.202264e+01  5.882595e-06
1.566751e+01  4.325095e-06
2.018366e+01  3.249405e-06
2.691535e+01  2.366867e-06
3.758374e+01  1.652457e-06
5.623413e+01  1.080882e-06
9.440609e+01  6.322032e-07
1.757924e+02  3.353792e-07
3.507519e+02  1.668591e-07
1.396368e+03  4.169244e-08
1.000000e+05  5.809300e-10
-1  -1
2.411600e-04  0.000000e+00
2.411600e-04  1.093650e+05
2.412000e-04  1.108950e+05
2.414000e-04  1.151982e+05
2.416000e-04  1.190580e+05
2.418700e-04  1.236750e+05
2.421000e-04  1.269930e+05
2.423000e-04  1.295538e+05
2.426000e-04  1.326798e+05
2.430000e-04  1.358430e+05
2.434000e-04  1.379658e+05
2.437000e-04  1.389594e+05
2.442000e-04  1.397544e+05
2.448000e-04  1.396458e+05
2.455000e-04  1.384980e+05
2.465000e-04  1.357014e+05
2.500000e-04  1.238628e+05
2.520000e-04  1.181964e+05
2.538000e-04  1.140990e+05
2.553000e-04  1.114086e+05
2.570396e-04  1.090954e+05
2.585000e-04  1.077882e+05
2.600160e-04  1.070431e+05
2.615000e-04  1.068984e+05
2.630268e-04  1.073841e+05
2.645000e-04  1.084710e+05
2.660725e-04  1.103258e+05
2.675000e-04  1.126542e+05
2.691535e-04  1.161399e+05
2.710000e-04  1.210542e+05
2.730000e-04  1.276326e+05
2.750000e-04  1.355046e+05
2.770000e-04  1.446690e+05
2.790000e-04  1.551270e+05
2.820000e-04  1.731714e+05
2.851018e-04  1.948793e+05
2.917427e-04  2.522411e+05
3.000000e-04  3.462462e+05
3.054921e-04  4.230633e+05
3.100000e-04  4.938000e+05
3.130000e-04  5.440542e+05
3.165000e-04  6.051120e+05
3.200000e-04  6.678240e+05
3.240000e-04  7.407960e+05
3.280000e-04  8.138520e+05
3.311311e-04  8.707327e+05
3.350000e-04  9.401760e+05
3.390000e-04  1.010616e+06
3.430000e-04  1.079436e+06
3.470000e-04  1.146438e+06
3.515000e-04  1.219464e+06
3.550000e-04  1.274256e+06
3.600000e-04  1.349040e+06
3.650000e-04  1.419654e+06
3.700000e-04  1.485270e+06
3.760000e-04  1.556820e+06
3.820000e-04  1.620024e+06
3.890451e-04  1.683235e+06
3.970000e-04  1.742130e+06
4.050000e-04  1.788744e+06
4.150000e-04  1.833420e+06
4.240000e-04  1.862196e+06
4.350000e-04  1.885830e+06
4.479900e-04  1.899538e+06
4.600000e-04  1.899186e+06
4.731513e-04  1.886773e+06
4.897788e-04  1.856509e+06
5.080000e-04  1.811406e+06
5.248075e-04  1.763464e+06
5.432503e-04  1.705145e+06
5.688529e-04  1.619900e+06
5.900000e-04  1.546764e+06
6.165950e-04  1.453040e+06
6.500000e-04  1.337658e+06
6.918310e-04  1.203312e+06
7.300000e-04  1.090812e+06
7.762471e-04  9.667874e+05
8.317638e-04  8.367524e+05
8.912509e-04  7.189598e+05
9.500000e-04  6.203700e+05
1.030000e-03  5.102220e+05
1.110000e-03  4.228434e+05
1.202264e-03  3.432164e+05
1.303167e-03  2.761850e+05
1.412538e-03  2.207308e+05
1.548817e-03  1.695647e+05
1.698244e-03  1.292794e+05
1.862087e-03  9.784986e+04
2.041738e-03  7.355527e+04
2.264644e-03  5.293103e+04
2.500000e-03  3.836718e+04
2.722701e-03  2.890539e+04
3.054921e-03  1.956284e+04
3.427678e-03  1.312094e+04
3.845918e-03  8.724078e+03
4.315191e-03  5.752326e+03
4.800000e-03  3.885192e+03
5.308844e-03  2.663112e+03
5.888437e-03  1.794958e+03
6.606934e-03  1.149620e+03
7.498942e-03  6.983140e+02
8.511380e-03  4.205460e+02
9.549926e-03  2.633586e+02
1.083927e-02  1.562244e+02
1.230269e-02  9.200435e+01
1.396368e-02  5.380125e+01
1.584893e-02  3.124079e+01
1.819701e-02  1.713518e+01
2.089296e-02  9.330995e+00
2.426610e-02  4.794357e+00
2.884032e-02  2.206160e+00
3.548134e-02  8.618574e-01
4.623810e-02  2.569345e-01
8.317638e-02  1.730576e-02
1.011580e-01  7.085014e-03
1.205670e-01  3.204389e-03
1.412538e-01  1.577671e-03
1.640590e-01  8.134985e-04
1.862087e-01  4.676221e-04
2.162719e-01  2.450437e-04
2.398833e-01  1.577641e-04
2.630268e-01  1.074624e-04
2.851018e-01  7.735612e-05
3.054921e-01  5.868039e-05
3.311311e-01  4.280509e-05
3.672823e-01  2.875828e-05
4.570882e-01  1.255020e-05
5.000000e-01  8.998514e-06
5.432503e-01  6.670519e-06
5.821032e-01  5.231906e-06
6.165950e-01  4.296138e-06
6.606935e-01  3.414320e-06
7.079458e-01  2.730549e-06
7.498942e-01  2.274278e-06
8.035261e-01  1.818582e-06
8.511380e-01  1.519104e-06
8.912509e-01  1.323378e-06
9.332543e-01  1.160684e-06
9.660509e-01  1.057427e-06
1.000000e+00  9.682605e-07
1.035142e+00  8.914315e-07
1.083927e+00  8.040614e-07
1.135011e+00  7.303987e-07
1.202264e+00  6.530987e-07
1.288250e+00  5.760813e-07
1.396368e+00  5.015725e-07
1.513561e+00  4.384344e-07
1.927525e+00  2.868860e-07
2.162719e+00  2.360371e-07
2.426610e+00  1.955934e-07
2.754229e+00  1.602070e-07
3.273407e+00  1.231841e-07
3.801894e+00  9.885170e-08
4.466836e+00  7.861748e-08
5.308844e+00  6.202107e-08
6.309573e+00  4.931125e-08
7.585776e+00  3.891379e-08
9.225714e+00  3.049716e-08
1.135011e+01  2.374208e-08
1.412538e+01  1.837426e-08
1.757924e+01  1.430564e-08
2.317395e+01  1.051119e-08
3.162278e+01  7.494657e-09
4.466836e+01  5.188269e-09
6.839116e+01  3.324321e-09
1.161449e+02  1.927440e-09
2.317395e+02  9.556710e-10
4.623810e+02  4.762770e-10
3.672823e+03  5.967950e-11
1.000000e+05  2.190000e-12
-1  -1
2.338700e-04  0.000000e+00
2.338700e-04  1.317808e+05
2.339700e-04  1.354088e+05
2.341700e-04  1.410080e+05
2.344229e-04  1.474750e+05
2.346700e-04  1.531264e+05
2.349000e-04  1.577568e+05
2.352000e-04  1.631000e+05
2.355000e-04  1.675344e+05
2.359000e-04  1.722944e+05
2.363000e-04  1.758784e+05
2.367000e-04  1.784032e+05
2.372000e-04  1.803584e+05
2.378000e-04  1.813376e+05
2.385000e-04  1.811008e+05
2.392000e-04  1.798480e+05
2.400000e-04  1.776256e+05
2.450000e-04  1.602864e+05
2.470000e-04  1.547832e+05
2.485000e-04  1.515456e+05
2.500000e-04  1.490968e+05
2.518700e-04  1.471559e+05
2.535000e-04  1.464880e+05
2.550000e-04  1.467416e+05
2.565400e-04  1.479020e+05
2.580000e-04  1.498800e+05
2.595000e-04  1.528416e+05
2.608000e-04  1.561976e+05
2.623000e-04  1.610040e+05
2.640000e-04  1.676920e+05
2.655000e-04  1.747000e+05
2.670000e-04  1.827520e+05
2.692000e-04  1.964360e+05
2.720000e-04  2.170424e+05
2.754229e-04  2.470406e+05
2.800000e-04  2.955088e+05
2.930000e-04  4.900720e+05
2.970000e-04  5.677872e+05
3.015000e-04  6.643800e+05
3.054921e-04  7.568638e+05
3.090295e-04  8.427852e+05
3.130000e-04  9.420560e+05
3.165000e-04  1.030784e+06
3.200000e-04  1.119648e+06
3.240000e-04  1.220392e+06
3.280000e-04  1.319480e+06
3.320000e-04  1.416432e+06
3.370000e-04  1.534152e+06
3.410000e-04  1.625240e+06
3.470000e-04  1.756144e+06
3.515000e-04  1.849240e+06
3.550000e-04  1.918248e+06
3.600000e-04  2.011088e+06
3.650000e-04  2.096528e+06
3.715352e-04  2.196195e+06
3.780000e-04  2.281048e+06
3.850000e-04  2.357992e+06
3.930000e-04  2.428680e+06
4.000000e-04  2.477496e+06
4.100000e-04  2.529896e+06
4.216965e-04  2.570317e+06
4.343400e-04  2.592994e+06
4.470000e-04  2.596320e+06
4.600000e-04  2.581776e+06
4.731513e-04  2.551883e+06
4.897788e-04  2.498333e+06
5.080000e-04  2.427488e+06
5.308844e-04  2.326822e+06
5.559043e-04  2.209484e+06
5.821032e-04  2.082310e+06
6.100000e-04  1.945200e+06
6.456542e-04  1.775349e+06
6.850000e-04  1.602088e+06
7.244360e-04  1.443546e+06
7.673615e-04  1.286701e+06
8.222426e-04  1.112547e+06
8.709636e-04  9.795277e+05
9.332543e-04  8.345267e+05
1.000000e-03  7.064216e+05
1.071519e-03  5.941438e+05
1.161449e-03  4.817855e+05
1.258925e-03  3.880234e+05
1.364583e-03  3.102103e+05
1.479108e-03  2.466025e+05
1.621810e-03  1.882111e+05
1.778279e-03  1.426810e+05
1.972423e-03  1.035576e+05
2.150000e-03  7.881104e+04
2.371374e-03  5.739599e+04
2.660725e-03  3.916704e+04
2.917427e-03  2.864816e+04
3.198895e-03  2.084275e+04
3.589219e-03  1.388887e+04
4.027170e-03  9.175864e+03
4.518559e-03  6.011411e+03
5.069907e-03  3.906118e+03
5.688529e-03  2.517659e+03
6.382635e-03  1.610376e+03
7.079458e-03  1.070122e+03
8.035261e-03  6.443151e+02
9.015711e-03  4.033354e+02
1.023293e-02  2.390016e+02
1.161449e-02  1.405588e+02
1.318257e-02  8.206309e+01
1.500000e-02  4.706055e+01
1.717908e-02  2.604616e+01
1.972423e-02  1.415406e+01
2.290868e-02  7.254126e+00
2.600160e-02  4.094415e+00
3.054921e-02  1.961838e+00
3.672823e-02  8.397142e-01
4.677351e-02  2.732939e-01
8.413951e-02  1.771853e-02
1.148154e-01  4.197138e-03
1.318257e-01  2.227244e-03
1.500000e-01  1.240489e-03
1.678804e-01  7.502728e-04
1.883649e-01  4.519546e-04
2.113489e-01  2.742883e-04
2.344229e-01  1.762646e-04
2.570396e-01  1.198327e-04
2.786121e-01  8.607333e-05
3.019952e-01  6.221807e-05
3.273407e-01  4.525394e-05
3.589219e-01  3.166748e-05
3.890451e-01  2.332754e-05
4.216965e-01  1.731666e-05
4.550800e-01  1.316848e-05
4.897788e-01  1.020360e-05
5.754399e-01  5.903678e-06
6.237348e-01  4.517673e-06
6.683439e-01  3.614830e-06
7.079458e-01  3.019134e-06
7.498942e-01  2.537218e-06
7.943282e-01  2.148303e-06
8.413951e-01  1.832669e-06
8.912509e-01  1.575678e-06
9.332543e-01  1.404868e-06
9.772372e-01  1.260142e-06
1.023293e+00  1.137649e-06
1.083927e+00  1.007496e-06
1.161449e+00  8.770893e-07
1.258925e+00  7.522851e-07
1.380384e+00  6.366596e-07
1.840772e+00  3.838037e-07
2.113489e+00  3.030977e-07
2.371374e+00  2.508134e-07
2.691535e+00  2.051726e-07
3.162278e+00  1.603181e-07
3.672823e+00  1.284325e-07
4.265795e+00  1.036363e-07
5.011872e+00  8.287113e-08
5.956621e+00  6.571932e-08
7.161434e+00  5.173978e-08
8.609938e+00  4.103554e-08
1.059254e+01  3.186470e-08
1.303167e+01  2.493129e-08
1.603245e+01  1.962863e-08
2.065380e+01  1.475446e-08
2.754229e+01  1.075353e-08
3.845918e+01  7.511762e-09
5.754399e+01  4.915807e-09
9.885531e+01  2.809014e-09
1.972423e+02  1.390222e-09
3.935501e+02  6.922160e-10
1.566751e+03  1.730600e-10
1.000000e+05  2.706300e-12
-1  -1
2.116900e-04  0.000000e+00
2.116900e-04  4.650520e+04
2.123000e-04  4.715740e+04
2.131000e-04  4.845020e+04
2.142000e-04  4.997340e+04
2.155000e-04  5.150860e+04
2.170000e-04  5.297140e+04
2.190000e-04  5.454640e+04
2.210000e-04  5.577540e+04
2.230000e-04  5.669960e+04
2.253000e-04  5.746160e+04
2.280000e-04  5.802920e+04
2.317395e-04  5.835931e+04
2.350000e-04  5.832600e+04
2.400000e-04  5.790099e+04
2.722701e-04  5.464501e+04
3.126079e-04  5.104923e+04
3.311311e-04  4.927890e+04
3.758374e-04  4.511221e+04
4.073803e-04  4.240572e+04
4.365158e-04  3.994654e+04
4.850000e-04  3.614860e+04
5.370318e-04  3.260235e+04
5.888437e-04  2.946865e+04
6.700000e-04  2.535080e+04
7.413102e-04  2.238729e+04
8.511380e-04  1.873595e+04
9.700000e-04  1.571020e+04
1.135011e-03  1.261386e+04
1.350000e-03  9.813540e+03
1.621810e-03  7.461283e+03
1.949845e-03  5.624623e+03
2.371374e-03  4.134047e+03
2.884032e-03  3.014956e+03
3.467369e-03  2.223943e+03
4.168694e-03  1.628489e+03
5.011872e-03  1.183615e+03
6.025596e-03  8.538450e+02
7.328245e-03  5.987690e+02
8.912509e-03  4.165624e+02
1.083927e-02  2.874675e+02
1.318257e-02  1.968132e+02
1.584893e-02  1.367764e+02
1.905461e-02  9.436636e+01
2.290868e-02  6.461818e+01
2.754229e-02  4.390890e+01
3.311311e-02  2.960328e+01
3.981072e-02  1.980038e+01
4.731513e-02  1.348228e+01
5.623413e-02  9.115367e+00
6.760830e-02  5.958958e+00
8.128305e-02  3.865860e+00
1.011580e-01  2.294436e+00
1.273503e-01  1.309693e+00
1.862087e-01  5.137263e-01
2.691535e-01  2.068340e-01
3.311311e-01  1.248008e-01
3.935501e-01  8.249437e-02
4.570882e-01  5.804425e-02
5.308844e-01  4.114148e-02
6.095369e-01  3.016537e-02
6.998420e-01  2.229784e-02
8.035261e-01  1.661321e-02
9.015711e-01  1.307333e-02
1.000000e+00  1.060502e-02
1.202264e+00  7.385310e-03
1.333521e+00  6.062228e-03
1.500000e+00  4.878300e-03
1.698244e+00  3.911263e-03
1.995262e+00  2.961242e-03
2.238721e+00  2.441570e-03
2.540973e+00  1.990493e-03
2.917427e+00  1.605898e-03
3.388442e+00  1.281484e-03
3.935501e+00  1.030110e-03
4.623810e+00  8.206429e-04
5.495409e+00  6.484411e-04
6.531306e+00  5.163404e-04
7.852356e+00  4.080292e-04
9.660509e+00  3.157313e-04
1.188502e+01  2.462242e-04
1.531087e+01  1.833318e-04
2.000000e+01  1.355400e-04
2.660725e+01  9.896055e-05
3.715352e+01  6.907260e-05
5.495409e+01  4.571672e-05
9.120108e+01  2.704877e-05
1.603245e+02  1.520552e-05
3.198895e+02  7.559620e-06
1.273503e+03  1.887923e-06
4.027170e+04  5.956975e-08
1.000000e+05  2.398700e-08
-1  -1
1.622900e-04  0.000000e+00
1.622900e-04  3.440840e+05
1.626000e-04  3.541160e+05
1.629000e-04  3.622500e+05
1.632000e-04  3.687120e+05
1.635000e-04  3.737440e+05
1.639000e-04  3.781540e+05
1.643000e-04  3.806680e+05
1.648500e-04  3.812500e+05
1.655000e-04  3.790960e+05
1.662000e-04  3.744580e+05
1.670000e-04  3.673120e+05
1.757924e-04  2.852811e+05
1.790000e-04  2.627900e+05
1.820000e-04  2.450420e+05
1.865000e-04  2.226140e+05
1.930000e-04  1.962412e+05
2.018366e-04  1.678029e+05
2.137962e-04  1.382346e+05
2.264644e-04  1.146838e+05
2.400000e-04  9.572700e+04
2.540973e-04  8.077074e+04
2.660725e-04  7.088460e+04
2.770000e-04  6.361880e+04
2.884032e-04  5.746355e+04
3.000000e-04  5.238740e+04
3.126079e-04  4.791157e+04
3.273407e-04  4.370416e+04
3.430000e-04  4.011000e+04
3.600000e-04  3.695600e+04
3.780000e-04  3.425760e+04
3.981072e-04  3.183777e+04
4.216965e-04  2.958679e+04
4.500000e-04  2.745860e+04
4.897788e-04  2.512882e+04
5.432503e-04  2.273325e+04
7.500000e-04  1.695066e+04
8.709636e-04  1.470159e+04
1.000000e-03  1.279150e+04
1.135011e-03  1.117839e+04
1.300000e-03  9.601140e+03
1.479108e-03  8.245597e+03
1.678804e-03  7.051869e+03
1.927525e-03  5.899761e+03
2.220000e-03  4.873860e+03
2.540973e-03  4.027772e+03
2.917427e-03  3.286493e+03
3.311311e-03  2.706899e+03
3.758374e-03  2.213205e+03
4.216965e-03  1.831281e+03
4.786301e-03  1.476536e+03
5.432503e-03  1.181556e+03
6.165950e-03  9.388715e+02
7.000000e-03  7.403880e+02
8.000000e-03  5.721480e+02
9.120108e-03  4.410117e+02
1.035142e-02  3.404435e+02
1.174898e-02  2.610283e+02
1.348963e-02  1.938682e+02
1.548817e-02  1.428487e+02
1.778279e-02  1.044322e+02
2.041738e-02  7.576036e+01
2.344229e-02  5.454020e+01
2.691535e-02  3.897749e+01
3.090295e-02  2.765897e+01
3.589219e-02  1.892800e+01
4.168694e-02  1.285838e+01
4.897788e-02  8.414746e+00
5.821032e-02  5.298968e+00
7.000000e-02  3.207240e+00
9.015711e-02  1.594622e+00
1.083927e-01  9.537243e-01
1.972423e-01  1.768410e-01
2.426610e-01  9.926998e-02
2.884032e-01  6.176616e-02
3.349654e-01  4.121722e-02
3.845918e-01  2.856362e-02
4.415705e-01  1.994181e-02
5.011872e-01  1.445105e-02
5.623413e-01  1.085575e-02
6.309573e-01  8.212287e-03
7.079458e-01  6.259335e-03
7.852356e-01  4.935209e-03
8.709636e-01  3.912148e-03
9.440609e-01  3.284801e-03
1.023293e+00  2.776412e-03
1.122018e+00  2.307851e-03
1.244515e+00  1.888888e-03
1.396368e+00  1.524458e-03
1.621810e+00  1.164688e-03
1.883649e+00  8.969753e-04
2.137962e+00  7.233518e-04
2.398833e+00  5.990014e-04
2.722701e+00  4.903109e-04
3.198895e+00  3.833333e-04
3.715352e+00  3.072671e-04
4.315191e+00  2.480770e-04
5.069907e+00  1.984742e-04
6.025596e+00  1.574743e-04
7.244360e+00  1.240431e-04
8.709636e+00  9.842232e-05
1.071519e+01  7.645747e-05
1.318257e+01  5.984819e-05
1.621810e+01  4.713026e-05
2.065380e+01  3.589493e-05
2.754229e+01  2.616274e-05
3.801894e+01  1.849969e-05
5.754399e+01  1.195906e-05
9.885531e+01  6.833822e-06
1.972423e+02  3.382150e-06
3.935501e+02  1.684032e-06
1.566751e+03  4.210290e-07
1.000000e+05  6.584000e-09
-1  -1
1.283700e-04  0.000000e+00
1.283700e-04  6.598880e+05
1.288500e-04  6.666640e+05
1.297000e-04  6.723720e+05
1.304000e-04  6.729600e+05
1.314000e-04  6.689480e+05
1.325000e-04  6.606360e+05
1.340000e-04  6.456240e+05
1.380384e-04  6.015670e+05
1.412538e-04  5.646908e+05
1.490000e-04  4.857480e+05
1.548817e-04  4.381367e+05
1.603245e-04  4.021358e+05
1.659587e-04  3.717022e+05
1.720000e-04  3.452716e+05
1.780000e-04  3.239016e+05
1.850000e-04  3.034656e+05
1.950000e-04  2.799620e+05
2.089296e-04  2.541416e+05
2.238721e-04  2.322284e+05
2.400000e-04  2.135356e+05
2.580000e-04  1.971968e+05
2.884032e-04  1.762108e+05
3.758374e-04  1.354849e+05
4.315191e-04  1.173916e+05
4.897788e-04  1.022641e+05
5.559043e-04  8.842500e+04
6.309573e-04  7.592894e+04
7.161434e-04  6.473637e+04
8.222426e-04  5.398605e+04
9.366400e-04  4.516593e+04
1.071519e-03  3.732967e+04
1.244515e-03  2.996105e+04
1.450000e-03  2.374916e+04
1.678804e-03  1.886602e+04
1.950000e-03  1.480172e+04
2.238721e-03  1.175464e+04
2.570396e-03  9.272426e+03
2.985383e-03  7.115313e+03
3.467369e-03  5.412897e+03
4.027170e-03  4.081736e+03
4.570882e-03  3.191799e+03
5.248075e-03  2.421807e+03
6.025596e-03  1.823307e+03
6.918310e-03  1.362004e+03
7.943282e-03  1.009504e+03
9.120108e-03  7.421564e+02
1.035142e-02  5.559234e+02
1.174898e-02  4.136116e+02
1.348963e-02  2.972825e+02
1.548817e-02  2.119835e+02
1.778279e-02  1.499749e+02
2.041738e-02  1.052853e+02
2.344229e-02  7.333834e+01
2.691535e-02  5.070152e+01
3.090295e-02  3.479455e+01
3.548134e-02  2.370735e+01
4.120975e-02  1.552674e+01
4.786301e-02  1.009334e+01
5.623413e-02  6.298586e+00
6.531306e-02  4.036084e+00
7.852356e-02  2.314918e+00
9.772372e-02  1.186442e+00
1.445440e-01  3.540481e-01
1.927525e-01  1.457881e-01
2.344229e-01  8.021331e-02
2.754229e-01  4.939433e-02
3.162278e-01  3.283245e-02
3.589219e-01  2.273827e-02
4.073803e-01  1.586642e-02
4.570882e-01  1.152334e-02
5.128614e-01  8.432767e-03
5.688529e-01  6.411462e-03
6.309573e-01  4.908534e-03
6.998420e-01  3.785091e-03
7.762471e-01  2.940318e-03
8.709636e-01  2.232038e-03
9.332543e-01  1.904364e-03
9.885531e-01  1.678348e-03
1.071519e+00  1.419433e-03
1.161449e+00  1.208580e-03
1.258925e+00  1.035374e-03
1.396368e+00  8.559914e-04
1.717908e+00  5.922967e-04
2.000000e+00  4.554400e-04
2.238721e+00  3.771089e-04
2.540973e+00  3.074434e-04
2.917427e+00  2.480127e-04
3.388442e+00  1.979039e-04
3.935501e+00  1.590817e-04
4.623810e+00  1.267328e-04
5.495409e+00  1.001384e-04
6.531306e+00  7.973768e-05
7.852356e+00  6.301074e-05
9.549926e+00  4.944727e-05
1.174898e+01  3.854411e-05
1.513561e+01  2.868735e-05
1.972423e+01  2.125898e-05
2.630268e+01  1.547457e-05
3.672823e+01  1.079829e-05
5.432503e+01  7.145456e-06
8.912509e+01  4.277200e-06
1.513561e+02  2.489707e-06
3.019952e+02  1.237201e-06
6.025596e+02  6.175446e-07
4.786301e+03  7.743885e-08
1.000000e+05  3.704200e-09
-1  -1
5.649000e-05  0.000000e+00
5.649000e-05  1.002936e+06
5.680000e-05  1.072476e+06
5.700000e-05  1.124128e+06
5.720000e-05  1.182732e+06
5.740000e-05  1.248408e+06
5.770000e-05  1.363876e+06
5.800000e-05  1.500628e+06
5.830000e-05  1.663804e+06
5.860000e-05  1.856304e+06
5.888437e-05  2.070439e+06
5.920000e-05  2.350604e+06
5.956621e-05  2.741978e+06
5.985000e-05  3.102512e+06
6.030000e-05  3.797752e+06
6.070000e-05  4.568720e+06
6.110000e-05  5.515960e+06
6.180000e-05  7.710160e+06
6.220700e-05  9.373860e+06
6.237348e-05  1.019017e+07
6.300000e-05  1.348010e+07
6.309573e-05  1.398446e+07
6.385000e-05  1.622761e+07
6.395200e-05  1.663434e+07
6.490000e-05  1.842655e+07
6.606934e-05  1.938722e+07
6.760830e-05  1.937048e+07
6.950000e-05  1.870874e+07
7.079458e-05  1.804821e+07
7.300000e-05  1.670461e+07
7.330000e-05  1.648243e+07
7.540000e-05  1.476411e+07
7.620000e-05  1.394519e+07
7.800000e-05  1.211016e+07
7.950000e-05  1.087696e+07
8.150000e-05  9.539880e+06
8.423100e-05  8.091158e+06
9.549926e-05  4.408982e+06
1.122018e-04  2.004794e+06
1.380384e-04  7.388268e+05
1.500000e-04  4.914200e+05
1.690000e-04  2.723672e+05
1.778279e-04  2.130281e+05
1.850000e-04  1.772044e+05
1.907600e-04  1.545341e+05
1.950000e-04  1.406472e+05
2.000000e-04  1.268136e+05
2.060000e-04  1.132400e+05
2.113489e-04  1.034324e+05
2.162719e-04  9.598255e+04
2.213095e-04  8.966681e+04
2.264644e-04  8.435336e+04
2.317395e-04  7.992244e+04
2.371374e-04  7.626651e+04
2.430000e-04  7.312600e+04
2.483133e-04  7.089558e+04
2.540973e-04  6.901328e+04
2.600160e-04  6.756988e+04
2.660725e-04  6.650174e+04
2.730000e-04  6.568480e+04
2.818383e-04  6.512413e+04
2.917427e-04  6.496184e+04
3.054921e-04  6.527108e+04
3.235937e-04  6.618654e+04
3.672823e-04  6.863080e+04
3.935501e-04  6.955148e+04
4.200000e-04  6.994920e+04
4.466836e-04  6.986414e+04
4.731513e-04  6.935963e+04
5.011872e-04  6.841599e+04
5.308844e-04  6.707628e+04
5.650000e-04  6.524640e+04
6.025596e-04  6.298701e+04
6.456542e-04  6.022513e+04
6.918310e-04  5.714570e+04
7.413102e-04  5.388792e+04
8.035261e-04  4.992537e+04
8.609938e-04  4.645666e+04
9.332543e-04  4.241693e+04
1.011579e-03  3.845331e+04
1.096478e-03  3.462161e+04
1.202264e-03  3.047451e+04
1.318257e-03  2.660825e+04
1.462177e-03  2.263306e+04
1.603245e-03  1.944839e+04
1.757924e-03  1.659043e+04
1.927525e-03  1.405703e+04
2.113489e-03  1.182968e+04
2.317395e-03  9.888764e+03
2.540973e-03  8.211553e+03
2.786121e-03  6.774159e+03
3.054921e-03  5.552151e+03
3.388442e-03  4.404806e+03
3.758374e-03  3.466773e+03
4.168694e-03  2.707065e+03
4.623810e-03  2.097580e+03
5.128614e-03  1.613265e+03
5.688529e-03  1.231849e+03
6.309573e-03  9.340794e+02
7.000000e-03  7.030240e+02
7.762471e-03  5.261741e+02
8.709636e-03  3.781444e+02
9.772372e-03  2.696468e+02
1.096478e-02  1.908038e+02
1.230269e-02  1.340147e+02
1.380384e-02  9.347031e+01
1.548817e-02  6.474534e+01
1.757924e-02  4.290251e+01
2.000000e-02  2.798807e+01
2.264644e-02  1.840932e+01
2.600160e-02  1.146551e+01
3.000000e-02  6.966816e+00
3.467369e-02  4.175785e+00
4.073803e-02  2.343677e+00
4.841724e-02  1.252526e+00
5.888437e-02  6.106006e-01
7.673615e-02  2.288987e-01
1.288250e-01  3.331906e-02
1.584893e-01  1.551506e-02
1.883649e-01  8.264017e-03
2.213095e-01  4.622648e-03
2.511886e-01  2.947927e-03
2.818383e-01  1.971162e-03
3.090295e-01  1.436274e-03
3.467369e-01  9.741832e-04
3.890451e-01  6.656256e-04
4.365158e-01  4.579275e-04
4.841724e-01  3.293146e-04
5.370318e-01  2.386353e-04
5.888437e-01  1.804435e-04
6.456542e-01  1.373008e-04
7.079458e-01  1.052139e-04
7.673615e-01  8.389399e-05
8.609938e-01  6.103917e-05
9.120108e-01  5.242411e-05
9.549926e-01  4.669812e-05
1.000000e+00  4.186700e-05
1.059254e+00  3.686428e-05
1.122018e+00  3.270689e-05
1.188502e+00  2.920545e-05
1.273503e+00  2.566826e-05
1.396368e+00  2.178714e-05
1.531087e+00  1.857172e-05
1.862087e+00  1.316598e-05
2.113489e+00  1.060554e-05
2.371374e+00  8.776253e-06
2.691535e+00  7.179374e-06
3.162278e+00  5.609842e-06
3.672823e+00  4.493994e-06
4.265795e+00  3.626332e-06
5.011872e+00  2.899792e-06
5.956621e+00  2.299616e-06
7.161434e+00  1.810456e-06
8.609938e+00  1.435945e-06
1.059254e+01  1.115001e-06
1.303167e+01  8.723951e-07
1.603245e+01  6.868121e-07
2.065380e+01  5.162702e-07
2.754229e+01  3.762892e-07
3.845918e+01  2.628499e-07
5.821032e+01  1.699519e-07
1.000000e+02  9.713500e-08
1.995262e+02  4.808140e-08
3.981072e+02  2.394204e-08
1.584893e+03  5.986100e-09
1.000000e+05  9.469600e-11
-1  -1
5.184000e-05  0.000000e+00
5.184000e-05  1.788342e+06
5.217000e-05  1.898562e+06
5.240000e-05  1.988910e+06
5.267000e-05  2.114466e+06
5.290000e-05  2.239038e+06
5.317000e-05  2.409264e+06
5.340000e-05  2.576592e+06
5.370000e-05  2.831130e+06
5.400000e-05  3.132000e+06
5.432503e-05  3.518462e+06
5.460000e-05  3.902034e+06
5.495409e-05  4.485368e+06
5.535000e-05  5.278272e+06
5.570000e-05  6.126300e+06
5.615000e-05  7.461600e+06
5.670000e-05  9.552780e+06
5.750000e-05  1.375926e+07
5.754399e-05  1.410275e+07
5.770000e-05  1.507763e+07
5.800000e-05  1.719455e+07
5.821032e-05  1.891992e+07
5.870000e-05  2.253861e+07
5.910000e-05  2.579298e+07
5.920000e-05  2.662062e+07
5.970000e-05  2.976413e+07
6.030000e-05  3.103244e+07
6.040000e-05  3.146923e+07
6.190000e-05  3.311246e+07
6.360000e-05  3.399132e+07
6.540000e-05  3.303921e+07
6.690000e-05  3.146844e+07
6.730000e-05  3.069653e+07
6.850000e-05  2.804895e+07
6.970000e-05  2.579273e+07
7.000000e-05  2.513724e+07
7.110000e-05  2.261808e+07
7.230000e-05  2.035476e+07
7.350000e-05  1.847154e+07
7.500000e-05  1.651278e+07
7.673615e-05  1.464442e+07
7.943282e-05  1.232348e+07
9.015711e-05  6.674151e+06
1.135011e-04  2.139164e+06
1.333521e-04  9.676857e+05
1.548817e-04  4.597500e+05
1.621810e-04  3.673179e+05
1.690000e-04  3.024402e+05
1.740000e-04  2.649534e+05
1.798871e-04  2.294478e+05
1.850000e-04  2.047302e+05
1.900000e-04  1.850118e+05
1.950000e-04  1.689132e+05
1.995262e-04  1.569320e+05
2.041738e-04  1.467719e+05
2.089296e-04  1.382625e+05
2.137962e-04  1.312106e+05
2.190000e-04  1.252098e+05
2.240000e-04  1.206852e+05
2.290868e-04  1.171096e+05
2.350000e-04  1.140102e+05
2.400000e-04  1.121052e+05
2.459800e-04  1.105104e+05
2.540973e-04  1.092579e+05
2.630268e-04  1.087569e+05
2.730000e-04  1.089300e+05
2.884032e-04  1.100787e+05
3.388442e-04  1.152383e+05
3.630781e-04  1.167525e+05
3.850000e-04  1.173102e+05
4.100000e-04  1.171146e+05
4.365158e-04  1.160830e+05
4.623810e-04  1.144390e+05
4.897788e-04  1.121183e+05
5.248075e-04  1.085403e+05
5.623413e-04  1.042887e+05
6.025596e-04  9.947384e+04
6.456542e-04  9.423392e+04
7.000000e-04  8.767860e+04
7.500000e-04  8.191860e+04
8.128305e-04  7.515384e+04
8.810489e-04  6.838391e+04
9.549926e-04  6.181364e+04
1.035142e-03  5.551630e+04
1.135011e-03  4.870146e+04
1.244515e-03  4.239785e+04
1.350000e-03  3.726690e+04
1.462177e-03  3.266678e+04
1.603245e-03  2.788010e+04
1.757924e-03  2.362525e+04
1.927525e-03  1.988166e+04
2.137962e-03  1.624546e+04
2.344229e-03  1.348174e+04
2.570396e-03  1.111522e+04
2.818383e-03  9.104811e+03
3.090295e-03  7.410018e+03
3.427678e-03  5.832594e+03
3.801894e-03  4.554610e+03
4.216965e-03  3.528719e+03
4.677351e-03  2.712904e+03
5.188000e-03  2.070238e+03
5.754399e-03  1.568369e+03
6.382635e-03  1.179547e+03
7.161434e-03  8.526054e+02
8.000000e-03  6.191221e+02
8.912509e-03  4.498110e+02
1.000000e-02  3.175210e+02
1.122018e-02  2.223882e+02
1.258925e-02  1.545812e+02
1.412538e-02  1.066618e+02
1.603245e-02  7.034529e+01
1.798871e-02  4.783517e+01
2.018366e-02  3.230055e+01
2.264644e-02  2.164356e+01
2.570396e-02  1.383169e+01
2.951209e-02  8.421388e+00
3.427678e-02  4.885700e+00
4.027170e-02  2.697105e+00
4.786301e-02  1.415756e+00
5.623413e-02  7.700661e-01
7.161434e-02  3.061300e-01
1.230269e-01  3.843260e-02
1.500000e-01  1.809203e-02
1.757924e-01  9.963393e-03
2.018366e-01  5.969267e-03
2.290868e-01  3.758826e-03
2.570396e-01  2.486827e-03
2.851018e-01  1.726683e-03
3.090295e-01  1.307272e-03
3.427678e-01  9.211136e-04
3.801894e-01  6.541137e-04
4.216965e-01  4.680745e-04
4.623810e-01  3.500360e-04
5.069907e-01  2.637063e-04
5.559043e-01  2.002751e-04
6.095369e-01  1.532943e-04
6.606935e-01  1.220919e-04
7.161434e-01  9.785347e-05
7.762471e-01  7.893970e-05
8.609938e-01  6.022692e-05
9.120108e-01  5.214584e-05
9.660509e-01  4.546679e-05
1.011579e+00  4.099027e-05
1.071519e+00  3.625042e-05
1.148154e+00  3.151629e-05
1.230269e+00  2.759100e-05
1.333521e+00  2.379275e-05
1.819701e+00  1.375896e-05
2.089296e+00  1.085759e-05
2.344229e+00  8.978177e-06
2.660725e+00  7.339817e-06
3.090295e+00  5.832774e-06
3.589219e+00  4.667148e-06
4.168694e+00  3.761953e-06
4.897788e+00  3.005037e-06
5.821032e+00  2.380660e-06
6.918310e+00  1.900324e-06
8.317638e+00  1.505060e-06
1.023293e+01  1.167213e-06
1.258925e+01  9.121439e-07
1.584893e+01  6.987666e-07
2.041738e+01  5.251174e-07
2.722701e+01  3.826178e-07
3.801894e+01  2.671953e-07
5.688529e+01  1.748139e-07
9.660509e+01  1.010636e-07
1.862087e+02  5.178379e-08
3.715352e+02  2.577420e-08
1.479108e+03  6.442015e-09
1.000000e+05  9.509200e-11
-1  -1
2.572000e-05  0.000000e+00
2.572000e-05  9.063480e+05
2.600160e-05  8.744993e+05
2.660725e-05  8.053309e+05
2.851018e-05  6.206471e+05
3.349654e-05  3.348871e+05
3.589219e-05  2.587665e+05
3.801894e-05  2.102413e+05
3.981072e-05  1.792214e+05
4.168694e-05  1.538697e+05
4.350000e-05  1.346082e+05
4.518559e-05  1.202445e+05
4.677351e-05  1.091644e+05
4.850000e-05  9.925780e+04
5.011872e-05  9.158894e+04
5.188000e-05  8.466421e+04
5.370318e-05  7.873965e+04
5.580000e-05  7.315700e+04
5.800000e-05  6.840240e+04
6.025596e-05  6.443178e+04
6.300000e-05  6.054140e+04
6.606934e-05  5.709600e+04
6.918310e-05  5.430739e+04
7.328245e-05  5.139173e+04
7.852356e-05  4.849828e+04
8.609938e-05  4.530432e+04
1.080000e-04  3.871440e+04
1.202264e-04  3.570528e+04
1.333521e-04  3.278403e+04
1.500000e-04  2.952820e+04
1.800000e-04  2.486660e+04
2.089296e-04  2.146670e+04
2.344229e-04  1.902292e+04
2.630268e-04  1.673390e+04
3.054921e-04  1.404517e+04
3.507519e-04  1.187328e+04
4.073803e-04  9.817321e+03
4.954502e-04  7.597098e+03
5.688529e-04  6.296181e+03
6.760830e-04  4.936512e+03
8.222426e-04  3.713280e+03
9.772372e-04  2.870887e+03
1.216186e-03  2.055190e+03
1.531087e-03  1.434038e+03
1.927525e-03  9.936899e+02
2.426610e-03  6.836722e+02
3.019952e-03  4.757732e+02
3.715352e-03  3.350329e+02
4.518559e-03  2.388332e+02
5.495409e-03  1.689786e+02
6.456542e-03  1.258753e+02
8.035261e-03  8.370299e+01
1.230269e-02  3.735766e+01
1.462177e-02  2.675386e+01
1.698244e-02  1.986194e+01
2.041738e-02  1.365147e+01
2.454709e-02  9.317629e+00
2.951209e-02  6.311336e+00
3.548134e-02  4.241115e+00
4.265795e-02  2.827599e+00
5.069907e-02  1.919731e+00
6.095369e-02  1.260049e+00
7.328245e-02  8.209545e-01
8.609938e-02  5.607547e-01
1.059254e-01  3.407673e-01
1.364583e-01  1.838244e-01
1.678804e-01  1.102908e-01
2.540973e-01  3.956818e-02
3.162278e-01  2.318100e-02
3.801894e-01  1.488138e-02
4.466836e-01  1.017265e-02
5.128614e-01  7.392599e-03
5.888437e-01  5.411573e-03
6.760830e-01  3.992209e-03
7.673615e-01  3.042076e-03
8.810489e-01  2.277742e-03
9.772372e-01  1.845316e-03
1.188502e+00  1.255303e-03
1.318257e+00  1.029617e-03
1.496236e+00  8.145148e-04
1.698244e+00  6.500215e-04
1.972423e+00  5.019145e-04
2.213095e+00  4.136159e-04
2.511886e+00  3.369702e-04
2.884032e+00  2.716703e-04
3.388442e+00  2.129960e-04
3.935501e+00  1.712110e-04
4.623810e+00  1.363981e-04
5.495409e+00  1.077761e-04
6.531306e+00  8.581886e-05
7.852356e+00  6.781589e-05
9.660509e+00  5.247671e-05
1.188502e+01  4.092262e-05
1.531087e+01  3.047086e-05
2.000000e+01  2.252800e-05
2.660725e+01  1.644731e-05
3.715352e+01  1.148064e-05
5.495409e+01  7.598371e-06
9.120108e+01  4.495573e-06
1.603245e+02  2.527270e-06
3.198895e+02  1.256483e-06
1.273503e+03  3.137844e-07
4.027170e+04  9.900712e-09
1.000000e+05  3.986700e-09
-1  -1
1.369000e-05  0.000000e+00
1.369000e-05  3.405260e+07
1.392000e-05  3.388880e+07
1.415000e-05  3.352560e+07
1.445440e-05  3.280727e+07
1.480000e-05  3.175940e+07
1.515000e-05  3.049800e+07
1.550000e-05  2.913840e+07
1.590000e-05  2.750240e+07
1.640590e-05  2.540587e+07
1.698244e-05  2.309954e+07
1.757924e-05  2.086752e+07
1.840772e-05  1.808454e+07
1.950000e-05  1.500288e+07
2.426610e-05  7.257443e+06
2.691535e-05  5.179219e+06
2.951209e-05  3.867092e+06
3.273407e-05  2.806461e+06
3.630781e-05  2.052395e+06
4.168694e-05  1.364644e+06
6.165950e-05  4.362330e+05
8.810489e-05  1.528503e+05
1.023293e-04  9.913146e+04
1.161449e-04  6.922639e+04
1.288250e-04  5.194281e+04
1.412538e-04  4.050036e+04
1.540000e-04  3.230720e+04
1.659587e-04  2.674060e+04
1.800000e-04  2.194520e+04
1.927525e-04  1.869864e+04
2.080000e-04  1.575882e+04
2.238721e-04  1.346344e+04
2.400000e-04  1.168734e+04
2.570396e-04  1.024632e+04
2.730000e-04  9.187940e+03
2.917427e-04  8.202941e+03
3.126079e-04  7.340329e+03
3.350000e-04  6.607540e+03
3.630781e-04  5.888568e+03
3.935501e-04  5.285664e+03
4.315191e-04  4.709755e+03
4.841724e-04  4.112499e+03
8.609938e-04  2.149032e+03
1.011579e-03  1.781556e+03
1.188502e-03  1.466101e+03
1.396368e-03  1.197360e+03
1.640590e-03  9.702363e+02
1.905461e-03  7.921937e+02
2.213095e-03  6.419557e+02
2.426610e-03  5.613689e+02
2.786121e-03  4.547574e+02
3.162278e-03  3.723742e+02
3.630781e-03  2.970680e+02
4.216965e-03  2.308239e+02
5.248075e-03  1.584160e+02
6.025596e-03  1.240306e+02
6.843790e-03  9.829193e+01
7.673615e-03  7.920873e+01
8.413951e-03  6.617840e+01
9.549926e-03  5.129399e+01
1.096478e-02  3.854340e+01
1.258925e-02  2.873443e+01
1.445440e-02  2.125260e+01
1.659587e-02  1.559576e+01
1.905461e-02  1.135674e+01
2.187762e-02  8.207050e+00
2.511886e-02  5.887111e+00
2.884032e-02  4.193002e+00
3.349654e-02  2.880515e+00
3.890451e-02  1.963839e+00
4.518559e-02  1.329248e+00
5.308844e-02  8.667363e-01
6.309573e-02  5.439803e-01
7.673615e-02  3.181518e-01
9.660509e-02  1.678351e-01
1.949845e-01  2.328561e-02
2.426610e-01  1.265781e-02
2.884032e-01  7.875975e-03
3.349654e-01  5.255696e-03
3.845918e-01  3.642165e-03
4.415705e-01  2.542823e-03
5.011872e-01  1.842742e-03
5.623413e-01  1.384339e-03
6.309573e-01  1.047268e-03
7.079458e-01  7.982438e-04
7.852356e-01  6.294396e-04
8.709636e-01  4.990930e-04
9.440609e-01  4.191576e-04
1.023293e+00  3.543534e-04
1.122018e+00  2.945776e-04
1.244515e+00  2.410931e-04
1.396368e+00  1.945676e-04
1.621810e+00  1.486322e-04
1.883649e+00  1.144634e-04
2.137962e+00  9.232284e-05
2.426610e+00  7.505498e-05
2.754229e+00  6.147194e-05
3.235937e+00  4.808474e-05
3.758374e+00  3.856488e-05
4.415704e+00  3.065328e-05
5.188000e+00  2.454919e-05
6.165950e+00  1.949883e-05
7.413102e+00  1.537307e-05
9.000000e+00  1.206300e-05
1.109175e+01  9.362648e-06
1.364583e+01  7.337970e-06
1.659587e+01  5.859269e-06
2.137962e+01  4.408601e-06
2.851018e+01  3.216186e-06
3.981072e+01  2.248284e-06
6.095369e+01  1.437409e-06
1.059254e+02  8.125451e-07
2.113489e+02  4.024850e-07
4.216965e+02  2.004868e-07
1.678804e+03  5.013867e-08
1.000000e+05  8.402700e-10
-1  -1
9.640000e-06  0.000000e+00
9.640000e-06  8.400600e+07
9.800000e-06  8.250560e+07
1.000000e-05  8.038640e+07
1.035142e-05  7.625341e+07
1.071519e-05  7.164999e+07
1.100000e-05  6.795800e+07
1.135011e-05  6.341421e+07
1.180000e-05  5.775320e+07
1.216186e-05  5.340928e+07
1.270000e-05  4.740400e+07
1.333521e-05  4.109761e+07
1.396368e-05  3.568511e+07
1.479108e-05  2.970681e+07
1.584893e-05  2.366957e+07
1.778279e-05  1.605691e+07
2.162719e-05  8.266817e+06
2.454709e-05  5.418568e+06
2.730000e-05  3.826208e+06
3.054921e-05  2.667514e+06
3.427678e-05  1.857126e+06
3.845918e-05  1.302359e+06
4.315191e-05  9.196125e+05
4.800000e-05  6.712520e+05
5.288000e-05  5.076752e+05
5.754399e-05  4.007011e+05
6.237348e-05  3.221783e+05
6.683439e-05  2.690918e+05
7.161434e-05  2.263445e+05
7.673615e-05  1.918140e+05
8.222426e-05  1.638078e+05
8.810489e-05  1.409249e+05
9.440609e-05  1.221214e+05
1.011579e-04  1.065600e+05
1.083927e-04  9.362119e+04
1.161449e-04  8.279970e+04
1.244515e-04  7.371749e+04
1.333521e-04  6.605894e+04
1.445440e-04  5.858372e+04
1.566751e-04  5.232810e+04
1.737801e-04  4.564104e+04
1.995262e-04  3.839906e+04
3.126079e-04  2.240806e+04
4.120975e-04  1.594656e+04
5.011872e-04  1.246995e+04
5.821032e-04  1.026153e+04
6.683439e-04  8.506336e+03
8.035261e-04  6.567123e+03
9.440609e-04  5.198275e+03
1.096478e-03  4.154105e+03
1.288250e-03  3.238633e+03
1.513561e-03  2.506478e+03
1.778279e-03  1.926545e+03
2.065380e-03  1.498543e+03
2.426610e-03  1.134293e+03
2.851018e-03  8.520929e+02
3.467369e-03  5.973330e+02
4.000000e-03  4.574489e+02
4.518559e-03  3.618252e+02
5.128614e-03  2.811008e+02
5.821032e-03  2.168646e+02
6.683439e-03  1.622280e+02
7.673615e-03  1.204262e+02
8.810489e-03  8.869865e+01
1.011579e-02  6.481806e+01
1.161449e-02  4.699243e+01
1.333521e-02  3.380063e+01
1.531087e-02  2.412051e+01
1.757924e-02  1.707693e+01
2.018366e-02  1.199609e+01
2.317395e-02  8.360881e+00
2.660725e-02  5.783333e+00
3.054921e-02  3.970995e+00
3.507519e-02  2.706980e+00
4.073803e-02  1.773699e+00
4.731513e-02  1.153312e+00
5.559043e-02  7.199931e-01
6.531306e-02  4.461209e-01
7.852356e-02  2.561224e-01
9.772372e-02  1.314417e-01
1.862087e-01  1.797041e-02
2.290868e-01  9.537752e-03
2.691535e-01  5.867621e-03
3.090295e-01  3.896007e-03
3.507519e-01  2.695227e-03
3.981072e-01  1.878345e-03
4.466836e-01  1.362473e-03
5.011872e-01  9.957299e-04
5.559043e-01  7.561846e-04
6.165950e-01  5.782466e-04
6.839117e-01  4.453867e-04
7.585776e-01  3.456129e-04
8.609938e-01  2.553241e-04
9.225714e-01  2.177478e-04
9.772372e-01  1.917683e-04
1.047129e+00  1.659066e-04
1.135011e+00  1.410303e-04
1.244515e+00  1.179987e-04
1.380384e+00  9.744910e-05
1.678804e+00  6.875494e-05
1.949845e+00  5.302364e-05
2.187762e+00  4.366470e-05
2.483133e+00  3.554739e-05
2.851018e+00  2.864004e-05
3.349654e+00  2.244248e-05
3.890451e+00  1.803000e-05
4.570882e+00  1.435545e-05
5.432503e+00  1.133708e-05
6.456542e+00  9.023008e-06
7.762471e+00  7.127014e-06
9.440609e+00  5.590468e-06
1.161449e+01  4.355952e-06
1.496236e+01  3.240586e-06
1.972423e+01  2.369946e-06
2.630268e+01  1.725104e-06
3.672823e+01  1.203853e-06
5.370318e+01  8.062218e-07
8.709636e+01  4.882709e-07
1.462177e+02  2.874644e-07
2.917427e+02  1.428045e-07
5.821032e+02  7.127076e-08
4.623810e+03  8.936571e-09
1.000000e+05  4.129400e-10
-1  -1
-2  0.0
-2  -2
