5.948800e-02  0.000000e+00
5.948800e-02  3.148111e+03
6.050000e-02  3.025240e+03
6.100000e-02  2.961900e+03
6.180000e-02  2.873200e+03
6.310000e-02  2.715920e+03
6.606934e-02  2.424663e+03
7.161434e-02  1.962265e+03
8.035261e-02  1.458697e+03
8.959900e-02  1.093878e+03
1.109175e-01  6.174563e+02
1.412538e-01  3.200538e+02
2.238721e-01  9.096313e+01
2.722701e-01  5.363916e+01
3.198895e-01  3.497087e+01
3.672823e-01  2.440633e+01
4.168694e-01  1.767519e+01
4.731513e-01  1.289989e+01
5.308844e-01  9.756588e+00
5.956621e-01  7.435186e+00
6.683439e-01  5.709907e+00
7.498942e-01  4.419279e+00
8.413951e-01  3.446416e+00
9.332543e-01  2.775674e+00
1.035142e+00  2.252818e+00
1.188502e+00  1.718268e+00
1.333521e+00  1.380176e+00
1.500000e+00  1.111059e+00
1.698244e+00  8.907454e-01
1.927525e+00  7.165027e-01
2.187762e+00  5.806802e-01
2.511886e+00  4.653629e-01
2.884032e+00  3.758292e-01
3.349654e+00  3.005514e-01
3.890451e+00  2.422108e-01
4.570882e+00  1.935151e-01
5.432503e+00  1.533578e-01
6.456542e+00  1.224293e-01
7.762471e+00  9.703297e-02
9.549926e+00  7.532921e-02
1.188502e+01  5.811297e-02
1.531087e+01  4.341047e-02
2.041738e+01  3.145408e-02
2.786121e+01  2.241275e-02
3.845918e+01  1.588739e-02
5.888437e+01  1.016897e-02
9.772372e+01  6.032073e-03
1.905461e+02  3.058631e-03
3.801894e+02  1.523254e-03
1.513561e+03  3.809320e-04
1.000000e+05  5.756500e-06
-1  -1
1.008100e-02  0.000000e+00
1.008100e-02  1.202713e+04
1.022000e-02  1.163470e+04
1.050000e-02  1.113362e+04
1.071519e-02  1.074662e+04
1.110000e-02  1.015316e+04
1.202264e-02  8.806108e+03
1.318257e-02  7.505574e+03
1.603245e-02  5.203088e+03
2.018366e-02  3.301900e+03
2.230000e-02  2.689640e+03
2.600160e-02  1.950705e+03
3.054921e-02  1.375802e+03
3.400000e-02  1.085626e+03
3.981072e-02  7.596590e+02
4.677351e-02  5.225590e+02
5.500000e-02  3.556520e+02
6.531306e-02  2.343511e+02
7.762471e-02  1.527835e+02
9.225714e-02  9.884337e+01
1.122019e-01  5.987036e+01
1.333521e-01  3.823696e+01
2.454709e-01  7.719025e+00
3.019952e-01  4.506664e+00
3.548134e-01  2.985369e+00
4.073803e-01  2.111019e+00
4.677351e-01  1.504106e+00
5.308844e-01  1.110286e+00
6.000000e-01  8.340008e-01
6.760830e-01  6.358900e-01
7.585776e-01  4.930803e-01
8.609938e-01  3.756793e-01
9.549926e-01  3.029442e-01
1.071519e+00  2.406326e-01
1.230269e+00  1.838732e-01
1.380384e+00  1.480048e-01
1.548817e+00  1.199368e-01
1.757924e+00  9.592439e-02
2.000000e+00  7.701703e-02
2.290868e+00  6.163244e-02
2.630268e+00  4.951957e-02
3.019952e+00  4.008612e-02
3.507519e+00  3.213531e-02
4.073803e+00  2.595640e-02
4.786301e+00  2.078288e-02
5.688529e+00  1.650302e-02
6.760830e+00  1.319964e-02
8.128305e+00  1.048131e-02
1.011579e+01  8.039299e-03
1.258925e+01  6.214559e-03
1.603245e+01  4.712006e-03
2.113489e+01  3.462336e-03
2.917427e+01  2.438818e-03
4.120975e+01  1.688994e-03
6.456542e+01  1.056872e-03
1.083927e+02  6.204368e-04
2.162719e+02  3.077049e-04
4.315191e+02  1.533676e-04
1.717908e+03  3.837368e-05
1.000000e+05  6.582600e-07
-1  -1
9.629400e-03  0.000000e+00
9.629400e-03  2.349717e+04
9.750000e-03  2.291203e+04
1.000000e-02  2.167053e+04
1.060000e-02  1.868100e+04
1.230269e-02  1.266400e+04
1.333521e-02  1.019600e+04
1.531087e-02  6.980600e+03
1.862087e-02  4.051800e+03
2.344229e-02  2.092900e+03
2.917427e-02  1.101300e+03
3.630781e-02  5.724100e+02
4.500000e-02  2.981800e+02
5.623413e-02  1.501900e+02
7.413102e-02  6.362600e+01
1.288250e-01  1.132103e+01
1.650000e-01  5.256665e+00
1.995262e-01  2.938174e+00
2.344229e-01  1.806288e+00
2.722701e-01  1.157874e+00
3.126079e-01  7.736964e-01
3.548134e-01  5.384586e-01
4.027170e-01  3.776049e-01
4.518559e-01  2.754616e-01
5.069907e-01  2.024567e-01
5.623413e-01  1.545331e-01
6.237348e-01  1.187533e-01
6.918310e-01  9.190389e-02
7.762471e-01  6.946965e-02
8.413951e-01  5.747095e-02
9.120108e-01  4.789046e-02
9.772372e-01  4.123743e-02
1.059254e+00  3.492027e-02
1.161449e+00  2.907926e-02
1.273503e+00  2.438044e-02
1.412538e+00  2.014970e-02
1.678804e+00  1.480865e-02
1.905461e+00  1.189897e-02
2.162719e+00  9.635055e-03
2.454709e+00  7.858210e-03
2.818383e+00  6.338995e-03
3.273407e+00  5.063378e-03
3.801894e+00  4.075897e-03
4.466836e+00  3.252871e-03
5.308844e+00  2.575226e-03
6.309573e+00  2.053827e-03
7.585776e+00  1.626215e-03
9.332543e+00  1.261330e-03
1.161449e+01  9.722889e-04
1.479108e+01  7.353116e-04
1.949845e+01  5.390672e-04
2.600160e+01  3.932939e-04
3.589219e+01  2.783731e-04
5.432503e+01  1.800980e-04
8.912509e+01  1.079593e-04
1.678804e+02  5.662920e-05
3.349654e+02  2.818020e-05
1.333521e+03  7.042765e-06
1.000000e+05  9.375000e-08
-1  -1
8.638100e-03  0.000000e+00
8.638100e-03  5.237338e+04
8.740000e-03  5.085064e+04
8.850000e-03  4.942060e+04
9.400000e-03  4.215760e+04
1.109175e-02  2.675321e+04
1.244515e-02  1.930872e+04
1.640590e-02  8.671672e+03
1.800000e-02  6.578520e+03
2.137962e-02  3.922131e+03
2.650000e-02  2.027648e+03
3.198895e-02  1.124832e+03
3.845918e-02  6.264560e+02
4.677351e-02  3.334702e+02
5.754399e-02  1.696471e+02
7.413102e-02  7.360792e+01
1.428894e-01  8.322425e+00
1.737801e-01  4.373208e+00
2.041738e-01  2.588822e+00
2.371374e-01  1.602684e+00
2.691535e-01  1.075396e+00
3.054921e-01  7.268847e-01
3.427678e-01  5.128541e-01
3.801894e-01  3.772181e-01
4.216965e-01  2.793811e-01
4.677351e-01  2.084429e-01
5.128614e-01  1.617406e-01
5.623413e-01  1.263546e-01
6.165950e-01  9.935195e-02
6.760830e-01  7.863018e-02
7.413102e-01  6.263734e-02
8.128305e-01  5.023854e-02
9.225714e-01  3.746509e-02
9.772372e-01  3.297018e-02
1.047129e+00  2.851996e-02
1.135011e+00  2.424722e-02
1.244515e+00  2.029316e-02
1.380384e+00  1.676208e-02
1.698244e+00  1.159131e-02
1.927525e+00  9.318116e-03
2.187762e+00  7.551134e-03
2.511886e+00  6.051299e-03
2.884032e+00  4.886642e-03
3.311311e+00  3.974440e-03
3.845918e+00  3.201166e-03
4.518559e+00  2.556175e-03
5.370318e+00  2.024701e-03
6.382635e+00  1.615582e-03
7.673615e+00  1.279804e-03
9.440609e+00  9.931393e-04
1.174898e+01  7.658251e-04
1.513561e+01  5.718390e-04
2.000000e+01  4.184200e-04
2.691535e+01  3.024751e-04
3.715352e+01  2.142478e-04
5.688529e+01  1.370463e-04
9.332543e+01  8.221631e-05
1.778279e+02  4.264866e-05
3.548134e+02  2.123030e-05
1.412538e+03  5.307573e-06
1.000000e+05  7.484500e-08
-1  -1
2.277400e-03  0.000000e+00
2.277400e-03  3.536471e+04
2.385000e-03  3.359600e+04
2.722701e-03  2.823132e+04
3.320000e-03  2.116000e+04
3.900000e-03  1.657608e+04
4.265795e-03  1.433448e+04
5.069907e-03  1.076636e+04
5.688529e-03  8.819467e+03
6.606934e-03  6.767229e+03
7.943282e-03  4.826515e+03
9.120108e-03  3.717995e+03
1.047129e-02  2.848814e+03
1.244515e-02  2.025433e+03
1.479108e-02  1.427553e+03
1.757924e-02  9.976979e+02
2.089296e-02  6.914776e+02
2.454709e-02  4.874153e+02
2.851018e-02  3.499642e+02
3.349654e-02  2.432271e+02
3.935501e-02  1.678084e+02
4.623810e-02  1.149379e+02
5.500000e-02  7.587100e+01
6.531306e-02  4.989249e+01
7.762471e-02  3.250045e+01
9.332543e-02  2.042116e+01
1.148154e-01  1.200764e+01
1.513561e-01  5.863232e+00
2.426610e-01  1.703662e+00
3.000060e-01  9.840374e-01
3.548134e-01  6.415652e-01
4.120975e-01  4.412509e-01
4.731513e-01  3.147708e-01
5.370318e-01  2.326102e-01
6.025596e-01  1.778491e-01
6.760830e-01  1.369394e-01
7.585776e-01  1.061779e-01
8.609938e-01  8.088622e-02
9.549926e-01  6.522002e-02
1.071519e+00  5.180434e-02
1.230269e+00  3.958294e-02
1.380384e+00  3.186260e-02
1.548817e+00  2.582193e-02
1.757924e+00  2.065353e-02
2.000000e+00  1.658099e-02
2.264644e+00  1.351575e-02
2.600160e+00  1.085266e-02
3.000000e+00  8.716500e-03
3.467369e+00  7.034924e-03
4.027170e+00  5.679045e-03
4.731513e+00  4.544783e-03
5.623413e+00  3.607013e-03
6.683439e+00  2.883708e-03
8.035261e+00  2.288739e-03
1.000000e+01  1.754700e-03
1.244515e+01  1.355887e-03
1.600000e+01  1.016800e-03
2.113489e+01  7.453946e-04
2.917427e+01  5.250475e-04
4.120975e+01  3.636241e-04
6.456542e+01  2.275266e-04
1.083927e+02  1.335711e-04
2.162719e+02  6.624429e-05
4.315191e+02  3.301729e-05
3.427678e+03  4.136720e-06
1.000000e+05  1.417100e-07
-1  -1
2.075200e-03  0.000000e+00
2.075200e-03  5.688960e+04
2.145000e-03  5.515986e+04
2.162719e-03  5.459459e+04
2.371374e-03  4.946550e+04
2.500000e-03  4.631800e+04
2.722701e-03  4.129923e+04
2.951209e-03  3.684111e+04
3.235937e-03  3.208450e+04
3.507519e-03  2.820447e+04
3.758374e-03  2.510959e+04
4.400000e-03  1.899004e+04
4.731513e-03  1.660104e+04
5.308844e-03  1.327927e+04
5.888437e-03  1.080030e+04
6.531306e-03  8.708200e+03
7.328245e-03  6.813065e+03
8.128305e-03  5.420635e+03
9.120108e-03  4.179078e+03
1.035142e-02  3.110987e+03
1.150000e-02  2.420140e+03
1.318257e-02  1.732535e+03
1.500000e-02  1.252648e+03
1.698244e-02  9.108596e+02
1.950000e-02  6.338760e+02
2.238721e-02  4.378815e+02
2.600160e-02  2.908227e+02
3.019952e-02  1.915886e+02
3.507519e-02  1.252668e+02
4.120975e-02  7.867298e+01
4.841724e-02  4.905812e+01
5.888437e-02  2.742437e+01
7.413102e-02  1.370561e+01
9.885531e-02  5.706426e+00
1.548817e-01  1.448246e+00
1.927525e-01  7.471309e-01
2.113489e-01  5.679598e-01
2.600160e-01  3.079553e-01
3.019952e-01  1.994198e-01
3.467369e-01  1.345346e-01
3.935501e-01  9.447412e-02
4.415705e-01  6.897126e-02
4.954502e-01  5.071539e-02
5.495409e-01  3.871964e-02
6.095369e-01  2.975961e-02
6.760830e-01  2.303414e-02
7.498942e-01  1.795503e-02
8.609938e-01  1.298920e-02
9.225714e-01  1.110988e-02
9.885531e-01  9.565514e-03
1.071519e+00  8.103215e-03
1.174898e+00  6.752187e-03
1.288250e+00  5.666801e-03
1.428894e+00  4.688257e-03
1.698244e+00  3.447675e-03
1.927525e+00  2.771891e-03
2.187762e+00  2.246494e-03
2.511886e+00  1.800299e-03
2.884032e+00  1.453729e-03
3.311311e+00  1.182324e-03
3.845918e+00  9.522757e-04
4.518559e+00  7.604037e-04
5.370318e+00  6.023004e-04
6.382635e+00  4.805916e-04
7.585776e+00  3.862138e-04
9.332543e+00  2.995629e-04
1.161449e+01  2.309162e-04
1.479108e+01  1.746298e-04
1.949845e+01  1.280241e-04
2.600160e+01  9.340379e-05
3.630781e+01  6.530929e-05
5.559043e+01  4.175816e-05
9.120108e+01  2.504214e-05
1.717908e+02  1.313888e-05
3.427678e+02  6.539221e-06
1.364583e+03  1.634447e-06
1.000000e+05  2.226500e-08
-1  -1
1.865100e-03  0.000000e+00
1.865100e-03  1.667899e+05
1.945000e-03  1.526528e+05
2.187762e-03  1.293962e+05
2.400000e-03  1.119804e+05
2.660725e-03  9.464668e+04
2.917427e-03  8.091740e+04
3.198895e-03  6.863990e+04
3.427678e-03  6.031734e+04
4.027170e-03  4.419204e+04
4.365158e-03  3.756232e+04
5.069907e-03  2.746973e+04
5.559043e-03  2.251037e+04
6.382635e-03  1.654207e+04
7.079458e-03  1.303427e+04
8.035261e-03  9.669932e+03
9.120108e-03  7.109879e+03
1.015000e-02  5.449887e+03
1.161449e-02  3.866974e+03
1.333521e-02  2.695347e+03
1.513561e-02  1.920982e+03
1.698244e-02  1.403397e+03
1.927525e-02  9.870788e+02
2.187762e-02  6.896362e+02
2.511886e-02  4.629157e+02
2.884032e-02  3.084343e+02
3.311311e-02  2.040881e+02
3.801894e-02  1.341776e+02
4.415704e-02  8.459253e+01
5.188000e-02  5.110531e+01
6.165950e-02  2.956592e+01
7.585776e-02  1.520787e+01
1.011580e-01  5.982192e+00
1.513561e-01  1.607871e+00
1.862087e-01  8.233955e-01
2.238721e-01  4.576038e-01
2.570396e-01  2.965606e-01
2.917427e-01  2.006160e-01
3.273407e-01  1.415526e-01
3.672823e-01  1.005912e-01
4.073803e-01  7.447181e-02
4.518559e-01  5.552956e-02
5.011872e-01  4.170300e-02
5.559043e-01  3.155046e-02
6.095369e-01  2.478789e-02
6.683439e-01  1.961056e-02
7.328245e-01  1.562029e-02
8.317638e-01  1.153387e-02
9.015711e-01  9.566058e-03
9.660509e-01  8.207760e-03
1.035142e+00  7.098306e-03
1.135011e+00  5.896665e-03
1.250000e+00  4.894293e-03
1.380384e+00  4.074507e-03
1.678804e+00  2.873571e-03
1.905461e+00  2.308671e-03
2.162719e+00  1.869436e-03
2.454709e+00  1.524598e-03
2.818383e+00  1.229678e-03
3.235937e+00  9.989988e-04
3.758374e+00  8.037067e-04
4.365158e+00  6.513122e-04
5.188000e+00  5.150994e-04
6.165950e+00  4.104176e-04
7.413102e+00  3.246415e-04
9.015711e+00  2.551192e-04
1.109175e+01  1.990982e-04
1.400000e+01  1.518900e-04
1.798871e+01  1.143901e-04
2.344229e+01  8.538861e-05
3.273407e+01  5.955592e-05
4.841724e+01  3.939612e-05
7.852356e+01  2.385306e-05
1.412538e+02  1.308868e-05
2.818383e+02  6.505911e-06
1.122018e+03  1.624147e-06
7.079458e+04  2.568496e-08
1.000000e+05  1.818500e-08
-1  -1
1.516000e-03  0.000000e+00
1.516000e-03  3.407973e+05
1.547300e-03  3.582469e+05
1.548000e-03  3.573651e+05
1.572000e-03  3.699683e+05
1.640590e-03  3.855841e+05
1.664800e-03  3.881327e+05
1.690000e-03  3.916083e+05
1.712300e-03  3.936193e+05
1.737801e-03  3.901966e+05
1.761500e-03  3.853036e+05
1.800000e-03  3.732564e+05
2.041738e-03  2.712636e+05
2.238721e-03  2.134359e+05
2.454709e-03  1.668038e+05
2.691535e-03  1.295072e+05
3.090295e-03  8.771641e+04
3.311311e-03  7.180625e+04
3.900000e-03  4.417360e+04
4.300000e-03  3.280360e+04
4.954502e-03  2.113967e+04
5.623413e-03  1.413463e+04
6.300000e-03  9.794000e+03
7.328245e-03  5.948607e+03
8.317638e-03  3.883945e+03
9.332543e-03  2.620236e+03
1.071519e-02  1.621392e+03
1.244515e-02  9.552318e+02
1.450000e-02  5.514760e+02
1.678804e-02  3.229682e+02
1.950000e-02  1.854376e+02
2.264644e-02  1.057235e+02
2.660725e-02  5.726759e+01
3.162278e-02  2.945398e+01
3.845918e-02  1.374523e+01
4.841724e-02  5.558840e+00
1.011580e-01  3.003148e-01
1.230269e-01  1.392922e-01
1.462177e-01  7.122695e-02
1.698244e-01  4.011346e-02
1.972423e-01  2.275765e-02
2.238721e-01  1.418383e-02
2.540973e-01  8.904448e-03
2.851018e-01  5.872800e-03
3.198895e-01  3.901963e-03
3.548134e-01  2.719091e-03
3.935501e-01  1.907807e-03
4.365158e-01  1.347217e-03
4.786301e-01  9.961234e-04
5.128614e-01  7.989843e-04
5.623413e-01  6.003848e-04
6.531306e-01  3.813644e-04
7.161434e-01  2.903507e-04
7.762471e-01  2.302601e-04
8.511380e-01  1.775079e-04
9.015711e-01  1.518859e-04
9.440609e-01  1.349166e-04
9.885531e-01  1.206412e-04
1.035142e+00  1.086732e-04
1.096478e+00  9.610282e-05
1.161449e+00  8.559441e-05
1.244515e+00  7.506793e-05
1.348963e+00  6.492363e-05
1.531087e+00  5.214214e-05
1.819701e+00  3.849541e-05
2.018366e+00  3.227586e-05
2.290868e+00  2.622489e-05
2.630268e+00  2.107079e-05
3.019952e+00  1.705699e-05
3.507519e+00  1.367370e-05
4.073803e+00  1.104456e-05
4.786301e+00  8.843409e-06
5.688529e+00  7.022173e-06
6.760830e+00  5.616658e-06
8.128305e+00  4.460021e-06
1.011579e+01  3.420801e-06
1.258925e+01  2.644371e-06
1.603245e+01  2.005008e-06
2.137962e+01  1.454710e-06
2.951209e+01  1.024997e-06
4.216965e+01  7.014810e-07
6.606934e+01  4.391111e-07
1.122018e+02  2.548547e-07
2.238721e+02  1.264386e-07
4.466836e+02  6.303417e-08
1.778279e+03  1.577330e-08
1.000000e+05  2.801000e-10
-1  -1
1.469800e-03  0.000000e+00
1.469800e-03  8.821378e+05
1.514000e-03  8.183954e+05
1.551800e-03  7.828511e+05
1.570000e-03  7.639860e+05
1.757924e-03  5.696209e+05
2.000000e-03  4.086756e+05
2.220000e-03  3.100632e+05
2.454709e-03  2.358743e+05
2.691535e-03  1.822970e+05
3.126079e-03  1.186951e+05
3.400000e-03  9.253920e+04
3.935501e-03  5.949475e+04
4.315191e-03  4.473848e+04
4.954502e-03  2.895559e+04
5.559043e-03  1.998878e+04
6.237348e-03  1.371267e+04
7.079458e-03  8.987851e+03
8.000000e-03  5.933538e+03
9.015711e-03  3.926488e+03
1.023293e-02  2.517235e+03
1.174898e-02  1.537282e+03
1.350000e-02  9.287160e+02
1.566751e-02  5.364312e+02
1.819701e-02  3.062720e+02
2.113489e-02  1.733908e+02
2.426610e-02  1.018448e+02
2.818383e-02  5.683736e+01
3.349654e-02  2.875807e+01
4.000000e-02  1.417206e+01
5.011872e-02  5.715607e+00
9.772372e-02  3.803040e-01
1.188502e-01  1.728773e-01
1.396368e-01  9.095491e-02
1.603245e-01  5.281445e-02
1.819701e-01  3.230914e-02
2.065380e-01  1.991491e-02
2.317395e-01  1.292208e-02
2.570396e-01  8.819521e-03
2.818383e-01  6.322323e-03
3.090295e-01  4.562304e-03
3.388442e-01  3.314587e-03
3.715352e-01  2.424104e-03
4.216965e-01  1.591521e-03
4.570882e-01  1.225380e-03
4.954502e-01  9.503748e-04
5.308844e-01  7.704032e-04
5.754399e-01  6.076121e-04
6.237348e-01  4.826959e-04
6.760830e-01  3.860219e-04
7.413102e-01  3.013064e-04
8.709636e-01  1.974104e-04
9.225714e-01  1.708367e-04
9.772372e-01  1.489435e-04
1.023293e+00  1.343295e-04
1.083927e+00  1.188628e-04
1.148154e+00  1.058259e-04
1.230269e+00  9.268226e-05
1.333521e+00  7.996870e-05
1.778279e+00  4.820589e-05
2.000000e+00  3.944325e-05
2.264644e+00  3.215606e-05
2.600160e+00  2.582090e-05
3.000000e+00  2.073800e-05
3.467369e+00  1.673748e-05
4.027170e+00  1.351166e-05
4.731513e+00  1.081273e-05
5.623413e+00  8.581886e-06
6.683439e+00  6.860967e-06
8.035261e+00  5.445552e-06
1.000000e+01  4.174900e-06
1.244515e+01  3.225961e-06
1.600000e+01  2.419100e-06
2.113489e+01  1.773489e-06
2.917427e+01  1.249153e-06
4.073803e+01  8.756893e-07
6.309573e+01  5.544118e-07
1.059254e+02  3.253564e-07
2.113489e+02  1.613259e-07
4.216965e+02  8.039292e-08
3.349654e+03  1.007163e-08
1.000000e+05  3.371600e-10
-1  -1
4.537300e-04  0.000000e+00
4.537300e-04  8.163300e+04
4.731513e-04  8.048125e+04
4.900000e-04  7.919227e+04
5.069907e-04  7.744821e+04
6.095369e-04  6.711839e+04
6.531306e-04  6.317700e+04
7.000000e-04  5.894680e+04
8.128305e-04  5.032923e+04
8.810489e-04  4.589416e+04
1.000000e-03  3.926260e+04
1.110000e-03  3.433700e+04
1.230269e-03  2.985795e+04
1.412538e-03  2.456639e+04
1.603245e-03  2.037180e+04
1.819701e-03  1.679157e+04
2.113489e-03  1.324866e+04
2.454709e-03  1.037201e+04
2.818383e-03  8.222571e+03
3.311311e-03  6.225288e+03
3.935501e-03  4.584514e+03
4.677351e-03  3.350966e+03
5.559043e-03  2.432826e+03
6.683439e-03  1.716963e+03
8.035261e-03  1.203159e+03
9.697000e-03  8.309233e+02
1.174898e-02  5.647161e+02
1.396368e-02  3.960534e+02
1.659587e-02  2.758148e+02
1.972423e-02  1.907077e+02
2.344229e-02  1.309029e+02
2.786121e-02  8.918478e+01
3.311311e-02  6.029894e+01
3.935501e-02  4.045505e+01
4.677351e-02  2.693169e+01
5.559043e-02  1.778964e+01
6.606934e-02  1.166338e+01
7.852356e-02  7.591689e+00
9.549926e-02  4.630291e+00
1.188502e-01  2.641889e+00
1.531088e-01  1.369210e+00
2.426610e-01  4.102845e-01
3.000000e-01  2.370599e-01
3.548134e-01  1.545837e-01
4.120975e-01  1.063349e-01
4.731513e-01  7.586006e-02
5.370318e-01  5.606193e-02
6.025596e-01  4.286627e-02
6.760830e-01  3.301067e-02
7.585776e-01  2.559832e-02
8.609938e-01  1.950069e-02
9.549926e-01  1.572330e-02
1.071519e+00  1.248975e-02
1.230269e+00  9.542836e-03
1.380384e+00  7.681575e-03
1.548817e+00  6.225249e-03
1.757924e+00  4.979033e-03
2.000000e+00  3.997400e-03
2.264644e+00  3.258663e-03
2.600160e+00  2.616554e-03
3.000000e+00  2.101400e-03
3.467369e+00  1.695973e-03
4.027170e+00  1.369098e-03
4.731513e+00  1.095697e-03
5.623413e+00  8.696154e-04
6.683439e+00  6.952158e-04
8.035261e+00  5.517957e-04
9.885531e+00  4.289125e-04
1.230269e+01  3.312934e-04
1.584893e+01  2.477608e-04
2.113489e+01  1.797032e-04
2.917427e+01  1.265828e-04
4.120975e+01  8.766288e-05
6.456542e+01  5.485312e-05
1.096478e+02  3.182556e-05
2.187762e+02  1.578549e-05
4.365158e+02  7.868474e-06
1.737801e+03  1.968834e-06
1.000000e+05  3.416500e-08
-1  -1
3.713700e-04  0.000000e+00
3.713700e-04  6.626275e+04
4.000000e-04  6.519663e+04
5.188000e-04  6.287095e+04
5.688529e-04  6.156598e+04
6.100000e-04  6.024160e+04
6.531306e-04  5.859621e+04
7.000000e-04  5.657980e+04
7.500000e-04  5.422520e+04
8.128305e-04  5.122627e+04
8.810489e-04  4.805363e+04
9.500000e-04  4.492640e+04
1.035142e-03  4.130596e+04
1.122018e-03  3.794890e+04
1.216186e-03  3.463865e+04
1.350000e-03  3.052660e+04
1.479108e-03  2.714468e+04
1.650000e-03  2.337940e+04
1.819701e-03  2.031437e+04
2.041738e-03  1.707475e+04
2.264644e-03  1.449975e+04
2.540973e-03  1.199833e+04
2.851018e-03  9.852654e+03
3.198895e-03  8.031554e+03
3.589219e-03  6.500402e+03
4.027170e-03  5.225484e+03
4.518559e-03  4.173332e+03
5.128614e-03  3.234925e+03
5.821032e-03  2.488768e+03
6.606934e-03  1.900526e+03
7.500000e-03  1.440222e+03
8.413951e-03  1.112882e+03
9.500000e-03  8.421340e+02
1.071519e-02  6.345519e+02
1.216186e-02  4.677983e+02
1.380384e-02  3.424172e+02
1.584893e-02  2.417362e+02
1.819701e-02  1.693255e+02
2.089296e-02  1.177095e+02
2.398833e-02  8.123438e+01
2.786121e-02  5.393453e+01
3.198895e-02  3.669979e+01
3.758374e-02  2.323659e+01
4.415704e-02  1.460226e+01
5.188000e-02  9.113502e+00
6.309573e-02  5.097861e+00
8.000000e-02  2.498278e+00
1.584893e-01  3.135345e-01
1.972423e-01  1.623707e-01
2.371374e-01  9.392470e-02
2.754229e-01  6.061271e-02
3.162278e-01  4.072780e-02
3.589219e-01  2.847599e-02
4.073803e-01  2.005332e-02
4.570882e-01  1.468074e-02
5.128614e-01  1.082718e-02
5.754399e-01  8.049414e-03
6.456542e-01  6.031742e-03
7.161434e-01  4.685190e-03
7.943282e-01  3.665515e-03
8.709636e-01  2.957663e-03
9.332543e-01  2.533133e-03
1.000000e+00  2.184433e-03
1.096478e+00  1.810547e-03
1.202264e+00  1.511381e-03
1.318257e+00  1.270614e-03
1.479108e+00  1.031216e-03
1.717908e+00  7.907131e-04
1.949845e+00  6.362198e-04
2.213095e+00  5.159687e-04
2.540973e+00  4.137591e-04
2.917427e+00  3.343214e-04
3.349654e+00  2.720668e-04
3.890451e+00  2.192574e-04
4.570882e+00  1.751741e-04
5.432503e+00  1.388201e-04
6.456542e+00  1.108245e-04
7.762471e+00  8.783622e-05
9.549926e+00  6.818919e-05
1.188502e+01  5.260433e-05
1.531087e+01  3.929551e-05
2.041738e+01  2.847296e-05
2.786121e+01  2.028841e-05
3.845918e+01  1.438117e-05
5.888437e+01  9.205064e-06
9.772372e+01  5.460264e-06
1.905461e+02  2.768762e-06
3.801894e+02  1.378867e-06
1.513561e+03  3.448290e-07
1.000000e+05  5.210800e-09
-1  -1
3.238700e-04  0.000000e+00
3.238700e-04  2.754993e+05
4.415704e-04  2.356604e+05
4.786301e-04  2.246075e+05
5.188000e-04  2.129011e+05
5.623413e-04  2.004768e+05
6.095369e-04  1.875055e+05
6.606934e-04  1.740111e+05
7.300000e-04  1.573040e+05
8.000000e-04  1.423720e+05
8.709636e-04  1.288574e+05
9.700000e-04  1.126904e+05
1.059254e-03  1.003609e+05
1.190000e-03  8.539120e+04
1.318257e-03  7.354623e+04
1.479108e-03  6.169336e+04
1.650000e-03  5.182400e+04
1.862087e-03  4.241117e+04
2.090000e-03  3.474766e+04
2.317395e-03  2.890480e+04
2.630268e-03  2.288956e+04
3.000000e-03  1.780624e+04
3.388442e-03  1.400519e+04
3.801894e-03  1.108844e+04
4.300000e-03  8.579280e+03
4.897788e-03  6.491434e+03
5.559043e-03  4.912596e+03
6.300000e-03  3.703756e+03
7.079458e-03  2.828621e+03
8.000000e-03  2.118452e+03
9.015711e-03  1.586506e+03
1.023293e-02  1.159596e+03
1.161449e-02  8.413765e+02
1.318257e-02  6.059188e+02
1.500000e-02  4.303240e+02
1.717908e-02  2.981483e+02
1.972423e-02  2.035528e+02
2.264644e-02  1.378884e+02
2.600160e-02  9.270811e+01
3.000000e-02  6.099720e+01
3.467369e-02  3.962427e+01
4.027170e-02  2.517999e+01
4.731513e-02  1.533102e+01
5.623413e-02  8.937178e+00
6.760830e-02  4.985577e+00
8.413951e-02  2.471388e+00
1.640590e-01  2.836098e-01
1.995262e-01  1.513503e-01
2.344229e-01  9.084550e-02
2.691535e-01  5.907222e-02
3.054921e-01  4.009757e-02
3.427678e-01  2.838778e-02
3.845918e-01  2.024556e-02
4.265795e-01  1.503964e-02
4.731513e-01  1.125250e-02
5.188000e-01  8.751183e-03
5.754399e-01  6.645738e-03
6.309573e-01  5.239054e-03
6.918310e-01  4.157065e-03
7.585776e-01  3.320234e-03
8.609938e-01  2.456989e-03
9.225714e-01  2.097852e-03
9.885531e-01  1.804173e-03
1.071519e+00  1.527381e-03
1.174898e+00  1.272420e-03
1.288250e+00  1.068030e-03
1.428894e+00  8.839653e-04
1.698244e+00  6.502620e-04
1.927525e+00  5.227785e-04
2.187762e+00  4.236627e-04
2.511886e+00  3.395123e-04
2.884032e+00  2.741617e-04
3.311311e+00  2.229830e-04
3.845918e+00  1.795999e-04
4.518559e+00  1.434099e-04
5.370318e+00  1.135923e-04
6.382635e+00  9.064085e-05
7.673615e+00  7.180336e-05
9.440609e+00  5.571865e-05
1.174898e+01  4.296689e-05
1.500000e+01  3.241300e-05
1.995262e+01  2.353674e-05
2.691535e+01  1.697003e-05
3.758374e+01  1.187543e-05
5.754399e+01  7.597671e-06
9.549926e+01  4.505151e-06
1.840772e+02  2.310549e-06
3.672823e+02  1.150436e-06
1.462177e+03  2.876622e-07
1.000000e+05  4.199200e-09
-1  -1
1.869500e-04  0.000000e+00
1.869500e-04  2.773500e+05
1.877000e-04  2.848076e+05
1.885000e-04  2.946724e+05
1.897000e-04  3.121088e+05
1.930000e-04  3.699376e+05
1.945000e-04  3.970232e+05
1.955000e-04  4.140440e+05
1.965000e-04  4.296040e+05
1.974000e-04  4.420280e+05
1.985000e-04  4.547680e+05
1.996000e-04  4.645960e+05
2.005000e-04  4.704000e+05
2.015000e-04  4.745400e+05
2.025000e-04  4.763720e+05
2.037800e-04  4.756736e+05
2.050000e-04  4.722400e+05
2.065380e-04  4.647655e+05
2.080000e-04  4.551680e+05
2.100000e-04  4.392680e+05
2.120000e-04  4.213960e+05
2.142000e-04  4.005320e+05
2.170000e-04  3.734028e+05
2.205000e-04  3.400540e+05
2.240000e-04  3.084096e+05
2.371374e-04  2.127340e+05
2.415000e-04  1.899320e+05
2.454709e-04  1.728636e+05
2.491600e-04  1.598799e+05
2.520000e-04  1.515892e+05
2.550800e-04  1.441211e+05
2.580000e-04  1.383596e+05
2.610000e-04  1.336292e+05
2.635000e-04  1.305472e+05
2.660725e-04  1.280867e+05
2.691535e-04  1.259597e+05
2.722701e-04  1.246703e+05
2.758100e-04  1.241300e+05
2.786121e-04  1.243154e+05
2.830000e-04  1.255392e+05
2.865000e-04  1.272152e+05
2.917427e-04  1.306574e+05
2.980000e-04  1.359112e+05
3.054921e-04  1.433391e+05
3.320000e-04  1.739504e+05
3.430000e-04  1.868584e+05
3.550000e-04  2.001892e+05
3.672823e-04  2.127210e+05
3.787900e-04  2.232579e+05
3.890451e-04  2.315865e+05
4.027170e-04  2.411880e+05
4.168694e-04  2.494545e+05
4.315191e-04  2.563654e+05
4.466836e-04  2.618731e+05
4.650000e-04  2.664488e+05
4.850000e-04  2.691536e+05
5.069907e-04  2.698963e+05
5.308844e-04  2.686784e+05
5.580000e-04  2.652996e+05
5.821032e-04  2.608444e+05
6.100000e-04  2.544544e+05
6.456542e-04  2.449863e+05
6.850000e-04  2.336768e+05
7.244360e-04  2.219229e+05
7.673615e-04  2.090111e+05
8.200000e-04  1.935884e+05
8.709636e-04  1.794389e+05
9.332543e-04  1.633013e+05
1.000000e-03  1.475628e+05
1.071519e-03  1.324902e+05
1.150000e-03  1.178788e+05
1.244515e-03  1.027030e+05
1.350000e-03  8.844600e+04
1.462177e-03  7.583205e+04
1.584893e-03  6.449349e+04
1.730000e-03  5.367280e+04
1.883649e-03  4.460178e+04
2.074000e-03  3.588189e+04
2.264644e-03  2.920676e+04
2.483133e-03  2.338936e+04
2.754229e-03  1.807009e+04
3.070000e-03  1.367060e+04
3.400000e-03  1.043364e+04
3.758374e-03  7.947867e+03
4.120975e-03  6.152919e+03
4.518559e-03  4.737856e+03
5.011872e-03  3.508115e+03
5.559043e-03  2.580572e+03
6.237348e-03  1.821098e+03
7.000000e-03  1.274068e+03
7.852356e-03  8.856968e+02
8.810489e-03  6.108650e+02
9.885531e-03  4.182030e+02
1.109175e-02  2.842886e+02
1.258925e-02  1.845732e+02
1.428894e-02  1.189322e+02
1.603245e-02  7.922403e+01
1.819701e-02  5.032019e+01
2.089296e-02  3.044041e+01
2.398833e-02  1.828231e+01
2.786121e-02  1.044505e+01
3.235937e-02  5.923971e+00
3.845918e-02  3.054751e+00
4.677351e-02  1.430657e+00
5.888437e-02  5.812934e-01
1.011580e-01  6.935942e-02
1.244515e-01  3.090696e-02
1.479108e-01  1.586405e-02
1.717908e-01  8.959799e-03
1.972423e-01  5.322955e-03
2.264644e-01  3.185454e-03
2.570396e-01  2.004451e-03
2.884032e-01  1.324706e-03
3.235937e-01  8.818328e-04
3.589219e-01  6.155708e-04
4.000000e-01  4.258767e-04
4.415705e-01  3.063787e-04
4.841724e-01  2.270411e-04
5.248075e-01  1.758538e-04
5.754399e-01  1.322816e-04
6.456542e-01  9.337403e-05
7.079458e-01  7.112907e-05
7.673615e-01  5.640536e-05
8.609938e-01  4.074288e-05
9.120108e-01  3.486874e-05
9.549926e-01  3.096834e-05
1.000000e+00  2.767800e-05
1.047129e+00  2.491322e-05
1.096478e+00  2.257282e-05
1.161449e+00  2.011004e-05
1.230269e+00  1.803980e-05
1.333521e+00  1.559882e-05
1.479108e+00  1.304813e-05
1.840772e+00  8.893495e-06
2.044000e+00  7.447900e-06
2.317395e+00  6.066610e-06
2.660725e+00  4.877517e-06
3.054921e+00  3.950798e-06
3.548134e+00  3.169045e-06
4.120975e+00  2.561120e-06
4.841724e+00  2.051754e-06
5.754399e+00  1.629993e-06
6.839116e+00  1.304375e-06
8.222427e+00  1.036278e-06
1.023293e+01  7.951460e-07
1.273503e+01  6.148991e-07
1.621810e+01  4.663992e-07
2.137962e+01  3.428156e-07
2.951209e+01  2.415413e-07
4.168694e+01  1.673234e-07
6.531306e+01  1.047191e-07
1.109175e+02  6.076818e-08
2.213095e+02  3.014554e-08
4.415704e+02  1.502697e-08
3.507519e+03  1.882880e-09
1.000000e+05  6.600700e-11
-1  -1
1.783300e-04  0.000000e+00
1.783300e-04  3.954648e+05
1.793000e-04  4.195590e+05
1.825000e-04  5.145756e+05
1.840000e-04  5.619108e+05
1.851000e-04  5.955504e+05
1.863000e-04  6.298020e+05
1.873000e-04  6.555120e+05
1.883649e-04  6.792656e+05
1.894000e-04  6.982620e+05
1.905461e-04  7.142168e+05
1.916000e-04  7.240740e+05
1.927525e-04  7.297410e+05
1.939000e-04  7.304700e+05
1.953000e-04  7.255260e+05
1.965000e-04  7.170120e+05
1.981300e-04  7.004962e+05
2.000000e-04  6.764940e+05
2.020000e-04  6.470820e+05
2.041738e-04  6.128739e+05
2.070000e-04  5.674452e+05
2.100000e-04  5.201826e+05
2.141200e-04  4.592201e+05
2.220000e-04  3.600402e+05
2.280000e-04  3.014352e+05
2.317395e-04  2.721587e+05
2.350000e-04  2.508504e+05
2.380000e-04  2.344440e+05
2.404400e-04  2.231699e+05
2.430000e-04  2.131692e+05
2.458000e-04  2.041980e+05
2.483133e-04  1.977291e+05
2.511886e-04  1.919867e+05
2.540973e-04  1.878018e+05
2.570396e-04  1.850733e+05
2.600160e-04  1.835900e+05
2.630268e-04  1.833024e+05
2.660725e-04  1.841023e+05
2.691535e-04  1.858868e+05
2.730000e-04  1.892928e+05
2.770000e-04  1.939938e+05
2.818383e-04  2.009384e+05
2.884032e-04  2.119896e+05
3.150000e-04  2.650116e+05
3.273407e-04  2.899757e+05
3.390000e-04  3.122634e+05
3.507519e-04  3.327927e+05
3.630781e-04  3.519973e+05
3.740000e-04  3.668412e+05
3.850000e-04  3.797754e+05
3.981072e-04  3.927339e+05
4.120975e-04  4.038979e+05
4.280000e-04  4.135716e+05
4.430000e-04  4.200144e+05
4.600000e-04  4.244736e+05
4.786301e-04  4.263557e+05
5.011872e-04  4.252664e+05
5.248075e-04  4.211450e+05
5.500000e-04  4.142184e+05
5.754399e-04  4.050752e+05
6.025596e-04  3.936967e+05
6.382635e-04  3.772045e+05
6.760830e-04  3.587269e+05
7.161434e-04  3.387372e+05
7.585776e-04  3.178509e+05
8.035261e-04  2.965665e+05
8.511380e-04  2.751439e+05
9.120108e-04  2.497428e+05
9.772372e-04  2.252070e+05
1.047129e-03  2.017062e+05
1.135011e-03  1.760344e+05
1.216186e-03  1.556823e+05
1.318257e-03  1.339255e+05
1.428894e-03  1.144390e+05
1.570000e-03  9.438180e+04
1.698244e-03  7.985196e+04
1.883649e-03  6.347649e+04
2.074000e-03  5.082538e+04
2.238721e-03  4.238067e+04
2.500000e-03  3.231690e+04
2.800000e-03  2.422062e+04
3.126079e-03  1.813185e+04
3.467369e-03  1.370009e+04
3.801894e-03  1.061275e+04
4.168694e-03  8.176192e+03
4.570882e-03  6.264737e+03
5.069907e-03  4.612725e+03
5.623413e-03  3.374924e+03
6.309573e-03  2.365877e+03
7.079458e-03  1.645527e+03
7.943282e-03  1.135576e+03
8.912509e-03  7.779237e+02
1.000000e-02  5.288502e+02
1.122018e-02  3.569200e+02
1.258925e-02  2.392116e+02
1.428894e-02  1.529228e+02
1.603245e-02  1.011305e+02
1.819701e-02  6.370401e+01
2.089296e-02  3.817421e+01
2.398833e-02  2.270120e+01
2.786121e-02  1.282475e+01
3.198895e-02  7.518072e+00
3.758374e-02  4.001466e+00
4.518559e-02  1.930609e+00
5.308844e-02  1.013990e+00
1.000000e-01  7.897619e-02
1.216186e-01  3.610442e-02
1.428894e-01  1.908333e-02
1.640590e-01  1.112227e-02
1.862087e-01  6.826591e-03
2.113489e-01  4.222020e-03
2.371374e-01  2.748696e-03
2.630268e-01  1.881547e-03
2.917427e-01  1.297908e-03
3.198895e-01  9.395216e-04
3.507519e-01  6.847922e-04
3.845918e-01  5.027022e-04
4.216965e-01  3.717014e-04
4.570882e-01  2.872243e-04
4.954502e-01  2.233857e-04
5.370318e-01  1.749833e-04
5.821032e-01  1.380127e-04
6.309573e-01  1.096239e-04
6.839117e-01  8.767436e-05
7.413102e-01  7.057214e-05
8.609938e-01  4.765448e-05
9.120108e-01  4.121558e-05
9.660509e-01  3.590034e-05
1.011579e+00  3.234576e-05
1.071519e+00  2.859294e-05
1.135011e+00  2.542939e-05
1.216186e+00  2.224249e-05
1.318257e+00  1.916913e-05
1.798871e+00  1.109085e-05
2.018366e+00  9.117950e-06
2.290868e+00  7.408785e-06
2.630268e+00  5.952705e-06
3.019952e+00  4.818685e-06
3.507519e+00  3.862845e-06
4.073803e+00  3.120108e-06
4.786301e+00  2.498344e-06
5.688529e+00  1.983772e-06
6.760830e+00  1.586752e-06
8.128305e+00  1.260029e-06
1.011579e+01  9.663980e-07
1.258925e+01  7.470394e-07
1.603245e+01  5.664225e-07
2.113489e+01  4.162036e-07
2.917427e+01  2.931711e-07
4.120975e+01  2.030379e-07
6.382635e+01  1.285652e-07
1.071519e+02  7.546324e-08
2.137962e+02  3.742190e-08
4.265795e+02  1.864987e-08
3.388442e+03  2.336585e-09
1.000000e+05  7.912800e-11
-1  -1
1.103000e-05  0.000000e+00
1.103000e-05  7.814321e+05
1.140000e-05  7.276789e+05
1.180000e-05  6.799763e+05
1.220000e-05  6.406643e+05
1.273503e-05  5.985299e+05
1.320000e-05  5.694726e+05
1.370000e-05  5.448563e+05
1.420000e-05  5.255625e+05
1.470000e-05  5.108166e+05
1.515000e-05  5.009529e+05
1.570000e-05  4.926225e+05
1.630000e-05  4.875380e+05
1.690000e-05  4.860187e+05
1.757924e-05  4.879774e+05
1.830000e-05  4.938560e+05
1.905461e-05  5.036712e+05
1.980000e-05  5.166549e+05
2.070000e-05  5.362741e+05
2.162719e-05  5.604598e+05
2.270000e-05  5.929227e+05
2.371374e-05  6.275473e+05
2.511886e-05  6.812661e+05
2.691535e-05  7.583197e+05
2.917427e-05  8.658997e+05
3.467369e-05  1.159364e+06
3.758374e-05  1.320147e+06
4.027170e-05  1.466282e+06
4.315191e-05  1.616990e+06
4.623810e-05  1.769916e+06
4.954502e-05  1.924088e+06
5.308844e-05  2.078378e+06
5.754399e-05  2.257874e+06
6.237348e-05  2.436031e+06
6.760830e-05  2.607672e+06
7.244360e-05  2.745767e+06
7.673615e-05  2.848906e+06
8.222426e-05  2.955614e+06
8.709636e-05  3.027381e+06
9.332543e-05  3.091883e+06
1.000000e-04  3.136091e+06
1.096478e-04  3.166094e+06
1.174898e-04  3.168978e+06
1.273503e-04  3.151687e+06
1.364583e-04  3.113566e+06
1.462177e-04  3.055866e+06
1.584893e-04  2.961676e+06
1.698244e-04  2.862512e+06
1.819701e-04  2.750655e+06
1.950000e-04  2.624177e+06
2.065380e-04  2.510149e+06
2.220000e-04  2.354737e+06
2.371374e-04  2.203441e+06
2.511886e-04  2.068707e+06
2.691535e-04  1.904141e+06
2.851018e-04  1.766235e+06
3.040000e-04  1.613832e+06
3.273407e-04  1.440853e+06
3.507519e-04  1.285679e+06
3.758374e-04  1.138203e+06
4.027170e-04  9.998653e+05
4.315191e-04  8.716177e+05
4.628000e-04  7.527976e+05
4.954502e-04  6.480919e+05
5.308844e-04  5.529947e+05
5.688529e-04  4.687917e+05
6.165950e-04  3.836661e+05
6.683439e-04  3.115717e+05
7.244360e-04  2.511377e+05
7.852356e-04  2.009929e+05
8.511380e-04  1.597825e+05
9.332543e-04  1.219980e+05
1.023293e-03  9.244287e+04
1.122018e-03  6.952173e+04
1.230269e-03  5.191205e+04
1.348963e-03  3.850135e+04
1.496236e-03  2.729886e+04
1.659587e-03  1.921689e+04
1.840772e-03  1.342796e+04
2.041738e-03  9.316272e+03
2.264644e-03  6.419727e+03
2.511886e-03  4.394406e+03
2.818383e-03  2.862306e+03
3.162278e-03  1.850218e+03
3.548134e-03  1.187224e+03
4.000000e-03  7.423206e+02
4.518559e-03  4.569644e+02
4.954502e-03  3.149650e+02
5.559043e-03  1.962512e+02
6.456542e-03  1.051843e+02
7.244360e-03  6.466900e+01
8.128305e-03  3.948564e+01
9.015711e-03  2.516494e+01
1.023293e-02  1.439829e+01
1.174898e-02  7.778194e+00
1.364583e-02  3.961401e+00
1.584893e-02  2.002635e+00
1.862087e-02  9.532549e-01
2.187762e-02  4.502877e-01
2.600160e-02  2.000544e-01
3.090295e-02  8.823764e-02
3.845918e-02  3.096022e-02
6.606934e-02  2.289042e-03
8.222426e-02  8.039248e-04
9.772372e-02  3.542500e-04
1.148154e-01  1.659544e-04
1.318257e-01  8.726436e-05
1.500000e-01  4.820500e-05
1.698244e-01  2.747544e-05
1.905461e-01  1.643221e-05
2.137962e-01  9.901206e-06
2.371374e-01  6.319724e-06
2.630268e-01  4.063128e-06
2.917427e-01  2.632901e-06
3.235937e-01  1.719529e-06
3.548134e-01  1.185591e-06
3.890451e-01  8.232078e-07
4.265795e-01  5.758495e-07
4.623810e-01  4.239974e-07
5.011872e-01  3.142654e-07
5.432503e-01  2.350120e-07
5.888437e-01  1.769997e-07
6.382635e-01  1.342048e-07
6.998420e-01  9.856702e-08
7.762471e-01  7.026424e-08
8.609938e-01  5.046477e-08
9.015711e-01  4.379826e-08
9.332543e-01  3.955880e-08
9.660509e-01  3.590603e-08
1.000000e+00  3.278400e-08
1.035142e+00  3.012990e-08
1.071519e+00  2.783505e-08
1.122018e+00  2.522428e-08
1.174898e+00  2.301817e-08
1.244515e+00  2.069084e-08
1.333521e+00  1.833160e-08
1.513561e+00  1.485749e-08
1.883649e+00  1.012826e-08
2.089296e+00  8.507365e-09
2.371374e+00  6.925503e-09
2.722701e+00  5.575105e-09
3.126079e+00  4.521151e-09
3.630781e+00  3.630864e-09
4.216965e+00  2.937652e-09
5.000000e+00  2.327100e-09
5.956621e+00  1.845454e-09
7.079458e+00  1.478868e-09
8.511380e+00  1.176531e-09
1.059254e+01  9.039120e-10
1.318257e+01  6.998290e-10
1.678804e+01  5.313710e-10
2.213095e+01  3.909500e-10
3.054921e+01  2.756810e-10
4.415704e+01  1.865540e-10
6.998420e+01  1.154890e-10
1.202264e+02  6.629940e-11
2.398833e+02  3.291360e-11
4.786301e+02  1.641600e-11
1.905461e+03  4.108720e-12
1.000000e+05  7.818400e-14
-1  -1
9.740000e-06  0.000000e+00
9.740000e-06  1.150202e+06
9.940000e-06  1.095729e+06
1.023293e-05  1.029967e+06
1.060000e-05  9.610564e+05
1.100000e-05  9.001347e+05
1.135011e-05  8.567025e+05
1.180000e-05  8.112296e+05
1.216186e-05  7.819071e+05
1.258925e-05  7.541815e+05
1.310000e-05  7.290770e+05
1.350000e-05  7.144955e+05
1.400000e-05  7.016099e+05
1.445440e-05  6.943563e+05
1.500000e-05  6.904343e+05
1.554900e-05  6.910600e+05
1.610000e-05  6.956700e+05
1.678804e-05  7.062892e+05
1.750000e-05  7.222249e+05
1.830000e-05  7.453530e+05
1.920000e-05  7.771250e+05
2.018366e-05  8.180000e+05
2.113489e-05  8.629436e+05
2.238721e-05  9.291726e+05
2.371374e-05  1.007005e+06
2.570396e-05  1.136338e+06
3.311311e-05  1.694858e+06
3.589219e-05  1.912576e+06
3.890451e-05  2.141691e+06
4.168694e-05  2.343251e+06
4.466836e-05  2.545296e+06
4.841724e-05  2.781228e+06
5.248075e-05  3.014644e+06
5.754399e-05  3.278577e+06
6.237348e-05  3.503559e+06
6.760830e-05  3.717631e+06
7.244360e-05  3.884486e+06
7.800000e-05  4.037651e+06
8.317638e-05  4.145056e+06
8.912509e-05  4.229330e+06
9.500000e-05  4.282363e+06
1.040000e-04  4.318049e+06
1.122018e-04  4.318159e+06
1.220000e-04  4.290623e+06
1.330000e-04  4.222310e+06
1.412538e-04  4.149893e+06
1.531087e-04  4.022409e+06
1.659587e-04  3.862299e+06
1.760000e-04  3.731103e+06
1.905461e-04  3.535541e+06
2.041738e-04  3.346746e+06
2.162719e-04  3.179224e+06
2.317395e-04  2.967469e+06
2.500000e-04  2.726501e+06
2.660725e-04  2.526743e+06
2.818383e-04  2.343268e+06
3.019952e-04  2.123338e+06
3.232200e-04  1.912624e+06
3.427678e-04  1.736370e+06
3.672823e-04  1.538379e+06
3.935501e-04  1.352458e+06
4.216965e-04  1.180031e+06
4.518559e-04  1.022073e+06
4.841724e-04  8.790054e+05
5.188000e-04  7.507157e+05
5.559043e-04  6.369123e+05
6.025596e-04  5.216945e+05
6.531306e-04  4.240464e+05
7.079458e-04  3.420272e+05
7.673615e-04  2.739302e+05
8.317638e-04  2.179928e+05
9.015711e-04  1.723391e+05
9.772372e-04  1.353699e+05
1.059254e-03  1.055598e+05
1.174898e-03  7.602502e+04
1.396368e-03  4.349183e+04
1.548817e-03  3.089497e+04
1.678804e-03  2.353135e+04
1.840772e-03  1.705595e+04
2.018366e-03  1.227542e+04
2.238721e-03  8.418774e+03
2.570396e-03  5.065085e+03
2.884032e-03  3.292110e+03
3.198895e-03  2.218224e+03
3.467369e-03  1.622193e+03
3.845918e-03  1.077331e+03
4.315191e-03  6.786773e+02
4.897788e-03  4.054084e+02
5.559043e-03  2.403414e+02
6.309573e-03  1.413937e+02
7.161434e-03  8.256999e+01
8.128305e-03  4.785082e+01
9.015711e-03  3.043611e+01
1.023293e-02  1.737331e+01
1.161449e-02  9.846184e+00
1.348963e-02  4.992906e+00
1.566751e-02  2.512768e+00
1.819701e-02  1.255272e+00
2.137962e-02  5.899821e-01
2.540973e-02  2.606561e-01
3.019952e-02  1.143000e-01
3.672823e-02  4.443356e-02
7.079458e-02  1.825406e-03
8.609938e-02  7.087291e-04
1.011580e-01  3.273115e-04
1.174898e-01  1.608561e-04
1.333521e-01  8.872002e-05
1.496236e-01  5.200151e-05
1.659587e-01  3.235785e-05
1.840772e-01  2.027270e-05
2.041738e-01  1.279489e-05
2.264644e-01  8.139408e-06
2.483133e-01  5.483455e-06
2.691535e-01  3.905534e-06
2.917427e-01  2.800249e-06
3.162278e-01  2.021170e-06
3.467369e-01  1.403496e-06
3.758374e-01  1.026876e-06
4.073803e-01  7.569165e-07
4.365158e-01  5.865791e-07
4.677351e-01  4.576371e-07
5.011872e-01  3.592896e-07
5.370318e-01  2.839411e-07
5.754399e-01  2.259246e-07
6.165950e-01  1.808786e-07
6.683439e-01  1.405932e-07
7.413102e-01  1.027078e-07
7.943282e-01  8.384626e-08
8.511380e-01  6.892004e-08
9.225714e-01  5.524423e-08
9.660509e-01  4.898333e-08
1.000000e+00  4.496500e-08
1.047129e+00  4.039884e-08
1.096478e+00  3.656522e-08
1.148154e+00  3.330358e-08
1.216186e+00  2.984455e-08
1.318257e+00  2.580697e-08
1.513561e+00  2.037481e-08
1.819701e+00  1.473833e-08
2.018366e+00  1.235635e-08
2.317395e+00  9.857606e-09
2.660725e+00  7.924942e-09
3.054921e+00  6.418292e-09
3.548134e+00  5.148289e-09
4.120975e+00  4.160720e-09
4.841724e+00  3.333283e-09
5.754399e+00  2.648087e-09
6.839116e+00  2.119040e-09
8.222427e+00  1.683450e-09
1.023293e+01  1.291784e-09
1.273503e+01  9.989390e-10
1.621810e+01  7.577040e-10
2.137962e+01  5.569370e-10
2.951209e+01  3.924080e-10
4.168694e+01  2.718310e-10
6.531306e+01  1.701330e-10
1.109175e+02  9.872250e-11
2.213095e+02  4.897350e-11
4.415704e+02  2.441340e-11
3.507519e+03  3.058910e-12
1.000000e+05  1.072300e-13
-1  -1
5.830000e-05  0.000000e+00
5.830000e-05  5.505280e+04
5.920000e-05  5.350740e+04
6.030000e-05  5.201500e+04
6.150000e-05  5.087960e+04
6.260000e-05  5.022580e+04
6.400000e-05  4.985240e+04
6.531306e-05  4.987849e+04
6.683439e-05  5.029494e+04
6.850000e-05  5.112720e+04
7.070000e-05  5.265760e+04
7.328245e-05  5.485347e+04
8.222426e-05  6.338224e+04
8.650000e-05  6.711120e+04
9.015711e-05  6.987571e+04
9.400000e-05  7.230440e+04
9.800000e-05  7.429800e+04
1.023293e-04  7.587228e+04
1.071519e-04  7.699901e+04
1.122018e-04  7.759760e+04
1.174898e-04  7.772799e+04
1.244515e-04  7.732886e+04
1.318257e-04  7.640943e+04
1.412538e-04  7.474715e+04
1.513561e-04  7.256582e+04
1.621810e-04  6.991344e+04
1.737801e-04  6.685314e+04
1.862087e-04  6.349616e+04
2.018366e-04  5.937900e+04
2.220000e-04  5.445420e+04
2.454709e-04  4.933377e+04
2.710800e-04  4.440709e+04
3.054921e-04  3.878637e+04
3.500000e-04  3.299000e+04
3.981072e-04  2.808361e+04
4.700000e-04  2.261860e+04
5.432503e-04  1.859205e+04
6.500000e-04  1.446978e+04
7.852356e-04  1.101157e+04
9.332543e-04  8.516726e+03
1.109175e-03  6.542820e+03
1.333521e-03  4.901203e+03
1.603245e-03  3.642521e+03
1.905461e-03  2.737686e+03
2.294000e-03  1.998596e+03
2.754229e-03  1.454661e+03
3.311311e-03  1.048462e+03
3.935501e-03  7.660535e+02
4.786301e-03  5.327619e+02
5.821032e-03  3.677587e+02
7.161434e-03  2.464775e+02
8.709636e-03  1.676495e+02
1.071519e-02  1.105944e+02
1.288250e-02  7.587684e+01
1.531087e-02  5.293530e+01
1.840772e-02  3.577037e+01
2.290868e-02  2.228077e+01
2.754229e-02  1.484568e+01
3.162278e-02  1.088033e+01
3.715352e-02  7.512141e+00
4.415704e-02  5.011558e+00
5.248075e-02  3.317380e+00
6.237348e-02  2.179682e+00
7.498942e-02  1.382089e+00
8.810489e-02  9.214900e-01
1.096478e-01  5.270997e-01
1.428894e-01  2.657090e-01
2.454709e-01  6.456198e-02
3.019952e-01  3.779419e-02
3.589219e-01  2.435165e-02
4.120975e-01  1.724515e-02
4.731513e-01  1.230308e-02
5.370318e-01  9.092343e-03
6.025596e-01  6.952306e-03
6.760830e-01  5.353905e-03
7.585776e-01  4.151769e-03
8.609938e-01  3.163086e-03
9.549926e-01  2.550456e-03
1.071519e+00  2.025711e-03
1.216186e+00  1.582492e-03
1.364583e+00  1.272950e-03
1.531087e+00  1.030877e-03
1.737801e+00  8.238859e-04
1.972423e+00  6.636324e-04
2.238721e+00  5.385268e-04
2.570396e+00  4.321272e-04
2.951209e+00  3.493899e-04
3.427678e+00  2.797475e-04
4.000000e+00  2.242000e-04
4.677351e+00  1.805288e-04
5.559043e+00  1.432105e-04
6.606934e+00  1.144375e-04
7.943282e+00  9.078394e-05
9.772372e+00  7.053783e-05
1.216186e+01  5.446129e-05
1.566751e+01  4.071368e-05
2.089296e+01  2.952041e-05
2.884032e+01  2.078767e-05
4.027170e+01  1.456855e-05
6.237348e+01  9.221662e-06
1.035142e+02  5.474857e-06
2.065380e+02  2.713936e-06
4.120975e+02  1.352213e-06
3.273407e+03  1.693926e-07
1.000000e+05  5.541600e-09
-1  -1
3.558000e-05  0.000000e+00
3.558000e-05  9.993840e+06
3.590000e-05  9.401580e+06
3.635000e-05  8.692400e+06
3.680000e-05  8.082420e+06
3.740000e-05  7.390660e+06
3.801894e-05  6.788863e+06
3.890451e-05  6.070570e+06
3.981072e-05  5.465813e+06
4.110000e-05  4.767360e+06
4.265795e-05  4.095643e+06
4.500000e-05  3.321300e+06
6.606934e-05  7.645579e+05
7.328245e-05  5.174837e+05
8.000000e-05  3.746280e+05
8.709636e-05  2.759849e+05
9.332543e-05  2.167165e+05
9.900000e-05  1.773808e+05
1.047129e-04  1.476039e+05
1.106700e-04  1.240446e+05
1.161449e-04  1.073127e+05
1.220000e-04  9.325140e+04
1.280000e-04  8.190780e+04
1.333521e-04  7.376428e+04
1.400000e-04  6.560820e+04
1.462177e-04  5.948221e+04
1.531087e-04  5.398429e+04
1.603245e-04  4.934468e+04
1.678804e-04  4.541958e+04
1.760000e-04  4.200460e+04
1.850000e-04  3.894580e+04
1.950000e-04  3.620660e+04
2.080000e-04  3.337960e+04
2.238721e-04  3.068351e+04
2.426610e-04  2.820133e+04
2.691535e-04  2.552552e+04
4.000000e-04  1.793692e+04
4.731513e-04  1.533642e+04
5.432503e-04  1.337850e+04
6.237348e-04  1.158096e+04
7.000000e-04  1.019932e+04
7.943282e-04  8.813623e+03
9.000000e-04  7.573840e+03
1.023293e-03  6.433425e+03
1.161449e-03  5.432176e+03
1.318257e-03  4.553446e+03
1.500000e-03  3.774100e+03
1.698244e-03  3.126262e+03
1.883649e-03  2.655209e+03
2.137962e-03  2.158343e+03
2.426610e-03  1.741313e+03
2.754229e-03  1.394434e+03
3.126079e-03  1.108348e+03
3.548134e-03  8.744452e+02
4.027170e-03  6.849196e+02
4.570882e-03  5.327029e+02
5.188000e-03  4.113988e+02
5.888437e-03  3.154969e+02
6.683439e-03  2.403266e+02
7.585776e-03  1.817807e+02
8.609938e-03  1.365065e+02
9.772372e-03  1.017469e+02
1.109175e-02  7.530386e+01
1.273503e-02  5.383117e+01
1.479108e-02  3.714534e+01
1.717908e-02  2.551525e+01
1.949845e-02  1.844862e+01
2.162719e-02  1.405020e+01
2.454709e-02  9.996002e+00
2.818383e-02  6.841327e+00
3.349654e-02  4.221071e+00
3.935501e-02  2.668208e+00
4.677351e-02  1.619133e+00
5.495409e-02  1.008584e+00
6.760830e-02  5.442319e-01
8.709636e-02  2.538069e-01
1.640590e-01  3.712286e-02
2.018366e-01  1.992241e-02
2.398833e-01  1.193602e-02
2.786121e-01  7.708152e-03
3.198895e-01  5.183103e-03
3.630781e-01  3.626428e-03
4.120975e-01  2.555513e-03
4.623810e-01  1.871945e-03
5.128614e-01  1.423667e-03
5.688529e-01  1.089920e-03
6.382635e-01  8.161358e-04
7.079458e-01  6.334822e-04
7.852356e-01  4.952057e-04
8.709636e-01  3.889007e-04
9.332543e-01  3.330310e-04
1.000000e+00  2.871500e-04
1.096478e+00  2.379979e-04
1.202264e+00  1.987073e-04
1.318257e+00  1.670530e-04
1.479108e+00  1.355461e-04
1.717908e+00  1.039224e-04
1.949845e+00  8.361323e-05
2.213095e+00  6.780535e-05
2.540973e+00  5.437345e-05
2.917427e+00  4.393575e-05
3.388442e+00  3.515614e-05
3.935501e+00  2.834798e-05
4.623810e+00  2.266157e-05
5.495409e+00  1.796762e-05
6.531306e+00  1.435139e-05
7.852356e+00  1.137934e-05
9.660509e+00  8.838060e-06
1.202264e+01  6.820976e-06
1.548817e+01  5.097175e-06
2.065380e+01  3.694563e-06
2.851018e+01  2.600867e-06
3.981072e+01  1.822293e-06
6.165950e+01  1.153274e-06
1.023293e+02  6.845558e-07
2.041738e+02  3.393051e-07
4.073803e+02  1.690455e-07
3.235937e+03  2.117526e-08
1.000000e+05  6.848000e-10
-1  -1
2.954000e-05  0.000000e+00
2.954000e-05  2.333600e+07
2.967000e-05  2.257644e+07
3.000000e-05  2.092136e+07
3.040000e-05  1.920396e+07
3.090295e-05  1.738650e+07
3.150000e-05  1.560368e+07
3.210000e-05  1.411340e+07
3.273407e-05  1.278866e+07
3.350000e-05  1.144404e+07
3.450000e-05  1.000344e+07
3.570000e-05  8.615680e+06
3.730000e-05  7.167760e+06
3.935501e-05  5.763843e+06
4.365158e-05  3.820560e+06
5.011872e-05  2.224097e+06
5.500000e-05  1.554808e+06
5.900000e-05  1.194088e+06
6.300000e-05  9.398160e+05
6.683439e-05  7.630527e+05
7.000000e-05  6.518360e+05
7.328245e-05  5.607861e+05
7.673615e-05  4.850817e+05
8.035261e-05  4.224495e+05
8.413951e-05  3.706032e+05
8.800000e-05  3.286852e+05
9.150000e-05  2.980064e+05
9.549926e-05  2.694859e+05
9.950000e-05  2.463640e+05
1.040000e-04  2.252848e+05
1.083927e-04  2.085345e+05
1.135011e-04  1.926194e+05
1.190000e-04  1.786896e+05
1.260000e-04  1.644528e+05
1.333521e-04  1.525122e+05
1.428894e-04  1.401958e+05
1.548817e-04  1.281542e+05
1.698244e-04  1.165885e+05
2.540973e-04  7.922197e+04
3.000000e-04  6.709720e+04
3.507519e-04  5.693714e+04
4.027170e-04  4.886949e+04
4.628000e-04  4.159519e+04
5.248075e-04  3.572227e+04
6.025596e-04  3.000724e+04
6.839116e-04  2.540965e+04
7.852356e-04  2.103714e+04
8.912509e-04  1.757476e+04
1.023293e-03  1.434237e+04
1.161449e-03  1.182066e+04
1.318257e-03  9.675959e+03
1.500000e-03  7.833080e+03
1.698244e-03  6.349904e+03
1.927525e-03  5.090205e+03
2.187762e-03  4.051287e+03
2.483133e-03  3.201503e+03
2.818383e-03  2.512158e+03
3.198895e-03  1.957443e+03
3.630781e-03  1.514589e+03
4.120975e-03  1.163802e+03
4.677351e-03  8.880859e+02
5.308844e-03  6.729667e+02
6.025596e-03  5.064384e+02
6.839116e-03  3.785625e+02
7.762471e-03  2.810072e+02
8.810489e-03  2.071307e+02
1.000000e-02  1.515768e+02
1.135011e-02  1.101266e+02
1.288250e-02  7.944409e+01
1.462177e-02  5.690839e+01
1.659587e-02  4.048792e+01
1.905461e-02  2.771062e+01
2.187762e-02  1.881838e+01
2.511886e-02  1.268387e+01
2.884032e-02  8.487261e+00
3.311311e-02  5.639085e+00
3.845918e-02  3.594261e+00
4.466836e-02  2.273989e+00
5.248075e-02  1.378702e+00
6.237348e-02  8.005076e-01
7.585776e-02  4.285405e-01
9.885531e-02  1.823765e-01
1.640590e-01  3.534415e-02
1.995262e-01  1.886699e-02
2.344229e-01  1.132859e-02
2.691535e-01  7.367532e-03
3.054921e-01  5.001403e-03
3.427678e-01  3.541119e-03
3.845918e-01  2.525651e-03
4.265795e-01  1.876359e-03
4.731513e-01  1.404022e-03
5.188000e-01  1.092083e-03
5.754399e-01  8.295207e-04
6.382635e-01  6.351750e-04
6.998420e-01  5.044534e-04
7.673615e-01  4.032788e-04
8.609938e-01  3.068801e-04
9.225714e-01  2.620777e-04
9.885531e-01  2.254246e-04
1.071519e+00  1.908589e-04
1.174898e+00  1.590071e-04
1.288250e+00  1.334642e-04
1.428894e+00  1.104558e-04
1.698244e+00  8.125113e-05
1.927525e+00  6.532174e-05
2.187762e+00  5.293480e-05
2.511886e+00  4.242050e-05
2.884032e+00  3.425615e-05
3.311311e+00  2.786111e-05
3.845918e+00  2.244017e-05
4.518559e+00  1.791945e-05
5.370318e+00  1.419352e-05
6.382635e+00  1.132503e-05
7.673615e+00  8.971634e-06
9.440609e+00  6.961971e-06
1.174898e+01  5.368657e-06
1.513561e+01  4.008777e-06
2.000000e+01  2.933200e-06
2.691535e+01  2.120360e-06
3.758374e+01  1.483827e-06
5.754399e+01  9.493248e-07
9.440609e+01  5.695977e-07
1.819701e+02  2.920902e-07
3.630781e+02  1.454185e-07
1.445440e+03  3.635913e-08
1.000000e+05  5.246800e-10
-1  -1
5.550000e-06  0.000000e+00
5.550000e-06  4.669757e+06
6.309573e-06  2.728356e+06
7.000000e-06  1.752446e+06
7.762471e-06  1.118744e+06
8.511380e-06  7.450219e+05
9.440609e-06  4.678240e+05
1.047129e-05  2.915109e+05
1.270000e-05  1.199736e+05
1.350000e-05  9.107500e+04
1.420000e-05  7.296880e+04
1.480000e-05  6.125320e+04
1.531087e-05  5.336542e+04
1.584893e-05  4.667836e+04
1.630000e-05  4.211040e+04
1.678804e-05  3.802731e+04
1.730000e-05  3.452900e+04
1.778279e-05  3.183243e+04
1.830000e-05  2.947380e+04
1.870000e-05  2.796260e+04
1.920700e-05  2.637307e+04
1.972423e-05  2.506484e+04
2.020000e-05  2.409220e+04
2.070000e-05  2.326760e+04
2.130000e-05  2.249780e+04
2.190400e-05  2.191832e+04
2.250000e-05  2.149980e+04
2.330000e-05  2.112400e+04
2.420000e-05  2.089120e+04
2.511886e-05  2.079994e+04
2.630268e-05  2.082573e+04
2.818383e-05  2.104783e+04
3.427678e-05  2.201247e+04
3.715352e-05  2.227271e+04
4.000000e-05  2.234840e+04
4.315191e-05  2.224658e+04
4.623810e-05  2.199701e+04
4.954502e-05  2.158858e+04
5.308844e-05  2.102793e+04
5.688529e-05  2.033329e+04
6.095369e-05  1.953816e+04
6.531306e-05  1.865595e+04
7.079458e-05  1.754851e+04
7.800000e-05  1.617024e+04
8.609938e-05  1.476293e+04
9.800000e-05  1.298748e+04
1.122018e-04  1.127269e+04
1.364583e-04  9.112804e+03
1.737801e-04  6.967707e+03
2.000000e-04  5.920500e+03
2.238721e-04  5.137903e+03
2.540973e-04  4.346197e+03
3.054921e-04  3.373705e+03
3.981072e-04  2.327930e+03
4.897788e-04  1.737895e+03
5.821032e-04  1.348768e+03
8.000000e-04  8.402220e+02
9.660509e-04  6.281929e+02
1.216186e-03  4.371141e+02
1.479108e-03  3.189611e+02
1.717908e-03  2.492269e+02
2.454709e-03  1.353133e+02
3.000000e-03  9.532606e+01
3.630781e-03  6.761125e+01
4.415704e-03  4.715790e+01
5.559043e-03  3.058616e+01
6.760830e-03  2.101493e+01
8.222426e-03  1.433285e+01
1.000000e-02  9.701891e+00
1.202264e-02  6.673638e+00
1.445440e-02  4.557094e+00
1.737801e-02  3.087831e+00
2.089296e-02  2.075840e+00
2.483133e-02  1.420166e+00
2.951209e-02  9.645540e-01
3.507519e-02  6.501139e-01
4.168694e-02  4.348849e-01
4.954502e-02  2.887317e-01
5.888437e-02  1.901683e-01
7.079458e-02  1.208687e-01
8.413951e-02  7.846652e-02
1.035142e-01  4.630888e-02
1.333521e-01  2.409569e-02
1.640590e-01  1.403876e-02
2.426610e-01  5.043466e-03
3.000000e-01  2.915300e-03
3.548134e-01  1.901701e-03
4.120975e-01  1.308667e-03
4.731513e-01  9.340171e-04
5.370318e-01  6.906440e-04
6.025596e-01  5.284566e-04
6.760830e-01  4.073332e-04
7.585776e-01  3.162637e-04
8.511380e-01  2.473859e-04
9.440609e-01  1.996909e-04
1.059254e+00  1.586745e-04
1.216186e+00  1.211986e-04
1.364583e+00  9.745984e-05
1.531087e+00  7.889309e-05
1.717908e+00  6.432660e-05
1.949845e+00  5.178118e-05
2.213095e+00  4.199308e-05
2.540973e+00  3.367413e-05
2.917427e+00  2.720987e-05
3.388442e+00  2.177324e-05
3.935501e+00  1.755721e-05
4.623810e+00  1.403493e-05
5.495409e+00  1.112805e-05
6.531306e+00  8.888065e-06
7.852356e+00  7.047667e-06
9.660509e+00  5.473617e-06
1.202264e+01  4.224395e-06
1.548817e+01  3.156828e-06
2.065380e+01  2.288175e-06
2.818383e+01  1.630952e-06
3.890451e+01  1.156398e-06
6.000000e+01  7.347500e-07
1.000000e+02  4.340700e-07
1.949845e+02  2.201638e-07
3.890451e+02  1.096597e-07
1.548817e+03  2.742642e-08
1.000000e+05  4.241200e-10
-1  -1
-2  0.0
-2  -2
