4.045600e-02  0.000000e+00
4.045600e-02  4.909283e+03
4.103000e-02  4.753682e+03
4.140000e-02  4.645060e+03
4.190000e-02  4.517480e+03
4.270000e-02  4.289060e+03
4.450000e-02  3.872820e+03
4.800000e-02  3.172580e+03
5.432503e-02  2.303289e+03
6.165950e-02  1.643778e+03
7.585776e-02  9.385501e+02
9.500000e-02  5.049200e+02
1.216186e-01  2.531785e+02
2.113489e-01  5.344640e+01
2.570396e-01  3.100178e+01
2.985383e-01  2.058515e+01
3.273407e-01  1.603427e+01
3.758374e-01  1.110660e+01
4.265795e-01  7.994864e+00
4.786301e-01  5.971710e+00
5.370318e-01  4.493368e+00
5.956621e-01  3.503118e+00
6.606935e-01  2.749685e+00
7.328245e-01  2.173403e+00
8.128305e-01  1.729595e+00
8.912509e-01  1.421034e+00
9.772372e-01  1.175291e+00
1.109175e+00  9.138931e-01
1.258925e+00  7.156741e-01
1.412538e+00  5.774446e-01
1.584893e+00  4.691750e-01
1.798871e+00  3.762972e-01
2.044000e+00  3.034489e-01
2.317395e+00  2.474678e-01
2.630268e+00  2.029660e-01
3.019952e+00  1.647348e-01
3.507519e+00  1.323569e-01
4.073803e+00  1.071518e-01
4.786301e+00  8.601025e-02
5.688529e+00  6.848927e-02
6.839116e+00  5.414546e-02
8.317638e+00  4.251208e-02
1.023293e+01  3.316553e-02
1.273503e+01  2.570097e-02
1.640590e+01  1.928438e-02
2.137962e+01  1.438861e-02
2.884032e+01  1.040659e-02
4.168694e+01  7.044070e-03
6.456542e+01  4.467130e-03
1.122018e+02  2.535309e-03
2.238721e+02  1.258333e-03
4.466836e+02  6.276634e-04
3.548134e+03  7.867919e-05
1.000000e+05  2.790300e-06
-1  -1
6.513300e-03  0.000000e+00
6.513300e-03  1.931750e+04
6.620000e-03  1.867512e+04
6.770000e-03  1.803588e+04
6.918310e-03  1.736053e+04
7.161434e-03  1.644688e+04
7.762471e-03  1.427084e+04
8.317638e-03  1.269256e+04
8.912509e-03  1.120289e+04
9.660509e-03  9.628599e+03
1.040000e-02  8.405480e+03
1.303167e-02  5.408512e+03
1.428894e-02  4.486942e+03
1.698244e-02  3.135086e+03
1.972423e-02  2.272301e+03
2.187762e-02  1.810544e+03
2.570396e-02  1.260358e+03
3.019952e-02  8.688764e+02
3.467369e-02  6.270504e+02
3.981072e-02  4.497028e+02
4.570882e-02  3.205402e+02
5.308844e-02  2.206209e+02
6.237348e-02  1.464758e+02
7.413102e-02  9.373391e+01
8.912509e-02  5.775842e+01
1.083927e-01  3.427141e+01
1.303167e-01  2.085252e+01
2.264644e-01  4.633936e+00
2.884032e-01  2.417745e+00
3.388442e-01  1.578022e+00
3.890451e-01  1.102176e+00
4.415705e-01  7.987209e-01
5.011872e-01  5.831389e-01
5.623413e-01  4.412860e-01
6.309573e-01  3.365434e-01
6.998420e-01  2.654788e-01
7.852356e-01  2.055409e-01
8.709636e-01  1.643325e-01
9.549926e-01  1.356293e-01
1.059254e+00  1.101811e-01
1.202264e+00  8.604063e-02
1.348963e+00  6.921586e-02
1.513561e+00  5.608020e-02
1.717908e+00  4.484844e-02
1.949845e+00  3.613880e-02
2.213095e+00  2.933363e-02
2.511886e+00  2.399339e-02
2.884032e+00  1.942263e-02
3.349654e+00  1.556904e-02
3.890451e+00  1.257573e-02
4.570882e+00  1.007265e-02
5.432503e+00  8.004665e-03
6.456542e+00  6.408416e-03
7.852356e+00  5.020362e-03
9.549926e+00  3.962059e-03
1.216186e+01  2.982924e-03
1.566751e+01  2.235129e-03
2.089296e+01  1.623993e-03
2.851018e+01  1.159605e-03
4.073803e+01  7.943075e-04
6.237348e+01  5.095595e-04
1.059254e+02  2.959222e-04
2.113489e+02  1.467890e-04
4.216965e+02  7.319921e-05
3.349654e+03  9.173271e-06
1.000000e+05  3.071100e-07
-1  -1
6.165300e-03  0.000000e+00
6.165300e-03  3.843965e+04
6.280000e-03  3.717100e+04
6.370000e-03  3.601900e+04
6.700000e-03  3.173600e+04
7.852356e-03  2.091100e+04
8.609938e-03  1.628200e+04
1.011579e-02  1.041200e+04
1.202264e-02  6.410300e+03
1.450000e-02  3.723100e+03
1.603245e-02  2.770300e+03
1.927525e-02  1.597500e+03
2.344229e-02  8.802200e+02
2.851018e-02  4.801400e+02
3.467369e-02  2.595800e+02
4.300000e-02  1.308400e+02
5.432503e-02  6.165100e+01
7.328245e-02  2.332400e+01
1.202264e-01  4.652200e+00
1.513561e-01  2.211500e+00
1.819701e-01  1.228300e+00
2.065380e-01  8.240200e-01
2.511886e-01  4.496991e-01
2.884032e-01  2.954159e-01
3.273407e-01  2.024749e-01
3.672823e-01  1.446014e-01
4.120975e-01  1.040007e-01
4.623810e-01  7.537342e-02
5.128614e-01  5.680298e-02
5.688529e-01  4.310485e-02
6.309573e-01  3.294824e-02
6.998420e-01  2.537460e-02
7.762471e-01  1.961399e-02
8.413951e-01  1.615710e-02
9.015711e-01  1.376855e-02
9.660509e-01  1.181431e-02
1.035142e+00  1.021697e-02
1.122018e+00  8.683888e-03
1.230269e+00  7.264662e-03
1.348963e+00  6.123299e-03
1.566751e+00  4.685896e-03
1.798871e+00  3.681788e-03
2.044000e+00  2.967790e-03
2.317395e+00  2.420194e-03
2.630268e+00  1.984834e-03
3.019952e+00  1.610810e-03
3.507519e+00  1.294195e-03
4.073803e+00  1.047732e-03
4.786301e+00  8.410188e-04
5.688529e+00  6.697023e-04
6.839116e+00  5.294402e-04
8.317638e+00  4.156913e-04
1.023293e+01  3.243003e-04
1.288250e+01  2.480084e-04
1.659587e+01  1.861564e-04
2.137962e+01  1.406960e-04
2.884032e+01  1.017524e-04
4.216965e+01  6.805036e-05
6.531306e+01  4.316441e-05
1.148154e+02  2.421510e-05
2.290868e+02  1.202129e-05
4.570882e+02  5.997058e-06
3.630781e+03  7.518170e-07
1.000000e+05  2.728400e-08
-1  -1
5.712800e-03  0.000000e+00
5.712800e-03  8.298927e+04
5.830000e-03  7.968080e+04
5.930000e-03  7.649880e+04
6.237348e-03  6.702301e+04
7.328245e-03  4.322876e+04
8.128305e-03  3.227486e+04
9.660509e-03  1.967259e+04
1.122018e-02  1.274722e+04
1.350000e-02  7.332800e+03
1.500000e-02  5.327680e+03
1.800000e-02  3.037160e+03
2.162719e-02  1.706349e+03
2.600160e-02  9.473661e+02
3.126079e-02  5.211444e+02
3.758374e-02  2.843396e+02
4.570882e-02  1.481576e+02
5.623413e-02  7.373670e+01
7.244360e-02  3.117677e+01
1.273503e-01  4.534401e+00
1.610000e-01  2.048262e+00
1.883649e-01  1.211055e+00
2.187762e-01  7.391532e-01
2.511886e-01  4.721463e-01
2.818383e-01  3.271777e-01
3.162278e-01  2.283539e-01
3.507519e-01  1.663819e-01
3.890451e-01  1.220932e-01
4.315191e-01  9.027607e-02
4.731513e-01  6.951041e-02
5.188000e-01  5.388255e-02
5.688529e-01  4.205746e-02
6.165950e-01  3.406315e-02
6.760830e-01  2.696021e-02
7.413102e-01  2.149271e-02
8.413951e-01  1.589169e-02
9.015711e-01  1.355113e-02
9.660509e-01  1.163310e-02
1.035142e+00  1.006494e-02
1.135011e+00  8.364683e-03
1.250000e+00  6.945518e-03
1.380384e+00  5.785164e-03
1.659587e+00  4.169716e-03
1.883649e+00  3.351839e-03
2.113489e+00  2.766302e-03
2.398833e+00  2.256598e-03
2.722701e+00  1.854151e-03
3.162278e+00  1.481904e-03
3.672823e+00  1.193523e-03
4.265795e+00  9.683724e-04
5.011872e+00  7.789197e-04
5.956621e+00  6.214801e-04
7.161434e+00  4.922587e-04
8.709636e+00  3.871592e-04
1.083927e+01  2.984748e-04
1.348963e+01  2.317211e-04
1.737801e+01  1.741731e-04
2.200000e+01  1.343100e-04
3.019952e+01  9.540268e-05
4.466836e+01  6.309567e-05
7.079458e+01  3.912166e-05
1.318257e+02  2.072041e-05
2.630268e+02  1.029877e-05
1.047129e+03  2.571477e-06
6.606934e+04  4.066742e-08
1.000000e+05  2.687100e-08
-1  -1
1.409900e-03  0.000000e+00
1.409900e-03  5.701751e+04
1.500000e-03  5.328540e+04
1.698244e-03  4.533850e+04
1.778279e-03  4.248536e+04
2.238721e-03  3.030009e+04
2.426610e-03  2.683373e+04
2.660725e-03  2.314629e+04
3.162278e-03  1.743405e+04
3.548134e-03  1.430981e+04
4.120975e-03  1.100982e+04
4.954502e-03  7.882289e+03
5.688529e-03  6.090865e+03
6.606934e-03  4.579237e+03
7.852356e-03  3.267753e+03
9.332543e-03  2.312228e+03
1.109175e-02  1.622673e+03
1.303167e-02  1.157395e+03
1.531087e-02  8.194618e+02
1.778279e-02  5.907270e+02
2.065380e-02  4.230883e+02
2.426610e-02  2.931967e+02
2.851018e-02  2.016467e+02
3.349654e-02  1.376515e+02
3.935501e-02  9.327046e+01
4.623810e-02  6.274072e+01
5.432503e-02  4.190437e+01
6.456542e-02  2.698754e+01
7.762471e-02  1.674505e+01
9.332543e-02  1.031299e+01
1.161449e-01  5.751449e+00
1.548817e-01  2.642622e+00
2.264644e-01  9.427669e-01
2.786121e-01  5.403240e-01
3.311311e-01  3.420787e-01
3.845918e-01  2.318469e-01
4.365158e-01  1.679500e-01
4.954502e-01  1.225559e-01
5.559043e-01  9.271166e-02
6.237348e-01  7.066215e-02
6.998420e-01  5.428701e-02
7.762471e-01  4.311732e-02
8.709636e-01  3.361534e-02
9.549926e-01  2.773533e-02
1.059254e+00  2.252781e-02
1.202264e+00  1.759195e-02
1.348963e+00  1.415208e-02
1.513561e+00  1.146627e-02
1.717908e+00  9.169657e-03
1.949845e+00  7.389008e-03
2.213095e+00  5.997876e-03
2.511886e+00  4.905944e-03
2.884032e+00  3.971230e-03
3.349654e+00  3.183286e-03
3.890451e+00  2.571281e-03
4.570882e+00  2.059507e-03
5.432503e+00  1.636669e-03
6.456542e+00  1.310258e-03
7.852356e+00  1.026475e-03
9.549926e+00  8.100821e-04
1.216186e+01  6.098866e-04
1.584893e+01  4.511098e-04
2.089296e+01  3.320346e-04
2.851018e+01  2.370914e-04
4.120975e+01  1.604535e-04
6.382635e+01  1.017322e-04
1.096478e+02  5.840899e-05
2.187762e+02  2.898381e-05
4.365158e+02  1.445581e-05
3.467369e+03  1.811922e-06
1.000000e+05  6.279200e-08
-1  -1
1.259900e-03  0.000000e+00
1.259900e-03  8.872273e+04
1.287000e-03  8.845382e+04
1.305000e-03  8.780330e+04
1.373000e-03  8.388040e+04
1.470000e-03  7.803180e+04
1.531087e-03  7.433055e+04
1.650000e-03  6.751040e+04
1.819701e-03  5.906937e+04
1.970000e-03  5.265400e+04
2.113489e-03  4.725595e+04
2.264644e-03  4.224447e+04
2.630268e-03  3.265863e+04
2.851018e-03  2.825533e+04
3.162278e-03  2.322234e+04
3.507519e-03  1.898250e+04
3.845918e-03  1.574911e+04
4.365158e-03  1.208982e+04
4.800000e-03  9.844500e+03
5.432503e-03  7.477555e+03
6.095369e-03  5.740698e+03
6.800000e-03  4.438820e+03
7.800000e-03  3.184600e+03
8.810489e-03  2.352324e+03
9.885531e-03  1.755526e+03
1.122018e-02  1.263281e+03
1.288250e-02  8.749308e+02
1.479108e-02  6.009411e+02
1.698244e-02  4.094438e+02
1.950000e-02  2.767920e+02
2.238721e-02  1.858412e+02
2.600160e-02  1.197720e+02
3.054921e-02  7.401987e+01
3.630781e-02  4.382003e+01
4.315191e-02  2.574057e+01
5.188000e-02  1.448587e+01
6.531306e-02  6.996374e+00
9.225714e-02  2.324008e+00
1.380384e-01  6.404926e-01
1.717908e-01  3.203017e-01
2.065380e-01  1.800082e-01
2.398833e-01  1.134354e-01
2.754229e-01  7.456751e-02
3.162278e-01  4.938660e-02
3.589219e-01  3.410993e-02
4.027170e-01  2.454451e-02
4.518559e-01  1.780457e-02
5.069907e-01  1.301499e-02
5.623413e-01  9.881632e-03
6.237348e-01  7.555478e-03
6.918310e-01  5.820509e-03
7.673615e-01  4.518272e-03
8.609938e-01  3.430220e-03
9.225714e-01  2.924932e-03
9.772372e-01  2.575885e-03
1.047129e+00  2.228782e-03
1.135011e+00  1.895403e-03
1.244515e+00  1.587063e-03
1.364583e+00  1.339393e-03
1.659587e+00  9.463293e-04
1.883649e+00  7.607132e-04
2.113489e+00  6.278644e-04
2.398833e+00  5.122348e-04
2.722701e+00  4.209316e-04
3.162278e+00  3.364550e-04
3.672823e+00  2.709760e-04
4.265795e+00  2.198594e-04
5.011872e+00  1.768515e-04
6.000000e+00  1.398000e-04
7.244360e+00  1.101737e-04
8.912509e+00  8.549622e-05
1.122018e+01  6.508103e-05
1.412538e+01  4.992219e-05
1.840772e+01  3.709420e-05
2.454709e+01  2.706671e-05
3.388442e+01  1.916474e-05
5.188000e+01  1.225374e-05
8.413951e+01  7.438511e-06
1.678804e+02  3.681009e-06
3.349654e+02  1.832954e-06
1.333521e+03  4.582929e-07
1.000000e+05  6.101000e-09
-1  -1
1.170500e-03  0.000000e+00
1.170500e-03  2.281140e+05
1.185000e-03  2.274853e+05
1.216186e-03  2.219420e+05
1.285000e-03  2.085972e+05
1.380384e-03  1.903966e+05
1.450000e-03  1.776896e+05
1.584893e-03  1.557409e+05
1.737801e-03  1.351469e+05
1.900000e-03  1.169540e+05
2.070000e-03  1.009696e+05
2.371374e-03  7.885462e+04
2.600160e-03  6.637300e+04
2.851018e-03  5.536708e+04
3.235937e-03  4.283542e+04
3.548134e-03  3.528949e+04
4.027170e-03  2.682157e+04
4.466836e-03  2.126863e+04
5.011872e-03  1.632907e+04
5.623413e-03  1.243697e+04
6.300000e-03  9.444960e+03
7.161434e-03  6.865829e+03
8.035261e-03  5.117720e+03
9.015711e-03  3.791134e+03
1.023293e-02  2.705366e+03
1.174898e-02  1.856311e+03
1.350000e-02  1.259976e+03
1.548817e-02  8.516439e+02
1.778279e-02  5.697439e+02
2.041738e-02  3.781770e+02
2.344229e-02  2.491350e+02
2.691535e-02  1.629907e+02
3.126079e-02  1.021601e+02
3.630781e-02  6.357214e+01
4.265795e-02  3.786531e+01
5.069907e-02  2.156536e+01
6.165950e-02  1.130305e+01
7.852356e-02  5.042126e+00
1.445440e-01  6.470699e-01
1.757924e-01  3.371653e-01
2.089296e-01  1.911206e-01
2.398833e-01  1.221638e-01
2.722701e-01  8.163477e-02
3.054921e-01  5.698786e-02
3.427678e-01  4.009449e-02
3.801894e-01  2.941855e-02
4.216965e-01  2.173057e-02
4.623810e-01  1.670446e-02
5.069907e-01  1.292742e-02
5.559043e-01  1.007908e-02
6.095369e-01  7.915636e-03
6.683439e-01  6.263624e-03
7.328245e-01  4.992316e-03
8.317638e-01  3.690754e-03
9.015711e-01  3.063403e-03
9.660509e-01  2.629836e-03
1.035142e+00  2.275167e-03
1.135011e+00  1.890798e-03
1.250000e+00  1.570099e-03
1.380384e+00  1.307768e-03
1.659587e+00  9.425749e-04
1.883649e+00  7.577088e-04
2.137962e+00  6.136958e-04
2.426610e+00  5.009628e-04
2.786121e+00  4.047260e-04
3.235937e+00  3.238492e-04
3.758374e+00  2.611308e-04
4.365158e+00  2.121042e-04
5.188000e+00  1.682088e-04
6.165950e+00  1.344077e-04
7.413102e+00  1.066036e-04
9.015711e+00  8.395286e-05
1.135011e+01  6.393173e-05
1.428894e+01  4.905943e-05
1.862087e+01  3.646394e-05
2.511886e+01  2.628782e-05
3.467369e+01  1.862147e-05
5.308844e+01  1.191116e-05
8.709636e+01  7.148707e-06
1.737801e+02  3.538932e-06
3.467369e+02  1.762643e-06
1.380384e+03  4.407779e-07
1.000000e+05  6.074400e-09
-1  -1
9.054900e-04  0.000000e+00
9.054900e-04  9.209900e+05
9.660509e-04  8.084361e+05
1.000000e-03  7.517500e+05
1.050000e-03  6.688200e+05
1.190000e-03  5.008040e+05
1.288250e-03  4.136640e+05
1.400000e-03  3.359908e+05
1.531087e-03  2.665055e+05
1.659587e-03  2.149990e+05
1.883649e-03  1.520581e+05
2.041738e-03  1.210433e+05
2.371374e-03  7.846735e+04
2.600160e-03  5.964500e+04
2.951209e-03  4.064352e+04
3.273407e-03  2.948285e+04
3.715352e-03  1.977653e+04
4.216965e-03  1.314371e+04
4.677351e-03  9.354888e+03
5.308844e-03  6.126104e+03
6.025596e-03  3.980207e+03
6.839116e-03  2.567094e+03
7.762471e-03  1.643703e+03
8.912509e-03  1.002650e+03
1.011579e-02  6.327366e+02
1.150000e-02  3.942628e+02
1.303167e-02  2.469941e+02
1.479108e-02  1.528416e+02
1.698244e-02  8.992846e+01
1.972423e-02  5.024087e+01
2.317395e-02  2.663578e+01
2.722701e-02  1.402111e+01
3.273407e-02  6.684772e+00
4.073803e-02  2.750496e+00
8.317638e-02  1.478534e-01
1.035142e-01  6.073984e-02
1.244515e-01  2.891647e-02
1.462177e-01  1.521470e-02
1.698244e-01  8.445131e-03
1.949845e-01  4.942166e-03
2.213095e-01  3.044588e-03
2.483133e-01  1.973400e-03
2.754229e-01  1.344464e-03
3.019952e-01  9.614935e-04
3.349654e-01  6.647915e-04
3.715352e-01  4.629353e-04
4.120975e-01  3.246182e-04
4.570882e-01  2.292064e-04
5.069907e-01  1.630518e-04
5.559043e-01  1.212356e-04
6.025596e-01  9.411420e-05
6.531306e-01  7.355034e-05
7.079458e-01  5.786991e-05
7.673615e-01  4.585755e-05
8.511380e-01  3.421380e-05
9.015711e-01  2.925465e-05
9.440609e-01  2.595736e-05
9.885531e-01  2.317030e-05
1.035142e+00  2.082435e-05
1.083927e+00  1.884303e-05
1.148154e+00  1.676453e-05
1.216186e+00  1.502385e-05
1.318257e+00  1.298401e-05
1.531087e+00  1.003129e-05
1.819701e+00  7.419281e-06
2.044000e+00  6.096003e-06
2.317395e+00  4.971406e-06
2.630268e+00  4.077006e-06
3.019952e+00  3.308560e-06
3.507519e+00  2.658313e-06
4.073803e+00  2.152100e-06
4.786301e+00  1.727458e-06
5.688529e+00  1.375580e-06
6.839116e+00  1.087521e-06
8.317638e+00  8.538357e-07
1.023293e+01  6.661219e-07
1.273503e+01  5.162013e-07
1.640590e+01  3.873216e-07
2.137962e+01  2.889871e-07
2.884032e+01  2.090055e-07
4.168694e+01  1.414812e-07
6.456542e+01  8.972089e-08
1.122018e+02  5.091935e-08
2.238721e+02  2.527312e-08
4.466836e+02  1.260662e-08
3.548134e+03  1.580223e-09
1.000000e+05  5.604100e-11
-1  -1
8.861400e-04  0.000000e+00
8.861400e-04  1.279438e+06
1.047129e-03  9.849069e+05
1.161449e-03  7.732494e+05
1.258925e-03  6.358031e+05
1.364583e-03  5.191439e+05
1.479108e-03  4.209388e+05
1.621810e-03  3.291165e+05
1.850000e-03  2.291136e+05
2.000000e-03  1.834686e+05
2.317395e-03  1.194469e+05
2.540973e-03  9.066576e+04
2.900000e-03  6.059040e+04
3.273407e-03  4.149937e+04
3.650000e-03  2.935080e+04
4.168694e-03  1.906155e+04
4.677351e-03  1.301218e+04
5.248075e-03  8.825283e+03
6.025596e-03  5.489187e+03
6.918310e-03  3.382659e+03
7.852356e-03  2.153668e+03
8.810489e-03  1.419823e+03
9.885531e-03  9.306546e+02
1.122018e-02  5.808689e+02
1.273503e-02  3.600366e+02
1.450000e-02  2.189736e+02
1.650000e-02  1.325838e+02
1.883649e-02  7.877865e+01
2.187762e-02  4.342488e+01
2.600160e-02  2.165388e+01
3.054921e-02  1.122686e+01
3.715352e-02  5.015986e+00
4.623810e-02  2.021155e+00
8.709636e-02  1.430653e-01
1.059254e-01  6.349960e-02
1.244515e-01  3.274697e-02
1.445440e-01  1.783649e-02
1.659587e-01  1.025605e-02
1.862087e-01  6.511766e-03
2.000000e-01  4.930266e-03
2.264644e-01  3.108985e-03
2.630268e-01  1.788225e-03
2.851018e-01  1.320792e-03
2.985383e-01  1.107321e-03
3.273407e-01  7.974172e-04
3.589219e-01  5.783217e-04
3.890451e-01  4.394364e-04
4.216965e-01  3.361645e-04
4.570882e-01  2.589933e-04
4.954502e-01  2.010209e-04
5.370318e-01  1.573080e-04
5.821032e-01  1.240536e-04
6.237348e-01  1.018884e-04
6.760830e-01  8.158252e-05
7.413102e-01  6.375662e-05
8.035261e-01  5.162077e-05
8.609938e-01  4.287793e-05
9.120108e-01  3.694729e-05
9.549926e-01  3.297165e-05
1.000000e+00  2.959481e-05
1.059254e+00  2.607957e-05
1.122018e+00  2.315242e-05
1.188502e+00  2.068299e-05
1.288250e+00  1.780823e-05
1.412538e+00  1.513441e-05
1.531087e+00  1.316697e-05
1.798871e+00  9.932880e-06
2.018366e+00  8.171673e-06
2.290868e+00  6.647157e-06
2.600160e+00  5.447807e-06
3.000000e+00  4.386400e-06
3.467369e+00  3.547941e-06
4.027170e+00  2.870723e-06
4.731513e+00  2.303083e-06
5.623413e+00  1.833015e-06
6.760830e+00  1.448385e-06
8.222427e+00  1.136751e-06
1.000000e+01  8.985900e-07
1.258925e+01  6.866647e-07
1.621810e+01  5.150571e-07
2.113489e+01  3.841639e-07
2.851018e+01  2.777755e-07
4.120975e+01  1.879872e-07
6.382635e+01  1.191897e-07
1.109175e+02  6.763464e-08
2.213095e+02  3.356406e-08
4.415704e+02  1.674190e-08
3.507519e+03  2.098527e-09
1.000000e+05  7.356800e-11
-1  -1
2.850100e-04  0.000000e+00
2.850100e-04  1.320054e+05
3.019952e-04  1.286262e+05
3.100000e-04  1.268022e+05
3.162278e-04  1.251515e+05
3.930000e-04  1.046476e+05
4.168694e-04  9.903460e+04
4.677351e-04  8.758846e+04
5.188000e-04  7.807967e+04
5.623413e-04  7.085640e+04
6.531306e-04  5.849036e+04
7.161434e-04  5.168539e+04
8.222426e-04  4.250961e+04
9.225714e-04  3.590798e+04
1.083927e-03  2.807265e+04
1.230269e-03  2.297334e+04
1.428894e-03  1.800847e+04
1.698244e-03  1.348443e+04
2.041738e-03  9.816101e+03
2.454709e-03  7.089982e+03
2.985383e-03  4.977383e+03
3.589219e-03  3.543885e+03
4.415704e-03  2.399978e+03
5.370318e-03  1.648232e+03
6.456542e-03  1.148751e+03
7.673615e-03  8.133037e+02
9.120108e-03  5.717665e+02
1.096478e-02  3.896218e+02
1.303167e-02  2.699531e+02
1.548817e-02  1.856832e+02
1.840772e-02  1.267700e+02
2.162719e-02  8.814993e+01
2.540973e-02  6.086574e+01
3.000000e-02  4.125202e+01
3.548134e-02  2.762593e+01
4.216965e-02  1.814198e+01
5.011872e-02  1.182055e+01
6.000000e-02  7.499458e+00
7.161434e-02  4.758461e+00
8.413951e-02  3.124355e+00
1.035142e-01  1.803758e+00
1.348963e-01  8.861482e-01
2.344229e-01  1.981103e-01
2.884032e-01  1.137234e-01
3.427678e-01  7.211983e-02
3.935501e-01  5.044352e-02
4.466836e-01  3.659701e-02
5.069907e-01  2.675116e-02
5.688529e-01  2.026770e-02
6.309573e-01  1.589015e-02
7.079458e-01  1.221818e-02
7.852356e-01  9.711645e-03
8.709636e-01  7.764229e-03
9.549926e-01  6.405798e-03
1.059254e+00  5.202863e-03
1.202264e+00  4.062750e-03
1.348963e+00  3.268465e-03
1.513561e+00  2.648384e-03
1.717908e+00  2.118007e-03
1.949845e+00  1.706647e-03
2.213095e+00  1.385220e-03
2.511886e+00  1.133039e-03
2.884032e+00  9.172185e-04
3.349654e+00  7.352457e-04
3.890451e+00  5.938884e-04
4.570882e+00  4.756746e-04
5.432503e+00  3.780152e-04
6.456542e+00  3.026356e-04
7.852356e+00  2.370838e-04
9.549926e+00  1.870986e-04
1.216186e+01  1.408613e-04
1.566751e+01  1.055507e-04
2.089296e+01  7.668970e-05
2.818383e+01  5.544107e-05
4.027170e+01  3.796760e-05
6.165950e+01  2.435162e-05
1.035142e+02  1.430655e-05
2.065380e+02  7.095187e-06
4.120975e+02  3.537653e-06
3.273407e+03  4.433005e-07
1.000000e+05  1.450300e-08
-1  -1
2.285800e-04  0.000000e+00
2.285800e-04  1.069234e+05
3.548134e-04  9.566008e+04
3.850000e-04  9.273560e+04
4.120975e-04  8.981057e+04
4.415704e-04  8.633797e+04
4.731513e-04  8.242488e+04
5.150000e-04  7.732120e+04
5.559043e-04  7.250753e+04
6.025596e-04  6.722661e+04
6.606934e-04  6.119822e+04
7.161434e-04  5.602308e+04
7.852356e-04  5.026137e+04
8.709636e-04  4.415660e+04
9.549926e-04  3.907068e+04
1.071519e-03  3.325478e+04
1.190000e-03  2.848800e+04
1.333521e-03  2.390521e+04
1.500000e-03  1.977312e+04
1.678804e-03  1.637268e+04
1.905461e-03  1.313522e+04
2.162719e-03  1.044879e+04
2.426610e-03  8.428297e+03
2.722701e-03  6.755466e+03
3.090295e-03  5.257766e+03
3.507519e-03  4.061600e+03
3.981072e-03  3.114065e+03
4.518559e-03  2.369729e+03
5.069907e-03  1.836461e+03
5.688529e-03  1.414124e+03
6.400000e-03  1.075010e+03
7.244360e-03  7.999439e+02
8.222426e-03  5.870282e+02
9.332543e-03  4.275017e+02
1.059254e-02  3.091443e+02
1.202264e-02  2.220139e+02
1.380384e-02  1.535264e+02
1.584893e-02  1.053363e+02
1.819701e-02  7.172542e+01
2.089296e-02  4.848112e+01
2.426610e-02  3.146401e+01
2.818383e-02  2.026379e+01
3.273407e-02  1.295606e+01
3.845918e-02  7.944972e+00
4.623810e-02  4.506878e+00
5.495409e-02  2.630103e+00
6.918310e-02  1.272059e+00
1.412538e-01  1.310299e-01
1.757924e-01  6.571255e-02
2.113489e-01  3.701808e-02
2.454709e-01  2.337509e-02
2.818383e-01  1.539617e-02
3.198895e-01  1.057119e-02
3.630781e-01  7.311653e-03
4.073803e-01  5.266266e-03
4.570882e-01  3.820826e-03
5.069907e-01  2.881880e-03
5.623413e-01  2.188655e-03
6.237348e-01  1.674052e-03
6.918310e-01  1.289968e-03
7.673615e-01  1.001555e-03
8.709636e-01  7.401497e-04
9.332543e-01  6.318441e-04
9.885531e-01  5.571036e-04
1.071519e+00  4.714387e-04
1.161449e+00  4.016611e-04
1.258925e+00  3.443029e-04
1.396368e+00  2.848244e-04
1.698244e+00  2.014647e-04
1.927525e+00  1.621458e-04
2.162719e+00  1.340019e-04
2.454709e+00  1.094618e-04
2.818383e+00  8.849184e-05
3.273407e+00  7.085036e-05
3.801894e+00  5.716247e-05
4.415704e+00  4.645502e-05
5.248075e+00  3.685981e-05
6.237348e+00  2.946695e-05
7.585776e+00  2.305248e-05
9.225714e+00  1.816982e-05
1.161449e+01  1.384734e-05
1.479108e+01  1.049605e-05
1.972423e+01  7.611790e-06
2.660725e+01  5.496893e-06
3.672823e+01  3.898381e-06
5.623413e+01  2.496353e-06
9.332543e+01  1.481953e-06
1.862087e+02  7.342010e-07
3.715352e+02  3.658464e-07
1.479108e+03  9.151353e-08
1.000000e+05  1.351500e-09
-1  -1
2.093500e-04  0.000000e+00
2.093500e-04  3.414000e+05
2.350000e-04  3.288041e+05
2.620000e-04  3.151311e+05
2.884032e-04  3.014462e+05
3.126079e-04  2.893288e+05
3.388442e-04  2.760115e+05
3.715352e-04  2.592170e+05
4.000000e-04  2.447596e+05
4.365158e-04  2.267392e+05
4.786301e-04  2.076350e+05
5.188000e-04  1.909678e+05
5.688529e-04  1.721905e+05
6.309573e-04  1.521106e+05
6.918310e-04  1.352312e+05
7.673615e-04  1.176421e+05
8.511380e-04  1.015911e+05
9.549926e-04  8.562313e+04
1.071519e-03  7.158214e+04
1.202264e-03  5.939446e+04
1.350000e-03  4.885560e+04
1.513561e-03  4.000780e+04
1.698244e-03  3.250253e+04
1.927525e-03  2.566708e+04
2.213095e-03  1.966601e+04
2.540973e-03  1.493251e+04
2.917427e-03  1.124011e+04
3.349654e-03  8.386807e+03
3.801894e-03  6.363995e+03
4.315191e-03  4.793511e+03
4.841724e-03  3.681054e+03
5.500000e-03  2.727832e+03
6.280670e-03  1.980024e+03
7.079458e-03  1.471951e+03
8.035261e-03  1.067797e+03
9.120108e-03  7.686639e+02
1.035142e-02  5.492299e+02
1.174898e-02  3.896920e+02
1.333521e-02  2.745783e+02
1.513561e-02  1.921395e+02
1.737801e-02  1.291400e+02
2.000000e-02  8.552040e+01
2.290868e-02  5.699717e+01
2.630268e-02  3.745011e+01
3.054921e-02  2.357717e+01
3.548134e-02  1.473028e+01
4.168694e-02  8.807958e+00
4.954502e-02  5.036496e+00
6.000000e-02  2.687620e+00
7.328245e-02  1.383503e+00
1.023293e-01  4.520495e-01
1.412538e-01  1.530528e-01
1.717908e-01  7.979658e-02
2.041738e-01  4.523698e-02
2.344229e-01  2.890065e-02
2.660725e-01  1.929704e-02
3.000000e-01  1.325415e-02
3.349654e-01  9.453094e-03
3.715352e-01  6.927248e-03
4.120975e-01  5.113114e-03
4.570882e-01  3.803688e-03
5.011872e-01  2.944090e-03
5.495409e-01  2.294169e-03
6.025596e-01  1.800126e-03
6.606935e-01  1.422933e-03
7.244360e-01  1.132858e-03
7.943282e-01  9.083566e-04
8.709636e-01  7.313704e-04
9.332543e-01  6.257617e-04
1.000000e+00  5.393204e-04
1.096478e+00  4.469299e-04
1.202264e+00  3.731946e-04
1.318257e+00  3.139391e-04
1.479108e+00  2.550542e-04
1.717908e+00  1.958440e-04
1.949845e+00  1.577449e-04
2.213095e+00  1.280678e-04
2.511886e+00  1.047559e-04
2.884032e+00  8.478933e-05
3.349654e+00  6.796366e-05
3.890451e+00  5.489687e-05
4.570882e+00  4.396958e-05
5.432503e+00  3.494206e-05
6.456542e+00  2.797409e-05
7.852356e+00  2.191485e-05
9.549926e+00  1.729544e-05
1.216186e+01  1.302070e-05
1.584893e+01  9.631308e-06
2.089296e+01  7.088943e-06
2.818383e+01  5.124864e-06
4.027170e+01  3.509518e-06
6.237348e+01  2.224299e-06
1.071519e+02  1.276644e-06
2.137962e+02  6.333572e-07
4.265795e+02  3.158544e-07
3.388442e+03  3.958535e-08
1.000000e+05  1.340600e-09
-1  -1
1.157900e-04  0.000000e+00
1.157900e-04  5.683840e+05
1.164000e-04  6.353840e+05
1.170000e-04  7.044440e+05
1.175000e-04  7.631000e+05
1.180000e-04  8.220840e+05
1.185000e-04  8.804360e+05
1.190000e-04  9.377080e+05
1.195000e-04  9.932000e+05
1.200000e-04  1.045908e+06
1.205000e-04  1.095176e+06
1.210000e-04  1.140364e+06
1.216186e-04  1.189877e+06
1.222000e-04  1.229408e+06
1.227000e-04  1.257744e+06
1.232000e-04  1.280648e+06
1.238000e-04  1.301012e+06
1.245000e-04  1.315380e+06
1.251000e-04  1.320080e+06
1.258925e-04  1.316675e+06
1.267000e-04  1.303572e+06
1.275000e-04  1.282708e+06
1.285000e-04  1.248248e+06
1.295000e-04  1.207332e+06
1.307800e-04  1.149122e+06
1.322000e-04  1.081128e+06
1.340000e-04  9.946680e+05
1.365000e-04  8.801160e+05
1.392500e-04  7.655624e+05
1.415000e-04  6.814760e+05
1.450000e-04  5.673920e+05
1.531087e-04  3.735814e+05
1.560000e-04  3.249904e+05
1.590000e-04  2.839700e+05
1.610000e-04  2.612844e+05
1.627000e-04  2.445896e+05
1.650000e-04  2.254124e+05
1.670000e-04  2.115600e+05
1.690000e-04  2.000408e+05
1.705000e-04  1.927672e+05
1.720000e-04  1.865524e+05
1.740000e-04  1.797576e+05
1.760000e-04  1.744904e+05
1.780000e-04  1.705772e+05
1.800000e-04  1.678628e+05
1.820000e-04  1.662080e+05
1.842000e-04  1.654620e+05
1.865000e-04  1.657284e+05
1.890000e-04  1.670560e+05
1.915000e-04  1.692972e+05
1.950000e-04  1.736880e+05
1.990000e-04  1.800828e+05
2.041738e-04  1.899034e+05
2.238721e-04  2.337685e+05
2.317395e-04  2.512932e+05
2.400000e-04  2.685620e+05
2.483133e-04  2.843649e+05
2.570396e-04  2.990128e+05
2.660725e-04  3.120217e+05
2.754229e-04  3.232670e+05
2.851018e-04  3.327100e+05
2.951209e-04  3.403460e+05
3.054921e-04  3.461733e+05
3.162278e-04  3.501908e+05
3.280000e-04  3.524968e+05
3.430000e-04  3.527328e+05
3.600000e-04  3.501176e+05
3.780000e-04  3.449364e+05
3.981072e-04  3.368050e+05
4.200000e-04  3.259964e+05
4.430000e-04  3.133400e+05
4.700000e-04  2.976276e+05
4.954502e-04  2.824716e+05
5.248075e-04  2.651082e+05
5.559043e-04  2.473558e+05
5.900000e-04  2.288984e+05
6.309573e-04  2.082794e+05
6.760830e-04  1.877223e+05
7.244360e-04  1.680692e+05
7.852356e-04  1.465642e+05
8.500000e-04  1.271364e+05
9.225714e-04  1.089076e+05
1.000000e-03  9.288040e+04
1.096478e-03  7.679970e+04
1.190000e-03  6.440800e+04
1.303167e-03  5.262173e+04
1.445440e-03  4.141621e+04
1.584893e-03  3.322961e+04
1.737801e-03  2.649318e+04
1.927525e-03  2.037951e+04
2.162719e-03  1.508959e+04
2.426610e-03  1.107179e+04
2.720000e-03  8.074960e+03
3.019952e-03  6.001837e+03
3.349654e-03  4.442670e+03
3.715352e-03  3.266334e+03
4.120975e-03  2.385691e+03
4.570882e-03  1.730776e+03
5.128614e-03  1.202419e+03
5.754399e-03  8.287957e+02
6.456542e-03  5.668422e+02
7.244360e-03  3.847870e+02
8.128305e-03  2.593250e+02
9.225714e-03  1.666754e+02
1.047129e-02  1.063257e+02
1.188502e-02  6.731459e+01
1.348963e-02  4.230872e+01
1.531087e-02  2.640766e+01
1.757924e-02  1.567198e+01
2.018366e-02  9.232659e+00
2.344229e-02  5.163488e+00
2.754229e-02  2.739694e+00
3.273407e-02  1.378507e+00
4.000000e-02  6.160040e-01
5.128614e-02  2.249064e-01
8.709636e-02  2.602123e-02
1.083927e-01  1.074568e-02
1.288250e-01  5.381092e-03
1.513561e-01  2.842250e-03
1.737801e-01  1.655781e-03
1.995262e-01  9.717344e-04
2.264644e-01  6.003878e-04
2.540973e-01  3.902572e-04
2.851018e-01  2.555755e-04
3.126079e-01  1.833137e-04
3.467369e-01  1.270213e-04
3.845918e-01  8.862184e-05
4.315191e-01  5.985604e-05
4.731513e-01  4.401863e-05
5.188000e-01  3.259912e-05
5.688529e-01  2.432505e-05
6.165950e-01  1.894891e-05
6.760830e-01  1.435426e-05
7.413102e-01  1.095935e-05
8.035261e-01  8.704625e-06
8.609938e-01  7.130787e-06
9.120108e-01  6.081582e-06
9.549926e-01  5.387610e-06
1.000000e+00  4.804800e-06
1.047129e+00  4.318015e-06
1.096478e+00  3.909098e-06
1.148154e+00  3.561054e-06
1.216186e+00  3.191865e-06
1.318257e+00  2.761065e-06
1.513561e+00  2.181778e-06
1.840772e+00  1.550353e-06
2.044000e+00  1.299200e-06
2.317395e+00  1.059576e-06
2.630268e+00  8.689345e-07
3.019952e+00  7.051208e-07
3.507519e+00  5.665360e-07
4.073803e+00  4.586547e-07
4.786301e+00  3.681645e-07
5.688529e+00  2.931693e-07
6.839116e+00  2.317644e-07
8.317638e+00  1.819688e-07
1.023293e+01  1.419631e-07
1.288250e+01  1.085647e-07
1.659587e+01  8.149158e-08
2.137962e+01  6.158875e-08
2.884032e+01  4.454362e-08
4.168694e+01  3.015178e-08
6.456542e+01  1.912149e-08
1.122018e+02  1.085236e-08
2.238721e+02  5.386100e-09
4.466836e+02  2.686704e-09
3.548134e+03  3.367860e-10
1.000000e+05  1.194400e-11
-1  -1
1.124400e-04  0.000000e+00
1.124400e-04  8.560020e+05
1.131000e-04  9.741540e+05
1.135500e-04  1.057590e+06
1.140000e-04  1.141434e+06
1.144500e-04  1.224870e+06
1.150000e-04  1.325472e+06
1.155500e-04  1.422811e+06
1.161449e-04  1.523233e+06
1.166500e-04  1.603350e+06
1.170000e-04  1.655484e+06
1.175000e-04  1.724490e+06
1.181000e-04  1.797838e+06
1.187000e-04  1.859892e+06
1.192000e-04  1.902492e+06
1.198600e-04  1.945827e+06
1.205000e-04  1.973994e+06
1.212000e-04  1.989996e+06
1.218000e-04  1.992294e+06
1.225000e-04  1.983138e+06
1.233000e-04  1.959246e+06
1.243000e-04  1.913412e+06
1.250000e-04  1.873248e+06
1.260000e-04  1.807818e+06
1.273503e-04  1.710280e+06
1.290000e-04  1.585548e+06
1.307000e-04  1.458096e+06
1.330000e-04  1.294824e+06
1.350000e-04  1.164384e+06
1.380384e-04  9.880208e+05
1.415000e-04  8.177880e+05
1.490000e-04  5.475324e+05
1.520000e-04  4.715760e+05
1.540000e-04  4.294434e+05
1.560000e-04  3.933540e+05
1.580000e-04  3.626730e+05
1.600000e-04  3.368280e+05
1.620000e-04  3.152724e+05
1.640590e-04  2.970488e+05
1.660000e-04  2.831370e+05
1.680000e-04  2.717292e+05
1.698244e-04  2.636237e+05
1.720000e-04  2.564934e+05
1.740000e-04  2.520852e+05
1.760000e-04  2.494812e+05
1.780000e-04  2.484630e+05
1.805000e-04  2.491224e+05
1.829800e-04  2.515834e+05
1.850000e-04  2.547126e+05
1.883649e-04  2.617656e+05
1.915000e-04  2.699832e+05
1.950000e-04  2.805642e+05
2.018366e-04  3.039983e+05
2.150000e-04  3.531804e+05
2.220000e-04  3.791082e+05
2.300000e-04  4.072356e+05
2.380000e-04  4.330380e+05
2.454709e-04  4.546186e+05
2.540973e-04  4.763269e+05
2.630268e-04  4.952651e+05
2.730000e-04  5.125224e+05
2.830000e-04  5.261202e+05
2.917427e-04  5.352342e+05
3.019952e-04  5.428699e+05
3.150000e-04  5.482680e+05
3.280000e-04  5.496012e+05
3.430000e-04  5.472090e+05
3.600000e-04  5.405790e+05
3.780000e-04  5.301684e+05
3.981072e-04  5.154218e+05
4.200000e-04  4.967256e+05
4.430000e-04  4.755066e+05
4.700000e-04  4.498890e+05
5.000000e-04  4.213176e+05
5.308844e-04  3.925191e+05
5.688529e-04  3.590928e+05
6.100000e-04  3.257106e+05
6.531306e-04  2.938625e+05
7.079458e-04  2.582218e+05
7.585776e-04  2.295586e+05
8.222426e-04  1.986196e+05
8.912509e-04  1.706196e+05
9.700000e-04  1.442832e+05
1.047129e-03  1.232561e+05
1.150000e-03  1.008090e+05
1.244515e-03  8.456543e+04
1.364583e-03  6.843718e+04
1.513561e-03  5.346934e+04
1.650000e-03  4.325556e+04
1.819701e-03  3.379044e+04
2.018366e-03  2.581940e+04
2.264644e-03  1.897833e+04
2.540973e-03  1.382562e+04
2.851018e-03  9.983240e+03
3.162278e-03  7.393320e+03
3.507519e-03  5.438505e+03
3.890451e-03  3.972464e+03
4.315191e-03  2.882233e+03
4.786301e-03  2.077450e+03
5.308844e-03  1.487458e+03
5.956621e-03  1.018421e+03
6.683439e-03  6.918987e+02
7.498942e-03  4.665246e+02
8.413951e-03  3.123384e+02
9.440609e-03  2.076594e+02
1.071519e-02  1.315081e+02
1.216186e-02  8.266444e+01
1.380384e-02  5.158141e+01
1.566751e-02  3.195250e+01
1.798871e-02  1.879813e+01
2.065380e-02  1.097381e+01
2.398833e-02  6.074755e+00
2.786121e-02  3.337572e+00
3.273407e-02  1.738310e+00
3.935501e-02  8.183536e-01
4.897788e-02  3.316738e-01
6.095369e-02  1.335473e-01
8.709636e-02  3.018347e-02
1.059254e-01  1.344072e-02
1.244515e-01  6.951204e-03
1.445440e-01  3.796086e-03
1.659587e-01  2.188324e-03
1.883649e-01  1.330945e-03
2.113489e-01  8.530957e-04
2.344229e-01  5.755089e-04
2.600160e-01  3.910468e-04
2.851018e-01  2.792105e-04
3.126079e-01  2.007295e-04
3.427678e-01  1.453856e-04
3.715352e-01  1.103452e-04
4.027170e-01  8.428983e-05
4.365158e-01  6.484207e-05
4.731513e-01  5.021338e-05
5.128614e-01  3.914476e-05
5.559043e-01  3.072083e-05
6.025596e-01  2.427226e-05
6.531306e-01  1.930882e-05
7.079458e-01  1.546532e-05
7.673615e-01  1.247162e-05
8.609938e-01  9.237939e-06
9.120108e-01  8.000728e-06
9.660509e-01  6.978048e-06
1.011579e+00  6.292535e-06
1.071519e+00  5.566689e-06
1.148154e+00  4.841771e-06
1.230269e+00  4.240728e-06
1.333521e+00  3.658929e-06
1.778279e+00  2.208864e-06
2.000000e+00  1.809200e-06
2.264644e+00  1.476558e-06
2.570396e+00  1.209348e-06
2.951209e+00  9.801653e-07
3.427678e+00  7.865997e-07
4.000000e+00  6.319000e-07
4.677351e+00  5.100422e-07
5.559043e+00  4.057385e-07
6.683439e+00  3.204442e-07
8.128305e+00  2.513802e-07
1.000000e+01  1.959400e-07
1.258925e+01  1.497309e-07
1.621810e+01  1.123129e-07
2.113489e+01  8.376824e-08
2.851018e+01  6.057188e-08
4.120975e+01  4.099131e-08
6.382635e+01  2.599071e-08
1.096478e+02  1.492266e-08
2.187762e+02  7.404601e-09
4.365158e+02  3.693097e-09
3.467369e+03  4.628930e-10
1.000000e+05  1.604200e-11
-1  -1
6.850000e-06  0.000000e+00
6.850000e-06  4.572566e+04
7.000000e-06  4.679786e+04
7.200000e-06  4.853349e+04
7.420000e-06  5.080158e+04
7.673615e-06  5.381076e+04
8.000000e-06  5.828607e+04
8.350000e-06  6.377675e+04
8.810489e-06  7.196935e+04
9.549926e-06  8.710235e+04
1.150000e-05  1.364400e+05
1.273503e-05  1.733655e+05
1.396368e-05  2.137704e+05
1.531087e-05  2.619169e+05
1.659587e-05  3.110095e+05
1.800000e-05  3.674958e+05
1.927525e-05  4.204283e+05
2.065380e-05  4.782403e+05
2.190000e-05  5.302269e+05
2.317395e-05  5.823212e+05
2.454709e-05  6.360866e+05
2.600160e-05  6.895033e+05
2.754229e-05  7.418140e+05
2.917427e-05  7.919038e+05
3.090295e-05  8.387726e+05
3.273407e-05  8.823193e+05
3.467369e-05  9.223060e+05
3.672823e-05  9.582623e+05
3.935501e-05  9.965067e+05
4.220000e-05  1.029112e+06
4.518559e-05  1.053987e+06
4.800000e-05  1.069466e+06
5.069907e-05  1.076788e+06
5.370318e-05  1.077328e+06
5.688529e-05  1.070203e+06
6.025596e-05  1.055359e+06
6.400000e-05  1.033397e+06
6.839116e-05  1.002317e+06
7.413102e-05  9.589979e+05
8.128305e-05  9.038591e+05
8.709636e-05  8.594938e+05
9.332543e-05  8.127427e+05
1.000000e-04  7.630544e+05
1.071519e-04  7.119066e+05
1.161449e-04  6.512531e+05
1.260000e-04  5.906067e+05
1.350000e-04  5.405152e+05
1.450000e-04  4.899961e+05
1.566751e-04  4.367011e+05
1.678804e-04  3.910971e+05
1.778279e-04  3.551486e+05
1.927525e-04  3.080693e+05
2.089296e-04  2.649089e+05
2.238721e-04  2.310983e+05
2.398833e-04  2.001801e+05
2.570396e-04  1.722343e+05
2.754229e-04  1.472460e+05
2.985383e-04  1.217068e+05
3.235937e-04  9.986519e+04
3.507519e-04  8.134671e+04
3.801894e-04  6.580373e+04
4.120975e-04  5.288542e+04
4.518559e-04  4.088917e+04
4.954502e-04  3.137305e+04
5.432503e-04  2.390029e+04
6.000000e-04  1.768586e+04
6.606934e-04  1.311369e+04
7.328245e-04  9.433772e+03
8.128305e-04  6.735134e+03
9.015711e-04  4.775181e+03
1.000000e-03  3.363043e+03
1.122018e-03  2.260996e+03
1.258925e-03  1.508351e+03
1.412538e-03  9.986366e+02
1.584893e-03  6.563357e+02
1.778279e-03  4.282327e+02
2.000000e-03  2.748498e+02
2.238721e-03  1.782577e+02
2.454709e-03  1.243220e+02
2.754229e-03  7.867971e+01
3.162278e-03  4.507131e+01
3.548134e-03  2.814740e+01
4.000000e-03  1.711039e+01
4.466836e-03  1.073259e+01
5.011872e-03  6.550820e+00
5.623413e-03  3.970012e+00
6.309573e-03  2.387936e+00
7.244360e-03  1.287049e+00
8.511380e-03  6.204995e-01
9.885531e-03  3.129334e-01
1.148154e-02  1.568061e-01
1.318257e-02  8.229284e-02
1.500000e-02  4.473099e-02
1.717908e-02  2.335707e-02
2.000000e-02  1.118881e-02
2.398833e-02  4.605092e-03
2.951209e-02  1.660502e-03
3.890451e-02  4.223348e-04
6.165950e-02  4.280679e-05
7.673615e-02  1.452811e-05
9.120108e-02  6.230642e-06
1.047129e-01  3.186664e-06
1.188502e-01  1.735404e-06
1.348963e-01  9.521257e-07
1.513561e-01  5.557156e-07
1.698244e-01  3.269875e-07
1.905461e-01  1.938520e-07
2.162719e-01  1.098953e-07
2.398833e-01  6.957748e-08
2.630268e-01  4.668456e-08
2.851018e-01  3.314346e-08
3.090295e-01  2.368437e-08
3.349654e-01  1.704313e-08
3.672823e-01  1.178557e-08
4.216965e-01  6.847963e-09
4.623810e-01  4.799172e-09
5.011872e-01  3.539827e-09
5.432503e-01  2.630235e-09
5.888437e-01  1.969696e-09
6.237348e-01  1.612137e-09
6.683439e-01  1.275972e-09
7.244360e-01  9.785610e-10
8.035261e-01  7.021980e-10
8.511380e-01  5.802550e-10
8.912509e-01  5.010980e-10
9.225714e-01  4.510130e-10
9.549926e-01  4.079280e-10
9.885531e-01  3.710670e-10
1.023293e+00  3.397290e-10
1.059254e+00  3.129230e-10
1.096478e+00  2.897780e-10
1.148154e+00  2.634620e-10
1.202264e+00  2.412080e-10
1.288250e+00  2.132350e-10
1.380384e+00  1.898690e-10
1.513561e+00  1.635220e-10
1.883649e+00  1.117050e-10
2.065380e+00  9.569410e-11
2.344229e+00  7.796380e-11
2.660725e+00  6.397530e-11
3.054921e+00  5.194080e-11
3.548134e+00  4.175730e-11
4.120975e+00  3.382450e-11
4.841724e+00  2.716560e-11
5.754399e+00  2.164280e-11
6.918310e+00  1.711770e-11
8.413951e+00  1.344640e-11
1.035142e+01  1.049400e-11
1.300000e+01  8.051100e-12
1.678804e+01  6.028490e-12
2.162719e+01  4.557480e-12
2.951209e+01  3.256560e-12
4.315191e+01  2.178950e-12
6.683439e+01  1.382630e-12
1.202264e+02  7.579270e-13
2.398833e+02  3.764170e-13
4.786301e+02  1.878220e-13
3.801894e+03  2.355110e-14
1.000000e+05  8.949700e-16
-1  -1
6.510000e-06  0.000000e+00
6.510000e-06  6.513219e+04
6.720000e-06  6.760885e+04
6.918310e-06  7.039363e+04
7.161434e-06  7.438288e+04
7.420000e-06  7.926637e+04
7.762471e-06  8.664733e+04
8.200000e-06  9.741979e+04
8.810489e-06  1.146002e+05
1.083927e-05  1.853774e+05
1.202264e-05  2.342414e+05
1.333521e-05  2.937811e+05
1.479108e-05  3.655468e+05
1.621810e-05  4.408336e+05
1.778279e-05  5.275489e+05
1.927525e-05  6.127398e+05
2.070000e-05  6.945240e+05
2.213095e-05  7.749321e+05
2.350000e-05  8.491987e+05
2.483133e-05  9.176992e+05
2.630268e-05  9.877317e+05
2.786121e-05  1.055302e+06
2.951209e-05  1.119472e+06
3.126079e-05  1.178758e+06
3.311311e-05  1.233133e+06
3.507519e-05  1.282762e+06
3.758374e-05  1.334936e+06
4.027170e-05  1.379784e+06
4.315191e-05  1.415966e+06
4.623810e-05  1.441990e+06
4.900000e-05  1.454861e+06
5.188000e-05  1.457582e+06
5.500000e-05  1.450621e+06
5.821032e-05  1.433413e+06
6.237348e-05  1.400913e+06
6.650000e-05  1.361203e+06
7.244360e-05  1.298940e+06
7.943282e-05  1.223900e+06
8.511380e-05  1.164082e+06
9.225714e-05  1.090380e+06
9.900000e-05  1.021792e+06
1.059300e-04  9.541959e+05
1.150000e-04  8.710570e+05
1.260000e-04  7.798294e+05
1.364583e-04  7.024067e+05
1.450000e-04  6.451090e+05
1.550000e-04  5.840792e+05
1.680000e-04  5.133864e+05
1.830000e-04  4.434971e+05
1.972423e-04  3.870841e+05
2.113489e-04  3.394073e+05
2.264644e-04  2.954436e+05
2.426610e-04  2.554055e+05
2.600160e-04  2.193443e+05
2.786121e-04  1.871979e+05
3.019952e-04  1.544409e+05
3.273407e-04  1.264871e+05
3.548134e-04  1.028419e+05
3.845918e-04  8.304271e+04
4.168694e-04  6.662283e+04
4.570882e-04  5.140772e+04
5.011872e-04  3.936958e+04
5.495409e-04  2.994354e+04
6.025596e-04  2.261797e+04
6.683439e-04  1.636370e+04
7.413102e-04  1.174902e+04
8.222426e-04  8.374497e+03
9.120108e-04  5.926480e+03
1.011579e-03  4.165596e+03
1.135011e-03  2.794686e+03
1.273503e-03  1.861031e+03
1.428894e-03  1.230408e+03
1.603245e-03  8.079263e+02
1.778279e-03  5.494523e+02
1.949845e-03  3.875962e+02
2.162719e-03  2.595201e+02
2.426610e-03  1.648977e+02
2.851018e-03  8.647649e+01
3.235937e-03  5.170894e+01
3.630781e-03  3.217366e+01
4.073803e-03  1.987473e+01
4.570882e-03  1.217824e+01
5.128614e-03  7.408802e+00
5.754399e-03  4.475572e+00
6.531306e-03  2.548049e+00
7.498942e-03  1.366933e+00
9.015711e-03  5.904956e-01
1.047129e-02  2.962883e-01
1.202264e-02  1.556202e-01
1.348963e-02  9.040548e-02
1.548817e-02  4.676534e-02
1.798871e-02  2.272514e-02
2.065380e-02  1.159215e-02
2.454709e-02  4.956689e-03
2.985383e-02  1.876839e-03
3.845918e-02  5.293462e-04
6.237348e-02  4.677006e-05
7.673615e-02  1.663751e-05
9.120108e-02  7.071813e-06
1.047129e-01  3.591312e-06
1.188502e-01  1.943785e-06
1.333521e-01  1.120825e-06
1.496236e-01  6.511969e-07
1.659587e-01  4.022808e-07
1.840772e-01  2.503112e-07
2.018366e-01  1.652640e-07
2.213400e-01  1.097700e-07
2.426610e-01  7.345296e-08
2.630268e-01  5.200655e-08
2.851018e-01  3.708912e-08
3.090295e-01  2.666932e-08
3.349654e-01  1.932389e-08
3.630781e-01  1.411381e-08
3.935501e-01  1.038678e-08
4.315191e-01  7.378117e-09
4.677351e-01  5.505081e-09
5.069907e-01  4.139510e-09
5.432503e-01  3.264086e-09
5.821032e-01  2.591557e-09
6.237348e-01  2.072344e-09
6.623700e-01  1.716500e-09
7.079458e-01  1.404357e-09
7.585776e-01  1.148596e-09
8.222427e-01  9.158450e-10
8.810489e-01  7.591790e-10
9.332543e-01  6.534150e-10
9.885531e-01  5.659450e-10
1.035142e+00  5.080680e-10
1.083927e+00  4.594280e-10
1.135011e+00  4.180260e-10
1.202264e+00  3.741420e-10
1.303167e+00  3.231690e-10
1.428894e+00  2.755740e-10
1.513561e+00  2.499570e-10
1.819701e+00  1.811690e-10
2.041738e+00  1.491130e-10
2.317395e+00  1.213800e-10
2.630268e+00  9.954360e-11
3.019952e+00  8.078310e-11
3.507519e+00  6.490610e-11
4.073803e+00  5.254650e-11
4.786301e+00  4.217930e-11
5.688529e+00  3.358700e-11
6.839116e+00  2.655230e-11
8.317638e+00  2.084800e-11
1.023293e+01  1.626410e-11
1.288250e+01  1.243780e-11
1.659587e+01  9.336350e-12
2.137962e+01  7.056010e-12
2.884032e+01  5.103250e-12
4.168694e+01  3.454380e-12
6.456542e+01  2.190710e-12
1.122018e+02  1.243330e-12
2.238721e+02  6.170690e-13
4.466836e+02  3.078040e-13
3.548134e+03  3.858420e-14
1.000000e+05  1.368300e-15
-1  -1
4.175000e-05  0.000000e+00
4.175000e-05  6.201440e+04
4.466836e-05  7.361665e+04
4.650000e-05  8.101540e+04
4.800000e-05  8.685880e+04
4.954502e-05  9.261320e+04
5.150000e-05  9.944860e+04
5.350000e-05  1.058548e+05
5.559043e-05  1.118754e+05
5.754399e-05  1.168754e+05
5.956621e-05  1.214142e+05
6.165950e-05  1.254411e+05
6.400000e-05  1.291634e+05
6.650000e-05  1.322638e+05
6.918310e-05  1.346466e+05
7.161434e-05  1.360395e+05
7.500000e-05  1.369334e+05
7.852356e-05  1.368127e+05
8.222426e-05  1.358111e+05
8.709636e-05  1.335404e+05
9.300000e-05  1.299112e+05
1.000000e-04  1.250116e+05
1.080000e-04  1.191182e+05
1.161449e-04  1.130191e+05
1.244515e-04  1.068293e+05
1.350000e-04  9.920500e+04
1.479108e-04  9.053861e+04
1.659587e-04  7.998427e+04
1.850000e-04  7.066300e+04
2.065380e-04  6.184979e+04
2.371374e-04  5.189156e+04
2.754229e-04  4.260746e+04
3.235937e-04  3.415871e+04
3.845918e-04  2.676499e+04
4.700000e-04  1.998016e+04
5.623413e-04  1.526654e+04
6.683439e-04  1.170562e+04
8.000000e-04  8.814640e+03
9.549926e-04  6.617203e+03
1.148154e-03  4.871994e+03
1.380384e-03  3.559401e+03
1.678804e-03  2.529842e+03
2.065380e-03  1.748753e+03
2.540973e-03  1.200362e+03
3.235937e-03  7.662619e+02
4.000000e-03  5.134250e+02
4.897788e-03  3.476551e+02
6.000000e-03  2.333921e+02
7.244360e-03  1.600627e+02
8.709636e-03  1.099278e+02
1.035142e-02  7.675995e+01
1.258925e-02  5.065540e+01
1.584893e-02  3.078509e+01
1.883649e-02  2.105978e+01
2.137962e-02  1.584711e+01
2.483133e-02  1.124235e+01
2.917427e-02  7.709680e+00
3.467369e-02  5.107655e+00
4.120975e-02  3.357142e+00
4.897788e-02  2.189317e+00
5.821032e-02  1.416164e+00
6.998420e-02  8.828077e-01
8.317638e-02  5.628534e-01
1.023293e-01  3.250959e-01
1.333521e-01  1.597903e-01
2.317395e-01  3.573129e-02
2.851018e-01  2.050361e-02
3.388442e-01  1.299676e-02
3.890451e-01  9.085550e-03
4.415705e-01  6.587570e-03
5.011872e-01  4.811882e-03
5.623413e-01  3.643187e-03
6.237348e-01  2.854333e-03
6.998420e-01  2.192994e-03
7.762471e-01  1.741842e-03
8.709636e-01  1.358030e-03
9.549926e-01  1.120505e-03
1.059254e+00  9.101306e-04
1.202264e+00  7.107074e-04
1.348963e+00  5.717483e-04
1.513561e+00  4.632593e-04
1.717908e+00  3.704762e-04
1.949845e+00  2.985273e-04
2.213095e+00  2.423138e-04
2.511886e+00  1.982003e-04
2.884032e+00  1.604428e-04
3.349654e+00  1.286114e-04
3.890451e+00  1.038857e-04
4.570882e+00  8.320681e-05
5.432503e+00  6.612325e-05
6.456542e+00  5.293775e-05
7.852356e+00  4.147146e-05
9.549926e+00  3.272900e-05
1.216186e+01  2.464107e-05
1.584893e+01  1.822602e-05
2.089296e+01  1.341534e-05
2.818383e+01  9.698118e-06
4.027170e+01  6.641430e-06
6.165950e+01  4.259617e-06
1.047129e+02  2.473352e-06
2.089296e+02  1.226815e-06
4.168694e+02  6.117090e-07
3.311311e+03  7.665668e-08
1.000000e+05  2.537000e-09
-1  -1
2.635000e-05  0.000000e+00
2.635000e-05  6.697240e+06
2.722701e-05  6.009948e+06
2.985383e-05  4.375288e+06
3.311311e-05  3.043435e+06
3.630781e-05  2.186674e+06
4.731513e-05  8.276379e+05
5.188000e-05  5.943882e+05
5.559043e-05  4.666077e+05
5.956621e-05  3.687471e+05
6.309573e-05  3.048329e+05
6.683439e-05  2.535965e+05
7.000000e-05  2.199340e+05
7.328245e-05  1.920760e+05
7.673615e-05  1.686667e+05
8.035261e-05  1.490877e+05
8.413951e-05  1.326988e+05
8.810489e-05  1.189405e+05
9.225714e-05  1.073489e+05
9.660509e-05  9.753625e+04
1.011579e-04  8.918061e+04
1.060000e-04  8.192160e+04
1.122018e-04  7.445569e+04
1.188502e-04  6.814166e+04
1.260000e-04  6.276060e+04
1.333521e-04  5.831784e+04
1.428894e-04  5.371134e+04
1.548817e-04  4.916278e+04
1.720000e-04  4.415120e+04
2.041738e-04  3.740800e+04
2.691535e-04  2.875175e+04
3.126079e-04  2.476778e+04
3.630781e-04  2.118602e+04
4.120975e-04  1.843679e+04
4.731513e-04  1.573148e+04
5.370318e-04  1.350250e+04
6.095369e-04  1.151017e+04
6.918310e-04  9.738393e+03
7.762471e-04  8.312514e+03
8.810489e-04  6.933765e+03
1.000000e-03  5.737820e+03
1.135011e-03  4.711272e+03
1.288250e-03  3.838981e+03
1.462177e-03  3.103032e+03
1.659587e-03  2.489760e+03
1.883649e-03  1.983607e+03
2.162719e-03  1.535986e+03
2.454709e-03  1.206410e+03
2.786121e-03  9.410736e+02
3.198895e-03  7.121410e+02
3.630781e-03  5.476053e+02
4.120975e-03  4.181252e+02
4.677351e-03  3.169853e+02
5.308844e-03  2.385723e+02
6.025596e-03  1.782383e+02
6.839116e-03  1.321547e+02
7.762471e-03  9.726835e+01
8.810489e-03  7.105093e+01
1.035142e-02  4.721087e+01
1.202264e-02  3.208757e+01
1.364583e-02  2.298607e+01
1.531087e-02  1.686128e+01
1.737801e-02  1.188727e+01
2.000000e-02  8.001679e+00
2.317395e-02  5.244028e+00
2.691535e-02  3.386911e+00
3.126079e-02  2.171358e+00
3.672823e-02  1.334911e+00
4.365158e-02  7.866022e-01
5.248075e-02  4.440128e-01
6.531306e-02  2.231685e-01
8.912509e-02  8.315696e-02
1.396368e-01  1.987879e-02
1.737801e-01  9.965131e-03
2.089296e-01  5.611102e-03
2.426610e-01  3.541430e-03
2.786121e-01  2.331336e-03
3.162278e-01  1.599810e-03
3.589219e-01  1.105817e-03
4.027170e-01  7.959390e-04
4.518559e-01  5.770385e-04
5.011872e-01  4.348777e-04
5.559043e-01  3.299416e-04
6.165950e-01  2.521177e-04
6.839117e-01  1.941197e-04
7.585776e-01  1.505992e-04
8.609938e-01  1.111944e-04
9.225714e-01  9.479932e-05
9.772372e-01  8.347765e-05
1.047129e+00  7.222481e-05
1.135011e+00  6.141764e-05
1.244515e+00  5.142258e-05
1.364583e+00  4.339582e-05
1.659587e+00  3.065810e-05
1.883649e+00  2.464301e-05
2.113489e+00  2.033774e-05
2.398833e+00  1.659044e-05
2.722701e+00  1.363149e-05
3.162278e+00  1.089448e-05
3.672823e+00  8.774159e-06
4.265795e+00  7.119058e-06
5.011872e+00  5.726512e-06
5.956621e+00  4.568924e-06
7.161434e+00  3.618928e-06
8.709636e+00  2.846340e-06
1.083927e+01  2.194326e-06
1.348963e+01  1.703603e-06
1.737801e+01  1.280464e-06
2.200000e+01  9.874400e-07
3.019952e+01  7.013781e-07
4.466836e+01  4.638720e-07
7.079458e+01  2.876074e-07
1.318257e+02  1.523389e-07
2.630268e+02  7.571453e-08
1.047129e+03  1.890429e-08
6.606934e+04  2.989800e-10
1.000000e+05  1.975500e-10
-1  -1
2.359000e-05  0.000000e+00
2.359000e-05  1.393232e+07
3.235937e-05  4.387919e+06
3.845918e-05  2.325934e+06
4.168694e-05  1.739479e+06
4.466836e-05  1.365220e+06
4.731513e-05  1.122773e+06
5.011872e-05  9.297003e+05
5.300000e-05  7.797160e+05
5.580000e-05  6.677760e+05
5.821032e-05  5.912399e+05
6.095369e-05  5.210669e+05
6.382635e-05  4.624226e+05
6.683439e-05  4.133702e+05
7.000000e-05  3.720976e+05
7.328245e-05  3.378184e+05
7.673615e-05  3.087767e+05
8.035261e-05  2.841764e+05
8.413951e-05  2.631727e+05
8.912509e-05  2.409037e+05
9.500000e-05  2.201952e+05
1.011579e-04  2.029450e+05
1.096478e-04  1.842143e+05
1.202264e-04  1.662684e+05
1.364583e-04  1.457663e+05
1.905461e-04  1.041632e+05
2.281200e-04  8.627880e+04
2.691535e-04  7.201379e+04
3.126079e-04  6.065020e+04
3.589219e-04  5.140369e+04
4.120975e-04  4.325305e+04
4.731513e-04  3.614009e+04
5.370318e-04  3.044972e+04
6.200000e-04  2.488076e+04
7.079458e-04  2.048592e+04
8.035261e-04  1.690412e+04
9.120108e-04  1.384694e+04
1.035142e-03  1.126013e+04
1.174898e-03  9.091639e+03
1.333521e-03  7.289145e+03
1.513561e-03  5.803291e+03
1.717908e-03  4.588342e+03
1.949845e-03  3.603097e+03
2.238721e-03  2.747162e+03
2.570396e-03  2.077995e+03
2.917427e-03  1.597534e+03
3.311311e-03  1.219973e+03
3.758374e-03  9.252447e+02
4.265795e-03  6.967757e+02
4.841724e-03  5.209577e+02
5.495409e-03  3.866678e+02
6.237348e-03  2.848487e+02
7.079458e-03  2.082365e+02
8.035261e-03  1.510642e+02
9.120108e-03  1.088080e+02
1.035142e-02  7.779969e+01
1.179700e-02  5.459357e+01
1.348963e-02  3.766459e+01
1.548817e-02  2.549129e+01
1.778279e-02  1.712195e+01
2.041738e-02  1.141213e+01
2.344229e-02  7.547805e+00
2.691535e-02  4.956346e+00
3.090295e-02  3.232478e+00
3.589219e-02  2.019435e+00
4.216965e-02  1.207593e+00
5.011872e-02  6.907034e-01
6.095369e-02  3.632030e-01
7.673615e-02  1.690624e-01
1.047129e-01  5.970196e-02
1.428894e-01  2.103085e-02
1.737801e-01  1.097218e-02
2.065380e-01  6.224383e-03
2.371374e-01  3.979736e-03
2.691535e-01  2.659458e-03
3.019952e-01  1.856037e-03
3.388442e-01  1.305008e-03
3.758374e-01  9.571098e-04
4.168694e-01  7.070854e-04
4.623810e-01  5.264807e-04
5.069907e-01  4.078642e-04
5.559043e-01  3.181416e-04
6.095369e-01  2.499053e-04
6.683439e-01  1.977632e-04
7.328245e-01  1.576281e-04
8.317638e-01  1.165610e-04
9.015711e-01  9.678474e-05
9.660509e-01  8.311228e-05
1.035142e+00  7.192100e-05
1.135011e+00  5.977766e-05
1.250000e+00  4.963600e-05
1.380384e+00  4.133969e-05
1.659587e+00  2.979330e-05
1.883649e+00  2.395015e-05
2.137962e+00  1.939702e-05
2.426610e+00  1.583372e-05
2.754229e+00  1.301798e-05
3.198895e+00  1.041065e-05
3.715352e+00  8.389488e-06
4.315191e+00  6.810663e-06
5.069907e+00  5.481172e-06
6.025596e+00  4.375322e-06
7.244360e+00  3.467212e-06
8.810489e+00  2.728145e-06
1.100000e+01  2.096200e-06
1.364583e+01  1.634092e-06
1.737801e+01  1.244469e-06
2.238721e+01  9.415574e-07
3.126079e+01  6.570186e-07
4.677351e+01  4.296252e-07
7.498942e+01  2.634558e-07
1.462177e+02  1.332599e-07
2.917427e+02  6.629067e-08
1.161449e+03  1.656239e-08
1.000000e+05  1.920000e-10
-1  -1
4.810000e-06  0.000000e+00
4.810000e-06  2.729420e+06
4.841724e-06  2.653342e+06
4.950000e-06  2.391320e+06
5.248075e-06  1.807066e+06
5.623413e-06  1.286945e+06
5.956621e-06  9.630081e+05
6.309573e-06  7.158129e+05
6.683439e-06  5.279242e+05
7.079458e-06  3.863305e+05
7.413102e-06  2.991312e+05
7.852356e-06  2.156294e+05
8.317638e-06  1.543056e+05
9.350000e-06  7.736100e+04
9.700000e-06  6.255760e+04
1.000000e-05  5.275600e+04
1.027000e-05  4.574200e+04
1.050000e-05  4.087460e+04
1.071519e-05  3.709483e+04
1.092000e-05  3.409160e+04
1.110000e-05  3.186620e+04
1.127000e-05  3.007560e+04
1.148154e-05  2.821718e+04
1.165000e-05  2.699440e+04
1.185000e-05  2.580040e+04
1.202264e-05  2.496774e+04
1.222000e-05  2.421180e+04
1.244515e-05  2.357121e+04
1.260000e-05  2.324980e+04
1.280100e-05  2.295868e+04
1.303167e-05  2.277674e+04
1.330000e-05  2.273680e+04
1.357000e-05  2.285040e+04
1.390000e-05  2.315420e+04
1.428894e-05  2.369473e+04
1.480000e-05  2.461300e+04
1.548817e-05  2.607280e+04
1.737801e-05  3.041964e+04
1.840772e-05  3.264617e+04
1.927525e-05  3.435613e+04
2.018366e-05  3.596559e+04
2.113489e-05  3.744810e+04
2.230000e-05  3.898280e+04
2.355000e-05  4.029948e+04
2.483133e-05  4.133066e+04
2.630268e-05  4.217636e+04
2.800000e-05  4.277540e+04
2.985383e-05  4.305228e+04
3.162278e-05  4.301258e+04
3.350000e-05  4.269440e+04
3.570000e-05  4.203740e+04
3.801894e-05  4.111129e+04
4.073803e-05  3.982366e+04
4.365158e-05  3.829458e+04
4.677351e-05  3.655273e+04
5.069907e-05  3.434417e+04
5.500000e-05  3.201800e+04
6.000000e-05  2.950060e+04
6.683439e-05  2.643506e+04
7.585776e-05  2.306543e+04
9.015711e-05  1.895647e+04
1.216186e-04  1.331478e+04
1.412538e-04  1.111137e+04
1.566751e-04  9.739840e+03
1.737801e-04  8.470909e+03
1.972423e-04  7.082436e+03
2.344229e-04  5.511038e+03
3.273407e-04  3.356540e+03
4.027170e-04  2.462839e+03
6.025596e-04  1.321839e+03
7.413102e-04  9.489474e+02
9.236000e-04  6.635044e+02
1.122018e-03  4.787120e+02
1.216186e-03  4.169166e+02
1.927525e-03  1.846786e+02
2.454709e-03  1.195594e+02
3.019952e-03  8.179575e+01
3.715352e-03  5.546227e+01
4.570882e-03  3.731662e+01
5.559043e-03  2.547889e+01
6.839116e-03  1.687819e+01
8.222426e-03  1.162023e+01
9.885531e-03  7.942021e+00
1.188502e-02  5.385996e+00
1.412538e-02  3.715501e+00
1.678804e-02  2.544920e+00
2.000000e-02  1.720957e+00
2.371374e-02  1.166975e+00
2.818383e-02  7.808815e-01
3.311311e-02  5.327455e-01
3.935501e-02  3.508930e-01
4.677351e-02  2.293021e-01
5.495409e-02  1.530306e-01
6.606934e-02  9.562717e-02
8.000000e-02  5.822100e-02
9.772372e-02  3.429998e-02
1.258925e-01  1.740118e-02
2.511886e-01  2.688642e-03
3.019952e-01  1.644869e-03
3.507519e-01  1.110378e-03
4.027170e-01  7.779085e-04
4.570882e-01  5.653856e-04
5.128614e-01  4.259019e-04
5.754399e-01  3.231696e-04
6.382635e-01  2.537852e-04
7.079458e-01  2.006449e-04
7.852356e-01  1.597311e-04
8.709636e-01  1.280480e-04
9.660509e-01  1.034311e-04
1.109175e+00  7.864365e-05
1.258925e+00  6.158659e-05
1.428894e+00  4.863108e-05
1.584893e+00  4.034315e-05
1.798871e+00  3.235576e-05
2.044000e+00  2.609200e-05
2.317395e+00  2.127739e-05
2.630268e+00  1.744971e-05
3.019952e+00  1.416143e-05
3.507519e+00  1.137809e-05
4.073803e+00  9.211407e-06
4.786301e+00  7.394038e-06
5.688529e+00  5.887808e-06
6.839116e+00  4.654729e-06
8.317638e+00  3.654648e-06
1.023293e+01  2.851102e-06
1.273503e+01  2.209479e-06
1.659587e+01  1.636636e-06
2.137962e+01  1.236958e-06
2.884032e+01  8.946000e-07
4.168694e+01  6.055606e-07
6.456542e+01  3.840334e-07
1.122018e+02  2.179471e-07
2.238721e+02  1.081746e-07
4.466836e+02  5.395902e-08
3.548134e+03  6.763830e-09
1.000000e+05  2.398700e-10
-1  -1
-2  0.0
-2  -2
