8.335300e-02  0.000000e+00
8.335300e-02  2.103353e+03
8.500000e-02  2.002500e+03
8.550000e-02  1.970914e+03
8.650000e-02  1.920886e+03
8.920000e-02  1.771850e+03
9.225714e-02  1.632733e+03
1.023293e-01  1.248755e+03
1.174898e-01  8.768368e+02
1.380384e-01  5.743020e+02
2.371374e-01  1.374117e+02
2.884032e-01  8.245924e+01
3.349654e-01  5.619214e+01
3.845918e-01  3.969798e+01
4.365158e-01  2.905737e+01
4.954502e-01  2.143250e+01
5.623413e-01  1.593266e+01
6.309573e-01  1.225429e+01
7.079458e-01  9.501353e+00
8.035261e-01  7.239356e+00
9.225714e-01  5.424929e+00
1.011579e+00  4.500153e+00
1.174898e+00  3.352762e+00
1.318257e+00  2.690320e+00
1.500000e+00  2.117735e+00
1.698244e+00  1.695524e+00
1.905461e+00  1.389633e+00
2.162719e+00  1.125565e+00
2.511886e+00  8.838850e-01
2.884032e+00  7.120462e-01
3.311311e+00  5.779445e-01
3.845918e+00  4.645416e-01
4.518559e+00  3.700259e-01
5.308844e+00  2.969661e-01
6.309573e+00  2.364077e-01
7.585776e+00  1.867716e-01
9.225714e+00  1.465645e-01
1.135011e+01  1.142234e-01
1.364583e+01  9.208234e-02
1.698244e+01  7.167016e-02
2.238721e+01  5.265955e-02
3.054921e+01  3.754535e-02
4.315191e+01  2.598867e-02
6.683439e+01  1.644892e-02
1.148154e+02  9.433511e-03
2.213095e+02  4.842466e-03
4.415704e+02  2.413579e-03
1.757924e+03  6.037067e-04
1.000000e+05  1.060100e-05
-1  -1
1.482600e-02  0.000000e+00
1.482600e-02  7.615570e+03
1.550000e-02  7.080660e+03
1.584893e-02  6.798725e+03
1.659587e-02  6.304434e+03
1.800000e-02  5.441140e+03
1.927525e-02  4.828785e+03
2.041738e-02  4.349187e+03
2.264644e-02  3.574738e+03
2.400000e-02  3.197580e+03
3.000000e-02  2.050820e+03
3.507519e-02  1.481349e+03
3.900000e-02  1.183238e+03
4.677351e-02  7.954451e+02
5.500000e-02  5.525520e+02
6.237348e-02  4.137667e+02
7.161434e-02  2.995257e+02
8.413951e-02  2.039367e+02
1.000000e-01  1.340504e+02
1.202264e-01  8.505430e+01
1.513561e-01  4.776300e+01
2.600160e-01  1.215548e+01
3.198895e-01  7.244465e+00
3.801894e-01  4.739976e+00
4.415705e-01  3.305000e+00
5.069907e-01  2.387566e+00
5.821032e-01  1.738043e+00
6.606935e-01  1.308557e+00
7.498942e-01  9.922450e-01
8.413951e-01  7.769502e-01
9.440609e-01  6.128305e-01
1.071519e+00  4.760847e-01
1.230269e+00  3.638172e-01
1.396368e+00  2.864278e-01
1.566751e+00  2.320086e-01
1.757924e+00  1.892215e-01
1.972423e+00  1.554204e-01
2.290868e+00  1.214607e-01
2.660725e+00  9.566728e-02
3.054921e+00  7.730663e-02
3.548134e+00  6.188645e-02
4.120975e+00  4.990721e-02
4.841724e+00  3.988331e-02
5.754399e+00  3.162100e-02
6.918310e+00  2.488751e-02
8.317638e+00  1.973526e-02
1.023293e+01  1.532343e-02
1.258925e+01  1.198597e-02
1.621810e+01  8.951383e-03
2.113489e+01  6.652559e-03
2.800000e+01  4.889600e-03
4.000000e+01  3.337900e-03
6.237348e+01  2.094840e-03
9.885531e+01  1.303362e-03
1.862087e+02  6.837290e-04
3.715352e+02  3.404054e-04
1.479108e+03  8.508061e-05
1.000000e+05  1.256700e-06
-1  -1
1.425400e-02  0.000000e+00
1.425400e-02  1.530557e+04
1.480000e-02  1.398200e+04
1.620000e-02  1.112500e+04
1.900000e-02  7.367500e+03
2.113489e-02  5.545100e+03
2.691535e-02  2.870200e+03
3.019952e-02  2.078900e+03
3.500000e-02  1.371600e+03
4.365158e-02  7.266300e+02
5.370318e-02  3.965700e+02
6.760830e-02  2.006500e+02
9.015711e-02  8.492600e+01
1.462177e-01  1.993469e+01
1.840772e-01  1.006452e+01
2.238721e-01  5.671362e+00
2.630268e-01  3.561499e+00
3.054921e-01  2.329110e+00
3.507519e-01  1.585329e+00
3.981072e-01  1.122126e+00
4.518559e-01  8.002808e-01
5.069907e-01  5.928151e-01
5.688529e-01  4.424033e-01
6.309573e-01  3.422809e-01
6.998420e-01  2.669133e-01
7.852356e-01  2.041010e-01
8.810489e-01  1.572698e-01
9.549926e-01  1.313975e-01
1.011579e+00  1.162226e-01
1.096478e+00  9.861792e-02
1.202264e+00  8.232998e-02
1.318257e+00  6.921312e-02
1.479108e+00  5.615086e-02
1.717908e+00  4.299354e-02
1.927525e+00  3.524891e-02
2.213095e+00  2.803789e-02
2.570396e+00  2.204646e-02
2.951209e+00  1.778282e-02
3.388442e+00  1.445218e-02
3.935501e+00  1.162941e-02
4.623810e+00  9.273685e-03
5.432503e+00  7.450367e-03
6.456542e+00  5.936845e-03
7.762471e+00  4.694649e-03
9.549926e+00  3.635675e-03
1.216186e+01  2.723447e-03
1.603245e+01  1.979433e-03
2.089296e+01  1.470626e-03
2.754229e+01  1.086425e-03
3.935501e+01  7.411923e-04
6.095369e+01  4.683120e-04
9.660509e+01  2.912560e-04
1.819701e+02  1.527560e-04
3.630781e+02  7.603962e-05
1.445440e+03  1.900370e-05
1.000000e+05  2.742900e-07
-1  -1
1.228700e-02  0.000000e+00
1.228700e-02  3.529352e+04
1.242000e-02  3.433113e+04
1.256000e-02  3.319949e+04
1.380384e-02  2.565983e+04
1.548817e-02  1.863083e+04
1.701200e-02  1.432481e+04
1.905461e-02  1.033883e+04
2.371374e-02  5.463094e+03
3.000000e-02  2.700168e+03
3.715352e-02  1.402890e+03
4.518559e-02  7.629694e+02
5.559043e-02  3.966768e+02
6.918310e-02  1.972120e+02
9.120108e-02  8.087747e+01
1.479108e-01  1.688730e+01
1.778279e-01  9.344895e+00
2.150000e-01  5.115341e+00
2.500000e-01  3.192389e+00
2.851018e-01  2.131777e+00
3.235937e-01  1.454828e+00
3.630781e-01  1.035082e+00
4.073803e-01  7.418898e-01
4.518559e-01  5.536130e-01
5.011872e-01  4.159905e-01
5.559043e-01  3.149041e-01
6.165950e-01  2.403151e-01
6.839117e-01  1.848186e-01
8.035261e-01  1.242280e-01
8.709636e-01  1.025863e-01
9.332543e-01  8.766062e-02
9.885531e-01  7.733904e-02
1.071519e+00  6.546417e-02
1.174898e+00  5.453875e-02
1.288250e+00  4.577405e-02
1.445440e+00  3.708948e-02
1.717908e+00  2.725330e-02
1.927525e+00  2.234147e-02
2.213095e+00  1.776780e-02
2.570396e+00  1.396936e-02
2.951209e+00  1.126680e-02
3.388442e+00  9.156351e-03
3.935501e+00  7.367800e-03
4.623810e+00  5.875239e-03
5.432503e+00  4.720058e-03
6.456542e+00  3.761181e-03
7.762471e+00  2.974268e-03
9.549926e+00  2.303337e-03
1.216186e+01  1.725341e-03
1.603245e+01  1.254008e-03
2.113489e+01  9.198848e-04
2.800000e+01  6.761200e-04
3.981072e+01  4.638655e-04
6.165950e+01  2.931603e-04
9.772372e+01  1.823570e-04
1.862087e+02  9.454305e-05
3.715352e+02  4.707011e-05
1.479108e+03  1.176420e-05
1.000000e+05  1.737700e-07
-1  -1
3.536800e-03  0.000000e+00
3.536800e-03  2.138006e+04
3.801894e-03  1.965418e+04
4.027170e-03  1.816001e+04
4.315191e-03  1.659289e+04
4.518559e-03  1.553354e+04
5.900000e-03  1.040862e+04
6.309573e-03  9.348002e+03
7.800000e-03  6.572860e+03
8.709636e-03  5.422956e+03
1.011579e-02  4.155979e+03
1.216186e-02  2.957536e+03
1.380384e-02  2.324609e+03
1.584893e-02  1.778450e+03
1.905461e-02  1.232354e+03
2.264644e-02  8.657198e+02
2.691535e-02  6.029554e+02
3.162278e-02  4.269339e+02
3.715352e-02  3.000809e+02
4.365158e-02  2.094235e+02
5.128614e-02  1.451250e+02
6.095369e-02  9.721314e+01
7.244360e-02  6.462127e+01
8.609938e-02  4.265153e+01
1.035142e-01  2.716687e+01
1.303167e-01  1.533122e+01
1.862087e-01  6.252467e+00
2.660725e-01  2.542976e+00
3.273407e-01  1.518485e+00
3.890451e-01  9.953785e-01
4.518559e-01  6.955166e-01
5.188000e-01  5.031751e-01
5.888437e-01  3.764982e-01
6.683439e-01  2.838013e-01
7.585776e-01  2.154971e-01
8.709636e-01  1.608638e-01
9.660509e-01  1.300453e-01
1.109175e+00  9.885910e-02
1.273503e+00  7.569481e-02
1.445440e+00  5.972211e-02
1.640590e+00  4.748695e-02
1.840772e+00  3.883539e-02
2.065380e+00  3.199693e-02
2.398833e+00  2.507007e-02
2.786121e+00  1.979198e-02
3.162278e+00  1.631171e-02
3.672823e+00  1.308100e-02
4.315191e+00  1.039656e-02
5.069907e+00  8.326376e-03
6.025596e+00  6.615172e-03
7.244360e+00  5.216425e-03
8.709636e+00  4.144363e-03
1.059254e+01  3.268213e-03
1.258925e+01  2.664150e-03
1.621810e+01  1.989640e-03
2.113489e+01  1.478740e-03
2.786121e+01  1.092667e-03
3.935501e+01  7.548130e-04
6.095369e+01  4.769196e-04
9.660509e+01  2.966120e-04
1.840772e+02  1.537596e-04
3.672823e+02  7.654508e-05
1.462177e+03  1.913041e-05
1.000000e+05  2.793400e-07
-1  -1
3.273900e-03  0.000000e+00
3.273900e-03  3.476732e+04
3.355000e-03  3.397957e+04
3.600000e-03  3.131020e+04
3.845918e-03  2.890872e+04
4.120975e-03  2.635653e+04
4.623810e-03  2.230972e+04
5.069907e-03  1.940515e+04
5.432503e-03  1.738179e+04
5.754399e-03  1.577907e+04
6.839116e-03  1.161246e+04
7.328245e-03  1.021383e+04
8.413951e-03  7.803388e+03
9.225714e-03  6.485787e+03
1.047129e-02  4.975719e+03
1.150000e-02  4.070260e+03
1.318257e-02  3.005970e+03
1.462177e-02  2.373544e+03
1.678804e-02  1.717638e+03
1.927525e-02  1.231198e+03
2.162719e-02  9.267720e+02
2.454709e-02  6.738043e+02
2.818383e-02  4.723532e+02
3.273407e-02  3.188545e+02
3.801894e-02  2.135821e+02
4.415704e-02  1.420308e+02
5.188000e-02  9.086589e+01
6.165950e-02  5.589692e+01
7.585776e-02  3.093692e+01
9.822090e-02  1.466520e+01
1.737801e-01  2.784234e+00
2.187762e-01  1.433603e+00
2.600160e-01  8.771708e-01
3.054921e-01  5.586010e-01
3.507519e-01  3.820083e-01
4.000000e-01  2.679969e-01
4.518559e-01  1.942205e-01
5.069907e-01  1.442466e-01
5.688529e-01  1.078829e-01
6.309573e-01  8.360910e-02
6.998420e-01  6.522571e-02
7.762471e-01  5.123051e-02
8.709636e-01  3.942585e-02
9.440609e-01  3.303990e-02
1.022000e+00  2.797046e-02
1.122018e+00  2.318293e-02
1.244515e+00  1.897772e-02
1.396368e+00  1.531853e-02
1.659587e+00  1.122589e-02
1.862087e+00  9.185231e-03
2.089296e+00  7.571547e-03
2.426610e+00  5.936032e-03
2.818383e+00  4.689879e-03
3.198895e+00  3.867849e-03
3.715352e+00  3.103569e-03
4.365158e+00  2.468051e-03
5.128614e+00  1.977653e-03
6.095369e+00  1.571985e-03
7.328245e+00  1.240173e-03
8.810489e+00  9.857446e-04
1.059254e+01  7.884445e-04
1.258925e+01  6.427006e-04
1.621810e+01  4.799866e-04
2.113489e+01  3.567222e-04
2.800000e+01  2.621900e-04
3.981072e+01  1.798818e-04
6.165950e+01  1.136871e-04
9.772372e+01  7.071679e-05
1.862087e+02  3.666295e-05
3.715352e+02  1.825332e-05
1.479108e+03  4.562176e-06
1.000000e+05  6.738800e-08
-1  -1
2.836900e-03  0.000000e+00
2.836900e-03  1.093539e+05
2.940000e-03  1.049117e+05
3.030000e-03  9.994753e+04
3.090295e-03  9.700220e+04
3.427678e-03  8.221873e+04
3.715352e-03  7.158658e+04
4.365158e-03  5.384377e+04
4.677351e-03  4.738987e+04
5.011872e-03  4.149179e+04
6.025596e-03  2.874100e+04
6.531306e-03  2.429023e+04
7.673615e-03  1.717484e+04
8.413951e-03  1.398400e+04
9.660509e-03  1.019638e+04
1.083927e-02  7.769772e+03
1.216186e-02  5.885381e+03
1.400000e-02  4.151200e+03
1.584893e-02  3.027587e+03
1.778279e-02  2.244769e+03
2.018366e-02  1.604144e+03
2.317395e-02  1.103041e+03
2.660725e-02  7.525458e+02
3.090295e-02  4.931182e+02
3.589219e-02  3.204577e+02
4.168694e-02  2.066203e+02
4.841724e-02  1.322625e+02
5.688529e-02  8.120573e+01
6.760830e-02  4.779501e+01
8.317638e-02  2.509235e+01
1.083927e-01  1.090984e+01
1.698244e-01  2.640452e+00
2.089296e-01  1.380935e+00
2.454709e-01  8.394406e-01
2.818383e-01  5.515044e-01
3.198895e-01  3.777167e-01
3.630781e-01  2.606030e-01
4.073803e-01  1.873297e-01
4.570882e-01  1.357089e-01
5.069907e-01  1.022517e-01
5.623413e-01  7.759618e-02
6.237348e-01  5.931670e-02
6.918310e-01  4.568517e-02
7.673615e-01  3.545479e-02
8.709636e-01  2.618346e-02
9.332543e-01  2.234308e-02
9.885531e-01  1.969363e-02
1.071519e+00  1.665841e-02
1.161449e+00  1.418765e-02
1.273503e+00  1.189694e-02
1.412538e+00  9.839358e-03
1.717908e+00  6.938902e-03
1.927525e+00  5.687955e-03
2.213095e+00  4.523943e-03
2.570396e+00  3.556727e-03
2.951209e+00  2.868403e-03
3.388442e+00  2.331171e-03
3.935501e+00  1.875875e-03
4.623810e+00  1.495801e-03
5.432503e+00  1.201691e-03
6.456542e+00  9.575948e-04
7.762471e+00  7.572357e-04
9.549926e+00  5.864237e-04
1.216186e+01  4.392865e-04
1.603245e+01  3.192832e-04
2.089296e+01  2.372095e-04
2.754229e+01  1.752435e-04
3.890451e+01  1.210204e-04
6.000000e+01  7.678700e-05
9.440609e+01  4.809962e-05
1.798871e+02  2.492820e-05
3.589219e+02  1.240770e-05
1.428894e+03  3.100701e-06
1.000000e+05  4.424300e-08
-1  -1
2.394800e-03  0.000000e+00
2.394800e-03  1.736969e+05
2.470000e-03  1.973388e+05
2.475000e-03  1.983468e+05
2.540973e-03  2.161341e+05
2.590000e-03  2.266001e+05
2.630268e-03  2.334501e+05
2.660725e-03  2.360882e+05
2.680000e-03  2.371657e+05
2.700000e-03  2.375782e+05
2.740000e-03  2.340644e+05
2.985383e-03  1.875952e+05
3.273407e-03  1.469357e+05
3.650000e-03  1.092532e+05
4.027170e-03  8.298503e+04
4.466836e-03  6.165080e+04
5.069907e-03  4.254684e+04
6.095369e-03  2.435313e+04
6.683439e-03  1.830263e+04
7.800000e-03  1.124080e+04
8.810489e-03  7.583567e+03
9.885531e-03  5.202213e+03
1.161449e-02  3.035920e+03
1.333521e-02  1.896004e+03
1.500000e-02  1.262240e+03
1.717908e-02  7.844877e+02
2.000000e-02  4.565960e+02
2.344229e-02  2.572387e+02
2.754229e-02  1.425236e+02
3.235937e-02  7.839713e+01
3.890451e-02  3.927623e+01
4.731513e-02  1.870014e+01
6.165950e-02  6.789380e+00
1.071519e-01  8.124765e-01
1.333521e-01  3.530937e-01
1.621810e-01  1.687964e-01
1.883649e-01  9.664989e-02
2.065380e-01  6.891128e-02
2.371374e-01  4.174068e-02
2.691535e-01  2.655690e-02
3.054921e-01  1.702860e-02
3.427678e-01  1.144950e-02
3.801894e-01  8.063464e-03
4.216965e-01  5.717988e-03
4.677351e-01  4.084603e-03
5.188000e-01  2.939955e-03
5.688529e-01  2.209916e-03
6.095369e-01  1.793423e-03
6.606935e-01  1.415704e-03
7.244360e-01  1.088213e-03
8.035261e-01  8.154331e-04
8.609938e-01  6.705118e-04
9.120108e-01  5.732154e-04
9.549926e-01  5.085194e-04
1.000000e+00  4.539449e-04
1.047129e+00  4.081781e-04
1.096478e+00  3.696168e-04
1.148154e+00  3.367039e-04
1.216186e+00  3.016923e-04
1.318257e+00  2.607055e-04
1.531087e+00  2.012988e-04
1.819701e+00  1.483608e-04
2.018366e+00  1.243670e-04
2.344229e+00  9.734076e-05
2.722701e+00  7.675338e-05
3.090295e+00  6.317839e-05
3.589219e+00  5.060651e-05
4.216965e+00  4.017508e-05
4.954502e+00  3.214015e-05
5.888437e+00  2.550929e-05
7.079458e+00  2.009648e-05
8.511380e+00  1.595155e-05
1.035142e+01  1.256849e-05
1.258925e+01  9.967035e-06
1.621810e+01  7.443860e-06
2.113489e+01  5.532185e-06
2.800000e+01  4.066200e-06
3.981072e+01  2.789684e-06
6.165950e+01  1.763042e-06
9.772372e+01  1.096737e-06
1.862087e+02  5.685732e-07
3.715352e+02  2.830812e-07
1.479108e+03  7.075145e-08
1.000000e+05  1.045100e-09
-1  -1
2.300800e-03  0.000000e+00
2.300800e-03  4.689513e+05
2.483133e-03  4.202690e+05
2.500000e-03  4.145346e+05
2.511886e-03  4.114011e+05
2.570396e-03  3.892193e+05
2.851018e-03  2.968641e+05
3.162278e-03  2.246398e+05
3.507519e-03  1.686990e+05
3.845918e-03  1.299648e+05
4.315191e-03  9.304127e+04
4.900000e-03  6.381180e+04
5.688529e-03  4.037551e+04
6.237348e-03  3.031906e+04
7.328245e-03  1.812838e+04
8.128305e-03  1.293956e+04
9.332543e-03  8.190354e+03
1.071519e-02  5.136207e+03
1.202264e-02  3.458520e+03
1.364583e-02  2.223550e+03
1.566751e-02  1.362566e+03
1.800000e-02  8.266440e+02
2.089296e-02  4.793587e+02
2.426610e-02  2.751480e+02
2.851018e-02  1.500492e+02
3.349654e-02  8.119122e+01
3.935501e-02  4.362390e+01
4.786301e-02  2.035352e+01
6.095369e-02  7.863715e+00
1.071519e-01  8.455097e-01
1.303167e-01  3.926526e-01
1.548817e-01  2.010166e-01
1.778279e-01  1.184010e-01
2.000000e-01  7.596180e-02
2.264644e-01  4.817457e-02
2.818383e-01  2.186399e-02
3.019952e-01  1.714198e-02
3.349654e-01  1.198943e-02
3.672823e-01  8.786262e-03
4.027170e-01  6.484189e-03
4.415705e-01  4.821628e-03
4.841724e-01  3.613022e-03
5.248075e-01  2.825669e-03
5.754399e-01  2.149887e-03
6.382635e-01  1.594437e-03
6.918310e-01  1.272039e-03
7.498942e-01  1.021631e-03
8.413951e-01  7.545873e-04
8.912509e-01  6.521901e-04
9.440609e-01  5.674116e-04
9.885531e-01  5.104212e-04
1.047129e+00  4.505014e-04
1.122018e+00  3.909450e-04
1.202264e+00  3.416986e-04
1.318257e+00  2.878922e-04
1.757924e+00  1.726186e-04
1.972423e+00  1.416598e-04
2.290868e+00  1.107078e-04
2.660725e+00  8.719602e-05
3.054921e+00  7.045851e-05
3.548134e+00  5.640416e-05
4.120975e+00  4.548627e-05
4.841724e+00  3.635069e-05
5.754399e+00  2.882011e-05
6.918310e+00  2.268267e-05
8.317638e+00  1.798737e-05
1.023293e+01  1.396648e-05
1.244515e+01  1.107122e-05
1.621810e+01  8.158482e-06
2.113489e+01  6.063329e-06
2.800000e+01  4.456500e-06
4.000000e+01  3.042200e-06
6.237348e+01  1.909285e-06
1.000000e+02  1.174000e-06
1.883649e+02  6.159378e-07
3.758374e+02  3.066836e-07
1.496236e+03  7.665478e-08
1.000000e+05  1.145400e-09
-1  -1
7.874400e-04  0.000000e+00
7.874400e-04  4.979206e+04
8.430000e-04  4.738332e+04
8.709636e-04  4.613958e+04
9.120108e-04  4.427054e+04
9.549926e-04  4.257645e+04
1.083927e-03  3.788620e+04
1.135011e-03  3.617882e+04
1.412538e-03  2.814617e+04
1.531087e-03  2.546925e+04
1.819701e-03  2.028116e+04
2.000000e-03  1.779964e+04
2.344229e-03  1.414330e+04
2.630268e-03  1.189482e+04
3.090295e-03  9.256341e+03
3.630781e-03  7.132476e+03
4.216965e-03  5.557221e+03
4.897788e-03  4.300768e+03
5.754399e-03  3.239387e+03
6.760830e-03  2.422917e+03
8.035261e-03  1.761784e+03
9.549926e-03  1.272006e+03
1.150000e-02  8.891820e+02
1.380384e-02  6.206218e+02
1.659587e-02  4.285487e+02
1.972423e-02  3.006338e+02
2.363700e-02  2.057480e+02
2.818383e-02  1.412160e+02
3.349654e-02  9.689002e+01
4.000000e-02  6.529320e+01
4.786301e-02  4.345330e+01
5.688529e-02  2.914497e+01
6.760830e-02  1.940799e+01
8.128305e-02  1.248181e+01
9.885531e-02  7.747603e+00
1.230269e-01  4.508351e+00
1.603245e-01  2.320532e+00
2.691535e-01  6.291021e-01
3.273407e-01  3.867522e-01
3.890451e-01  2.536023e-01
4.518559e-01  1.772507e-01
5.188000e-01  1.282406e-01
5.888437e-01  9.595100e-02
6.683439e-01  7.232461e-02
7.585776e-01  5.491570e-02
8.709636e-01  4.099072e-02
9.660509e-01  3.313796e-02
1.109175e+00  2.519348e-02
1.273503e+00  1.928927e-02
1.445440e+00  1.521897e-02
1.621810e+00  1.235197e-02
1.819701e+00  1.009440e-02
2.044000e+00  8.295301e-03
2.371374e+00  6.507547e-03
2.754229e+00  5.134554e-03
3.126079e+00  4.229240e-03
3.630781e+00  3.389629e-03
4.265795e+00  2.692460e-03
5.011872e+00  2.155147e-03
5.956621e+00  1.711419e-03
7.161434e+00  1.348912e-03
8.609938e+00  1.071125e-03
1.047129e+01  8.443622e-04
1.258925e+01  6.788847e-04
1.621810e+01  5.070171e-04
2.113489e+01  3.768073e-04
2.800000e+01  2.769500e-04
4.000000e+01  1.890600e-04
6.237348e+01  1.186544e-04
1.000000e+02  7.295900e-05
1.883649e+02  3.827787e-05
3.758374e+02  1.905894e-05
1.496236e+03  4.763680e-06
1.000000e+05  7.118200e-08
-1  -1
6.731700e-04  0.000000e+00
6.731700e-04  4.152450e+04
7.673615e-04  4.147776e+04
8.850000e-04  4.034246e+04
9.332543e-04  3.966424e+04
1.000000e-03  3.852880e+04
1.083927e-03  3.700460e+04
1.174898e-03  3.527882e+04
1.258925e-03  3.364648e+04
1.350000e-03  3.182160e+04
1.479108e-03  2.933146e+04
1.610000e-03  2.702940e+04
1.737801e-03  2.493108e+04
1.927525e-03  2.214579e+04
2.113489e-03  1.980103e+04
2.317395e-03  1.756772e+04
2.570396e-03  1.525450e+04
2.818383e-03  1.336344e+04
3.162278e-03  1.123846e+04
3.507519e-03  9.545468e+03
3.935501e-03  7.904797e+03
4.415704e-03  6.492448e+03
4.897788e-03  5.405895e+03
5.559043e-03  4.287447e+03
6.309573e-03  3.371644e+03
7.079458e-03  2.691163e+03
8.000000e-03  2.103640e+03
9.015711e-03  1.642161e+03
1.023293e-02  1.254086e+03
1.161449e-02  9.508051e+02
1.318257e-02  7.157257e+02
1.500000e-02  5.318620e+02
1.698244e-02  3.971588e+02
1.949845e-02  2.847353e+02
2.238721e-02  2.025080e+02
2.570396e-02  1.429852e+02
2.951209e-02  1.002522e+02
3.427678e-02  6.771112e+01
4.000000e-02  4.481720e+01
4.677351e-02  2.928473e+01
5.559043e-02  1.816379e+01
6.683439e-02  1.082477e+01
8.222426e-02  5.999156e+00
1.071519e-01  2.796903e+00
1.840772e-01  5.831970e-01
2.000000e-01  4.593080e-01
2.041738e-01  4.342714e-01
2.483133e-01  2.488801e-01
2.917427e-01  1.584366e-01
3.388442e-01  1.048883e-01
3.890451e-01  7.219595e-02
4.415705e-01  5.163184e-02
5.011872e-01  3.720606e-02
5.623413e-01  2.782027e-02
6.237348e-01  2.155545e-02
6.918310e-01  1.681277e-02
7.673615e-01  1.320030e-02
8.709636e-01  9.890815e-03
9.440609e-01  8.285750e-03
1.022000e+00  7.012119e-03
1.122018e+00  5.810672e-03
1.244515e+00  4.756477e-03
1.396368e+00  3.839575e-03
1.659587e+00  2.813649e-03
1.862087e+00  2.301921e-03
2.089296e+00  1.897460e-03
2.426610e+00  1.487416e-03
2.818383e+00  1.174885e-03
3.198895e+00  9.688569e-04
3.715352e+00  7.774350e-04
4.365158e+00  6.182428e-04
5.128614e+00  4.953936e-04
6.095369e+00  3.937822e-04
7.328245e+00  3.106714e-04
8.810489e+00  2.469309e-04
1.059254e+01  1.975044e-04
1.258925e+01  1.609930e-04
1.621810e+01  1.202351e-04
2.113489e+01  8.935933e-05
2.800000e+01  6.567900e-05
4.000000e+01  4.483500e-05
6.237348e+01  2.813827e-05
9.885531e+01  1.750700e-05
1.862087e+02  9.183950e-06
3.715352e+02  4.572475e-06
1.479108e+03  1.142851e-06
1.000000e+05  1.688100e-08
-1  -1
5.671300e-04  0.000000e+00
5.671300e-04  2.120141e+05
6.456542e-04  2.020849e+05
6.683439e-04  1.974902e+05
7.673615e-04  1.762885e+05
8.413951e-04  1.617820e+05
9.225714e-04  1.476767e+05
1.023293e-03  1.322606e+05
1.110000e-03  1.203804e+05
1.244515e-03  1.044580e+05
1.364583e-03  9.268407e+04
1.500000e-03  8.135800e+04
1.698244e-03  6.804111e+04
1.862087e-03  5.921520e+04
2.113489e-03  4.854362e+04
2.371374e-03  4.020316e+04
2.660725e-03  3.306763e+04
3.019952e-03  2.645610e+04
3.400000e-03  2.131468e+04
3.845918e-03  1.690023e+04
4.365158e-03  1.321118e+04
4.954502e-03  1.024730e+04
5.559043e-03  8.080370e+03
6.237348e-03  6.333073e+03
7.079458e-03  4.809889e+03
8.035261e-03  3.626501e+03
9.225714e-03  2.643067e+03
1.047129e-02  1.963442e+03
1.202264e-02  1.408354e+03
1.380384e-02  1.001795e+03
1.566751e-02  7.277519e+02
1.798871e-02  5.095629e+02
2.041738e-02  3.648666e+02
2.344229e-02  2.515380e+02
2.691535e-02  1.720894e+02
3.090295e-02  1.168779e+02
3.589219e-02  7.625394e+01
4.168694e-02  4.936295e+01
4.841724e-02  3.172011e+01
5.688529e-02  1.955679e+01
6.683439e-02  1.197115e+01
8.128305e-02  6.544752e+00
1.023293e-01  3.191158e+00
1.737801e-01  6.037135e-01
2.187762e-01  2.948168e-01
2.570396e-01  1.797454e-01
2.951209e-01  1.184442e-01
3.349654e-01  8.139388e-02
3.758374e-01  5.826047e-02
4.216965e-01  4.199798e-02
4.677351e-01  3.148949e-02
5.188000e-01  2.376993e-02
5.754399e-01  1.807183e-02
6.309573e-01  1.425636e-02
6.998420e-01  1.099955e-02
7.762471e-01  8.551544e-03
8.709636e-01  6.495785e-03
9.332543e-01  5.543703e-03
9.885531e-01  4.886673e-03
1.071519e+00  4.133825e-03
1.161449e+00  3.520773e-03
1.273503e+00  2.952303e-03
1.412538e+00  2.441718e-03
1.717908e+00  1.722018e-03
1.927525e+00  1.411668e-03
2.213095e+00  1.122908e-03
2.570396e+00  8.828972e-04
2.985383e+00  6.996178e-04
3.467369e+00  5.593796e-04
4.027170e+00  4.506189e-04
4.731513e+00  3.597243e-04
5.559043e+00  2.892882e-04
6.606934e+00  2.307364e-04
8.000000e+00  1.810200e-04
9.885531e+00  1.395978e-04
1.244515e+01  1.061591e-04
1.621810e+01  7.822583e-05
2.113489e+01  5.813701e-05
2.800000e+01  4.273100e-05
3.981072e+01  2.931697e-05
6.237348e+01  1.830711e-05
9.885531e+01  1.139037e-05
1.883649e+02  5.905853e-06
3.758374e+02  2.940563e-06
1.496236e+03  7.349883e-07
1.000000e+05  1.098300e-08
-1  -1
3.782100e-04  0.000000e+00
3.782100e-04  1.515892e+05
3.792000e-04  1.454412e+05
3.803000e-04  1.397824e+05
3.814000e-04  1.349892e+05
3.825000e-04  1.309276e+05
3.840000e-04  1.262732e+05
3.855000e-04  1.224864e+05
3.875000e-04  1.184296e+05
3.890451e-04  1.159540e+05
3.912000e-04  1.133604e+05
3.935000e-04  1.116084e+05
3.958000e-04  1.108292e+05
3.981072e-04  1.109107e+05
4.000000e-04  1.115088e+05
4.030000e-04  1.131552e+05
4.100000e-04  1.184948e+05
4.350000e-04  1.407200e+05
4.430000e-04  1.476544e+05
4.530000e-04  1.555100e+05
4.650000e-04  1.639432e+05
4.897788e-04  1.801563e+05
5.101000e-04  1.928472e+05
5.248075e-04  2.010605e+05
5.400000e-04  2.083432e+05
5.580000e-04  2.155320e+05
5.821032e-04  2.233136e+05
6.025596e-04  2.285355e+05
6.237348e-04  2.326461e+05
6.456542e-04  2.354031e+05
6.700000e-04  2.369580e+05
7.000000e-04  2.371596e+05
7.328245e-04  2.356416e+05
7.673615e-04  2.323746e+05
8.100000e-04  2.267464e+05
8.511380e-04  2.203546e+05
9.000000e-04  2.118704e+05
9.500000e-04  2.024212e+05
1.011579e-03  1.904227e+05
1.083927e-03  1.766632e+05
1.150000e-03  1.645708e+05
1.230269e-03  1.506547e+05
1.333521e-03  1.343891e+05
1.428894e-03  1.210509e+05
1.531087e-03  1.083070e+05
1.659587e-03  9.445439e+04
1.800000e-03  8.169480e+04
1.950000e-03  7.029000e+04
2.113489e-03  6.004757e+04
2.300000e-03  5.053080e+04
2.511886e-03  4.191879e+04
2.754229e-03  3.422336e+04
3.019952e-03  2.773644e+04
3.311311e-03  2.232054e+04
3.672823e-03  1.734230e+04
4.073803e-03  1.336165e+04
4.466836e-03  1.052816e+04
4.954502e-03  7.995627e+03
5.559043e-03  5.838618e+03
6.237348e-03  4.226507e+03
7.000000e-03  3.032064e+03
7.943282e-03  2.087429e+03
8.912509e-03  1.473645e+03
1.000000e-02  1.032628e+03
1.109175e-02  7.451567e+02
1.244515e-02  5.150481e+02
1.412538e-02  3.404503e+02
1.584893e-02  2.320483e+02
1.798871e-02  1.510922e+02
2.041738e-02  9.767236e+01
2.344229e-02  6.021611e+01
2.691535e-02  3.684916e+01
3.126079e-02  2.148000e+01
3.672823e-02  1.191607e+01
4.365158e-02  6.288589e+00
5.308844e-02  3.023054e+00
6.760830e-02  1.212407e+00
1.161449e-01  1.554524e-01
1.445440e-01  6.822699e-02
1.737801e-01  3.435168e-02
2.018366e-01  1.980647e-02
2.317395e-01  1.201075e-02
2.630268e-01  7.647937e-03
2.985383e-01  4.906327e-03
3.349654e-01  3.298723e-03
3.758374e-01  2.234671e-03
4.168694e-01  1.585291e-03
4.623810e-01  1.132947e-03
5.069907e-01  8.460137e-04
5.559043e-01  6.359093e-04
6.095369e-01  4.813683e-04
6.683439e-01  3.672291e-04
7.328245e-01  2.822174e-04
8.709636e-01  1.742908e-04
9.225714e-01  1.494749e-04
9.660509e-01  1.329787e-04
1.011579e+00  1.190638e-04
1.059254e+00  1.073481e-04
1.109175e+00  9.740604e-05
1.174898e+00  8.690709e-05
1.258925e+00  7.641666e-05
1.364583e+00  6.617717e-05
1.513561e+00  5.536535e-05
1.798871e+00  4.078872e-05
2.000000e+00  3.402900e-05
2.317395e+00  2.672284e-05
2.691535e+00  2.105941e-05
3.090295e+00  1.702614e-05
3.589219e+00  1.363751e-05
4.168694e+00  1.100353e-05
4.897788e+00  8.798587e-06
5.821032e+00  6.979519e-06
7.000000e+00  5.494400e-06
8.413951e+00  4.360286e-06
1.035142e+01  3.387116e-06
1.258925e+01  2.686059e-06
1.621810e+01  2.006091e-06
2.113489e+01  1.490860e-06
2.786121e+01  1.101711e-06
4.000000e+01  7.480300e-07
6.237348e+01  4.694685e-07
9.885531e+01  2.920905e-07
1.883649e+02  1.514481e-07
3.758374e+02  7.540869e-08
1.496236e+03  1.884840e-08
1.000000e+05  2.816400e-10
-1  -1
3.584200e-04  0.000000e+00
3.584200e-04  2.023680e+05
3.604000e-04  1.925370e+05
3.625000e-04  1.839960e+05
3.648000e-04  1.764432e+05
3.670000e-04  1.707324e+05
3.690000e-04  1.667130e+05
3.713000e-04  1.634838e+05
3.734100e-04  1.618844e+05
3.750000e-04  1.615578e+05
3.765000e-04  1.619238e+05
3.785000e-04  1.633368e+05
3.801894e-04  1.652186e+05
3.830000e-04  1.693182e+05
3.981072e-04  1.960939e+05
4.100200e-04  2.180253e+05
4.180000e-04  2.323944e+05
4.240000e-04  2.424846e+05
4.320000e-04  2.547120e+05
4.415704e-04  2.676762e+05
4.550000e-04  2.839386e+05
4.731513e-04  3.043902e+05
4.897788e-04  3.218661e+05
5.040000e-04  3.351456e+05
5.188000e-04  3.465850e+05
5.370318e-04  3.579916e+05
5.580000e-04  3.682224e+05
5.821032e-04  3.770668e+05
6.025596e-04  3.822676e+05
6.237348e-04  3.853574e+05
6.500000e-04  3.863328e+05
6.760830e-04  3.849294e+05
7.079458e-04  3.808071e+05
7.413102e-04  3.739999e+05
7.800000e-04  3.640038e+05
8.222426e-04  3.516927e+05
8.709636e-04  3.363240e+05
9.225714e-04  3.190760e+05
9.772372e-04  3.005385e+05
1.050000e-03  2.767428e+05
1.122018e-03  2.545626e+05
1.202264e-03  2.314571e+05
1.300000e-03  2.062626e+05
1.400000e-03  1.835100e+05
1.513561e-03  1.610512e+05
1.640590e-03  1.397459e+05
1.778279e-03  1.203431e+05
1.927525e-03  1.029778e+05
2.089296e-03  8.752448e+04
2.300000e-03  7.153020e+04
2.500000e-03  5.961552e+04
2.754229e-03  4.788714e+04
3.019952e-03  3.857788e+04
3.311311e-03  3.087803e+04
3.672823e-03  2.383482e+04
4.027170e-03  1.880443e+04
4.415704e-03  1.474972e+04
4.954502e-03  1.079212e+04
5.559043e-03  7.823938e+03
6.165950e-03  5.813839e+03
6.839116e-03  4.290337e+03
7.500000e-03  3.255270e+03
8.300000e-03  2.389392e+03
9.120108e-03  1.782727e+03
1.023293e-02  1.237643e+03
1.148154e-02  8.532520e+02
1.288250e-02  5.837586e+02
1.445440e-02  3.964675e+02
1.640590e-02  2.570574e+02
1.862087e-02  1.653812e+02
2.113489e-02  1.056073e+02
2.398833e-02  6.696166e+01
2.754229e-02  4.043262e+01
3.162278e-02  2.423832e+01
3.672823e-02  1.382137e+01
4.315191e-02  7.491844e+00
5.188000e-02  3.691099e+00
6.382635e-02  1.651266e+00
1.135011e-01  1.742660e-01
1.380384e-01  8.164000e-02
1.640590e-01  4.211832e-02
1.883649e-01  2.491587e-02
2.065380e-01  1.765106e-02
2.317395e-01  1.156073e-02
2.570396e-01  7.954522e-03
2.851018e-01  5.511919e-03
3.162278e-01  3.846902e-03
3.507519e-01  2.704901e-03
3.845918e-01  1.991498e-03
4.168694e-01  1.532541e-03
4.570882e-01  1.144021e-03
5.011872e-01  8.602722e-04
5.495409e-01  6.515376e-04
6.000000e-01  5.037115e-04
6.531306e-01  3.964825e-04
7.079458e-01  3.180828e-04
7.673615e-01  2.568258e-04
8.709636e-01  1.844926e-04
9.225714e-01  1.597741e-04
9.772372e-01  1.393910e-04
1.023293e+00  1.257667e-04
1.083927e+00  1.113156e-04
1.161449e+00  9.689261e-05
1.250000e+00  8.423463e-05
1.364583e+00  7.182033e-05
1.798871e+00  4.410025e-05
2.000000e+00  3.680300e-05
2.317395e+00  2.889944e-05
2.691535e+00  2.277480e-05
3.090295e+00  1.841350e-05
3.589219e+00  1.474899e-05
4.216965e+00  1.170889e-05
4.954502e+00  9.367538e-06
5.888437e+00  7.434792e-06
7.079458e+00  5.857237e-06
8.511380e+00  4.649061e-06
1.035142e+01  3.663119e-06
1.258925e+01  2.905000e-06
1.621810e+01  2.169554e-06
2.113489e+01  1.612352e-06
2.786121e+01  1.191497e-06
3.935501e+01  8.230559e-07
6.095369e+01  5.200360e-07
9.660509e+01  3.234323e-07
1.840772e+02  1.676596e-07
3.672823e+02  8.346562e-08
1.462177e+03  2.086009e-08
1.000000e+05  3.045900e-10
-1  -1
1.135000e-04  0.000000e+00
1.135000e-04  1.005762e+05
1.136400e-04  1.036854e+05
1.139500e-04  1.096530e+05
1.142500e-04  1.150650e+05
1.145500e-04  1.202628e+05
1.150000e-04  1.275276e+05
1.154000e-04  1.335312e+05
1.158500e-04  1.398072e+05
1.163000e-04  1.456830e+05
1.167000e-04  1.505466e+05
1.172000e-04  1.561662e+05
1.178000e-04  1.623348e+05
1.185000e-04  1.688130e+05
1.193400e-04  1.757067e+05
1.202264e-04  1.820222e+05
1.210000e-04  1.868052e+05
1.220000e-04  1.920774e+05
1.230269e-04  1.965676e+05
1.245000e-04  2.015928e+05
1.260000e-04  2.053158e+05
1.275000e-04  2.079024e+05
1.290000e-04  2.095866e+05
1.315000e-04  2.109864e+05
1.390000e-04  2.119338e+05
1.415000e-04  2.133648e+05
1.440000e-04  2.162028e+05
1.462177e-04  2.202245e+05
1.485000e-04  2.260536e+05
1.500000e-04  2.309208e+05
1.520000e-04  2.387424e+05
1.540000e-04  2.481600e+05
1.560000e-04  2.591832e+05
1.584893e-04  2.751852e+05
1.610000e-04  2.938452e+05
1.640590e-04  3.198939e+05
1.678804e-04  3.572907e+05
1.850000e-04  5.829630e+05
1.905461e-04  6.738676e+05
1.972423e-04  7.931623e+05
2.020000e-04  8.829540e+05
2.080000e-04  1.000170e+06
2.135000e-04  1.109280e+06
2.190000e-04  1.217574e+06
2.240000e-04  1.313742e+06
2.290868e-04  1.407760e+06
2.344229e-04  1.501315e+06
2.400000e-04  1.592922e+06
2.454709e-04  1.676054e+06
2.520000e-04  1.766652e+06
2.580000e-04  1.841928e+06
2.660725e-04  1.931857e+06
2.754229e-04  2.020451e+06
2.830000e-04  2.079786e+06
2.917427e-04  2.134214e+06
3.000000e-04  2.172234e+06
3.100000e-04  2.202306e+06
3.200000e-04  2.217054e+06
3.320000e-04  2.217750e+06
3.430000e-04  2.204928e+06
3.550000e-04  2.179278e+06
3.715352e-04  2.129828e+06
3.890451e-04  2.065126e+06
4.073803e-04  1.987463e+06
4.265795e-04  1.898598e+06
4.466836e-04  1.800847e+06
4.700000e-04  1.686270e+06
4.954502e-04  1.564580e+06
5.248075e-04  1.431828e+06
5.559043e-04  1.300656e+06
5.900000e-04  1.168170e+06
6.309573e-04  1.026218e+06
6.760830e-04  8.911570e+05
7.244360e-04  7.676762e+05
7.762471e-04  6.562862e+05
8.317638e-04  5.570950e+05
9.015711e-04  4.567968e+05
9.700000e-04  3.786870e+05
1.059254e-03  2.997777e+05
1.150000e-03  2.392236e+05
1.244515e-03  1.914083e+05
1.380384e-03  1.415609e+05
1.500000e-03  1.103370e+05
1.640590e-03  8.383354e+04
1.819701e-03  6.049596e+04
2.041738e-03  4.168785e+04
2.300000e-03  2.806440e+04
2.570396e-03  1.922267e+04
2.851018e-03  1.340663e+04
3.162278e-03  9.284724e+03
3.548134e-03  6.124383e+03
3.935501e-03  4.179934e+03
4.415704e-03  2.713855e+03
4.954502e-03  1.748399e+03
5.559043e-03  1.117769e+03
6.237348e-03  7.094527e+02
7.000000e-03  4.467966e+02
7.943282e-03  2.671153e+02
9.015711e-03  1.583533e+02
1.023293e-02  9.313259e+01
1.161449e-02  5.436030e+01
1.318257e-02  3.149895e+01
1.500000e-02  1.792590e+01
1.717908e-02  9.838896e+00
2.000000e-02  4.983252e+00
2.344229e-02  2.430763e+00
2.818383e-02  1.048607e+00
3.311311e-02  4.993925e-01
4.168694e-02  1.714340e-01
7.852356e-02  8.920076e-03
9.549926e-02  3.600855e-03
1.109175e-01  1.811324e-03
1.303167e-01  8.704824e-04
1.531088e-01  4.215862e-04
1.737801e-01  2.397778e-04
1.949845e-01  1.445819e-04
2.113489e-01  1.020881e-04
2.344229e-01  6.573787e-05
2.600160e-01  4.264189e-05
2.884032e-01  2.786029e-05
3.235937e-01  1.748619e-05
3.548134e-01  1.212566e-05
3.890451e-01  8.467524e-06
4.168694e-01  6.506639e-06
4.623810e-01  4.418684e-06
5.370318e-01  2.553537e-06
5.888437e-01  1.834837e-06
6.606935e-01  1.218712e-06
7.079458e-01  9.595359e-07
7.498942e-01  7.909862e-07
7.943282e-01  6.565699e-07
8.317638e-01  5.690024e-07
8.709636e-01  4.960460e-07
9.120108e-01  4.353057e-07
9.549926e-01  3.847875e-07
9.885531e-01  3.526023e-07
1.035142e+00  3.161488e-07
1.083927e+00  2.856498e-07
1.135011e+00  2.597861e-07
1.202264e+00  2.324582e-07
1.318257e+00  1.967049e-07
1.513561e+00  1.551822e-07
1.819701e+00  1.120656e-07
2.018366e+00  9.393022e-08
2.344229e+00  7.351232e-08
2.722701e+00  5.796715e-08
3.090295e+00  4.771708e-08
3.589219e+00  3.822127e-08
4.216965e+00  3.034292e-08
4.954502e+00  2.427495e-08
5.888437e+00  1.926630e-08
7.079458e+00  1.517780e-08
8.511380e+00  1.204750e-08
1.035142e+01  9.492570e-09
1.258925e+01  7.527962e-09
1.621810e+01  5.622105e-09
2.113489e+01  4.178334e-09
2.800000e+01  3.071100e-09
3.981072e+01  2.106962e-09
6.165950e+01  1.331564e-09
9.772372e+01  8.283070e-10
1.862087e+02  4.294320e-10
3.715352e+02  2.138030e-10
1.479108e+03  5.343680e-11
1.000000e+05  7.893100e-13
-1  -1
1.091300e-04  0.000000e+00
1.091300e-04  1.528864e+05
1.092100e-04  1.555880e+05
1.095000e-04  1.634304e+05
1.098000e-04  1.711248e+05
1.102000e-04  1.805992e+05
1.106000e-04  1.893136e+05
1.111000e-04  1.993872e+05
1.117000e-04  2.102136e+05
1.122018e-04  2.184129e+05
1.128000e-04  2.272792e+05
1.135011e-04  2.365342e+05
1.143000e-04  2.457496e+05
1.150000e-04  2.528144e+05
1.161000e-04  2.622840e+05
1.173000e-04  2.706616e+05
1.185000e-04  2.773280e+05
1.200000e-04  2.836440e+05
1.216186e-04  2.884254e+05
1.235000e-04  2.919160e+05
1.260000e-04  2.941200e+05
1.340000e-04  2.950392e+05
1.365000e-04  2.967296e+05
1.390000e-04  3.003456e+05
1.412538e-04  3.057149e+05
1.435000e-04  3.133928e+05
1.450000e-04  3.199352e+05
1.472000e-04  3.317288e+05
1.495000e-04  3.469496e+05
1.520000e-04  3.669208e+05
1.540000e-04  3.854832e+05
1.570000e-04  4.175376e+05
1.603245e-04  4.587505e+05
1.650000e-04  5.262216e+05
1.800000e-04  8.078960e+05
1.862087e-04  9.496726e+05
1.927525e-04  1.112144e+06
1.990000e-04  1.276712e+06
2.041738e-04  1.417168e+06
2.089296e-04  1.547355e+06
2.137962e-04  1.679388e+06
2.190000e-04  1.817080e+06
2.240000e-04  1.944032e+06
2.300000e-04  2.087648e+06
2.350000e-04  2.199152e+06
2.400000e-04  2.302928e+06
2.454709e-04  2.407393e+06
2.520000e-04  2.519976e+06
2.600160e-04  2.641272e+06
2.660725e-04  2.721102e+06
2.754229e-04  2.825119e+06
2.846200e-04  2.905154e+06
2.930000e-04  2.959248e+06
3.019952e-04  2.998095e+06
3.126079e-04  3.020448e+06
3.240000e-04  3.020360e+06
3.350000e-04  3.001640e+06
3.470000e-04  2.965272e+06
3.630781e-04  2.897855e+06
3.801894e-04  2.809931e+06
3.981072e-04  2.704243e+06
4.168694e-04  2.583105e+06
4.365158e-04  2.450467e+06
4.600000e-04  2.290608e+06
4.850000e-04  2.124288e+06
5.150000e-04  1.935632e+06
5.432503e-04  1.770815e+06
5.754399e-04  1.597091e+06
6.100000e-04  1.428048e+06
6.531306e-04  1.243841e+06
6.918310e-04  1.100635e+06
7.413102e-04  9.435328e+05
7.943282e-04  8.030464e+05
8.609938e-04  6.598853e+05
9.225714e-04  5.543303e+05
1.000000e-03  4.487016e+05
1.083927e-03  3.608587e+05
1.190000e-03  2.779368e+05
1.288250e-03  2.211063e+05
1.412538e-03  1.684194e+05
1.570000e-03  1.220408e+05
1.730000e-03  9.004720e+04
1.883649e-03  6.854235e+04
2.065380e-03  5.071078e+04
2.290868e-03  3.585147e+04
2.540973e-03  2.515190e+04
2.818383e-03  1.751605e+04
3.126079e-03  1.211003e+04
3.467369e-03  8.317270e+03
3.845918e-03  5.672359e+03
4.265795e-03  3.842300e+03
4.786301e-03  2.473481e+03
5.370318e-03  1.580262e+03
6.025596e-03  1.002164e+03
6.760830e-03  6.309178e+02
7.673615e-03  3.762881e+02
8.609938e-03  2.335720e+02
9.772372e-03  1.371942e+02
1.109175e-02  7.996206e+01
1.258925e-02  4.625311e+01
1.428894e-02  2.655908e+01
1.621810e-02  1.513786e+01
1.862087e-02  8.136722e+00
2.187762e-02  3.911294e+00
2.570396e-02  1.865947e+00
3.090295e-02  7.946689e-01
3.758374e-02  3.185542e-01
4.731513e-02  1.077714e-01
5.559043e-02  5.023456e-02
7.585776e-02  1.143610e-02
8.810489e-02  5.642416e-03
1.047129e-01  2.516131e-03
1.216186e-01  1.258366e-03
1.479108e-01  5.133390e-04
1.659587e-01  3.050445e-04
1.840772e-01  1.922458e-04
2.018366e-01  1.283480e-04
2.213095e-01  8.631562e-05
2.426610e-01  5.844984e-05
2.660725e-01  3.986928e-05
2.917427e-01  2.742669e-05
3.198895e-01  1.901002e-05
3.507519e-01  1.327184e-05
3.845918e-01  9.316320e-06
4.168694e-01  6.880152e-06
4.518559e-01  5.117368e-06
4.841724e-01  3.996801e-06
5.188000e-01  3.141003e-06
5.559043e-01  2.484526e-06
5.956621e-01  1.979992e-06
6.382635e-01  1.588706e-06
6.839117e-01  1.283127e-06
7.328245e-01  1.042627e-06
7.852356e-01  8.525704e-07
8.413951e-01  7.017029e-07
9.120108e-01  5.620108e-07
9.549926e-01  4.978430e-07
1.000000e+00  4.439300e-07
1.047129e+00  3.989434e-07
1.096478e+00  3.611353e-07
1.148154e+00  3.289353e-07
1.216186e+00  2.947486e-07
1.318257e+00  2.547791e-07
1.513561e+00  2.009334e-07
1.819701e+00  1.450941e-07
2.000000e+00  1.234900e-07
2.344229e+00  9.520073e-08
2.722701e+00  7.506491e-08
3.090295e+00  6.178711e-08
3.589219e+00  4.949157e-08
4.216965e+00  3.928995e-08
4.954502e+00  3.143238e-08
5.888437e+00  2.494761e-08
7.079458e+00  1.965397e-08
8.511380e+00  1.559969e-08
1.035142e+01  1.229180e-08
1.258925e+01  9.747593e-09
1.621810e+01  7.279796e-09
2.113489e+01  5.410288e-09
2.800000e+01  3.976600e-09
4.000000e+01  2.714600e-09
6.237348e+01  1.703642e-09
9.885531e+01  1.060011e-09
1.883649e+02  5.496030e-10
3.758374e+02  2.736570e-10
1.496236e+03  6.839900e-11
1.000000e+05  1.022100e-12
-1  -1
1.257300e-04  0.000000e+00
1.257300e-04  7.750920e+04
1.280000e-04  7.151880e+04
1.294000e-04  6.872700e+04
1.305000e-04  6.693340e+04
1.320000e-04  6.497000e+04
1.335000e-04  6.340040e+04
1.350000e-04  6.215000e+04
1.373000e-04  6.071840e+04
1.396368e-04  5.972541e+04
1.425000e-04  5.895740e+04
1.462177e-04  5.846807e+04
1.500000e-04  5.835700e+04
1.560000e-04  5.864280e+04
1.737801e-04  6.023323e+04
1.820000e-04  6.063820e+04
1.905461e-04  6.068552e+04
2.018366e-04  6.028034e+04
2.150000e-04  5.934620e+04
2.317395e-04  5.778398e+04
2.511886e-04  5.576801e+04
2.722701e-04  5.346145e+04
2.917427e-04  5.121032e+04
3.126079e-04  4.870682e+04
3.388442e-04  4.557512e+04
3.715352e-04  4.191938e+04
4.120975e-04  3.788277e+04
4.518559e-04  3.438179e+04
5.011872e-04  3.057419e+04
5.688529e-04  2.626744e+04
6.382635e-04  2.273065e+04
7.328245e-04  1.894209e+04
8.511380e-04  1.543106e+04
1.011579e-03  1.206623e+04
1.188502e-03  9.523895e+03
1.428894e-03  7.214011e+03
1.737801e-03  5.326911e+03
2.089296e-03  3.975747e+03
2.540973e-03  2.890676e+03
3.054921e-03  2.125162e+03
3.672823e-03  1.550700e+03
4.415704e-03  1.123047e+03
5.308844e-03  8.075422e+02
6.382635e-03  5.764891e+02
7.762471e-03  3.996759e+02
9.440609e-03  2.749330e+02
1.148154e-02  1.876906e+02
1.396368e-02  1.271350e+02
1.678804e-02  8.747043e+01
2.018366e-02  5.974013e+01
2.426610e-02  4.048805e+01
2.917427e-02  2.722749e+01
3.467369e-02  1.863184e+01
4.168694e-02  1.233649e+01
5.011872e-02  8.105169e+00
6.025596e-02  5.283629e+00
7.244360e-02  3.419257e+00
8.609938e-02  2.258434e+00
1.047129e-01  1.397356e+00
1.333521e-01  7.657107e-01
2.691535e-01  1.307490e-01
3.273407e-01  8.038834e-02
3.890451e-01  5.271152e-02
4.518559e-01  3.682709e-02
5.188000e-01  2.664090e-02
5.956621e-01  1.942467e-02
6.760830e-01  1.465084e-02
7.673615e-01  1.113196e-02
8.709636e-01  8.516893e-03
9.660509e-01  6.885276e-03
1.109175e+00  5.234548e-03
1.273503e+00  4.007827e-03
1.445440e+00  3.162070e-03
1.640590e+00  2.514191e-03
1.840772e+00  2.056126e-03
2.065380e+00  1.694171e-03
2.398833e+00  1.327463e-03
2.786121e+00  1.047953e-03
3.162278e+00  8.636596e-04
3.672823e+00  6.926078e-04
4.315191e+00  5.504664e-04
5.069907e+00  4.408474e-04
6.025596e+00  3.502496e-04
7.244360e+00  2.761958e-04
8.709636e+00  2.194267e-04
1.059254e+01  1.730384e-04
1.273503e+01  1.391837e-04
1.621810e+01  1.053461e-04
2.113489e+01  7.829119e-05
2.800000e+01  5.754400e-05
4.000000e+01  3.928200e-05
6.237348e+01  2.465381e-05
9.885531e+01  1.533861e-05
1.883649e+02  7.953268e-06
3.758374e+02  3.960001e-06
1.496236e+03  9.897896e-07
1.000000e+05  1.479000e-08
-1  -1
8.734000e-05  0.000000e+00
8.734000e-05  7.688380e+05
8.800000e-05  8.056560e+05
8.850000e-05  8.287360e+05
8.912509e-05  8.526826e+05
8.980000e-05  8.726020e+05
9.040000e-05  8.865220e+05
9.120108e-05  8.995773e+05
9.225714e-05  9.090787e+05
9.332543e-05  9.118252e+05
9.450000e-05  9.082340e+05
9.580000e-05  8.978680e+05
9.720000e-05  8.809600e+05
9.900000e-05  8.530600e+05
1.010000e-04  8.167280e+05
1.030000e-04  7.772140e+05
1.050000e-04  7.363200e+05
1.080000e-04  6.750480e+05
1.110000e-04  6.161920e+05
1.150000e-04  5.440220e+05
1.220000e-04  4.378680e+05
1.364583e-04  2.887121e+05
1.462177e-04  2.246304e+05
1.548817e-04  1.832431e+05
1.650000e-04  1.474944e+05
1.737801e-04  1.242639e+05
1.820000e-04  1.073074e+05
1.905461e-04  9.338763e+04
1.995262e-04  8.184786e+04
2.080000e-04  7.315680e+04
2.162719e-04  6.624497e+04
2.264644e-04  5.935659e+04
2.371374e-04  5.360140e+04
2.483133e-04  4.877033e+04
2.600160e-04  4.469771e+04
2.730000e-04  4.106760e+04
2.851018e-04  3.832368e+04
3.000000e-04  3.558960e+04
3.162278e-04  3.320778e+04
3.350000e-04  3.100440e+04
3.600000e-04  2.868880e+04
3.935501e-04  2.627339e+04
4.466836e-04  2.339075e+04
5.888437e-04  1.829611e+04
6.760830e-04  1.607418e+04
7.762471e-04  1.401905e+04
8.810489e-04  1.227762e+04
1.000000e-03  1.067570e+04
1.122018e-03  9.345729e+03
1.273503e-03  8.017926e+03
1.445440e-03  6.831379e+03
1.650000e-03  5.735760e+03
1.862087e-03  4.855991e+03
2.089296e-03  4.119754e+03
2.371374e-03  3.414457e+03
2.691535e-03  2.808809e+03
3.054921e-03  2.293629e+03
3.467369e-03  1.858888e+03
3.935501e-03  1.495428e+03
4.466836e-03  1.194308e+03
5.069907e-03  9.469146e+02
5.754399e-03  7.453518e+02
6.531306e-03  5.825640e+02
7.413102e-03  4.521204e+02
8.413951e-03  3.484025e+02
9.660509e-03  2.601339e+02
1.096478e-02  1.976079e+02
1.244515e-02  1.490928e+02
1.428894e-02  1.088042e+02
1.621810e-02  8.094110e+01
1.862087e-02  5.817671e+01
2.137962e-02  4.149584e+01
2.454709e-02  2.937857e+01
2.818383e-02  2.065286e+01
3.273407e-02  1.399045e+01
3.801894e-02  9.406311e+00
4.623810e-02  5.544467e+00
5.248075e-02  3.918823e+00
6.237348e-02  2.420937e+00
7.585776e-02  1.391287e+00
9.660509e-02  6.958092e-01
1.798871e-01  1.152223e-01
2.264644e-01  5.959443e-02
2.691535e-01  3.659137e-02
3.162278e-01  2.338072e-02
3.630781e-01  1.603746e-02
4.120975e-01  1.142727e-02
4.677351e-01  8.201289e-03
5.248075e-01  6.107697e-03
5.888437e-01  4.580849e-03
6.531306e-01  3.560022e-03
7.244360e-01  2.784866e-03
8.317638e-01  2.025795e-03
9.120108e-01  1.648576e-03
9.885531e-01  1.386838e-03
1.071519e+00  1.175701e-03
1.174898e+00  9.803730e-04
1.303167e+00  8.051931e-04
1.462177e+00  6.519442e-04
1.698244e+00  4.987220e-04
1.905461e+00  4.086102e-04
2.162719e+00  3.309657e-04
2.511886e+00  2.599073e-04
2.917427e+00  2.056933e-04
3.349654e+00  1.670568e-04
3.890451e+00  1.343513e-04
4.570882e+00  1.070769e-04
5.370318e+00  8.598030e-05
6.382635e+00  6.847987e-05
7.673615e+00  5.412706e-05
9.440609e+00  4.189934e-05
1.200000e+01  3.143800e-05
1.600000e+01  2.254600e-05
2.089296e+01  1.671260e-05
2.754229e+01  1.234653e-05
3.845918e+01  8.630998e-06
5.888437e+01  5.516703e-06
9.225714e+01  3.469724e-06
1.778279e+02  1.776870e-06
3.548134e+02  8.843609e-07
1.412538e+03  2.209926e-07
1.000000e+05  3.117100e-09
-1  -1
6.830000e-05  0.000000e+00
6.830000e-05  1.948332e+06
6.890000e-05  1.974540e+06
6.950000e-05  1.989248e+06
7.030000e-05  1.994556e+06
7.110000e-05  1.986824e+06
7.190000e-05  1.969656e+06
7.300000e-05  1.933976e+06
7.413102e-05  1.887367e+06
7.500000e-05  1.846756e+06
7.668800e-05  1.760386e+06
7.852356e-05  1.660816e+06
8.080000e-05  1.536308e+06
8.317638e-05  1.410563e+06
8.650000e-05  1.247916e+06
1.000000e-04  7.756640e+05
1.059254e-04  6.464927e+05
1.109175e-04  5.625495e+05
1.161449e-04  4.928529e+05
1.216186e-04  4.349220e+05
1.273503e-04  3.866886e+05
1.333521e-04  3.464801e+05
1.380384e-04  3.207741e+05
1.442400e-04  2.927514e+05
1.500000e-04  2.715608e+05
1.566751e-04  2.515011e+05
1.640590e-04  2.336031e+05
1.720000e-04  2.180996e+05
1.820000e-04  2.025380e+05
1.927525e-04  1.892106e+05
2.089296e-04  1.733879e+05
2.344229e-04  1.545172e+05
3.273407e-04  1.124789e+05
3.758374e-04  9.796771e+04
4.265795e-04  8.571407e+04
4.841724e-04  7.443005e+04
5.559043e-04  6.330070e+04
6.309573e-04  5.416493e+04
7.244360e-04  4.532359e+04
8.317638e-04  3.765088e+04
9.660509e-04  3.053452e+04
1.109175e-03  2.499001e+04
1.288250e-03  1.995932e+04
1.479108e-03  1.610524e+04
1.698244e-03  1.291113e+04
1.972423e-03  1.008110e+04
2.264644e-03  7.960441e+03
2.600160e-03  6.240575e+03
2.985383e-03  4.855266e+03
3.427678e-03  3.746892e+03
3.890451e-03  2.934013e+03
4.415704e-03  2.281920e+03
5.069907e-03  1.721376e+03
5.754399e-03  1.320129e+03
6.531306e-03  1.005356e+03
7.498942e-03  7.410877e+02
8.511380e-03  5.564135e+02
9.772372e-03  4.039218e+02
1.109175e-02  2.990061e+02
1.258925e-02  2.198182e+02
1.428894e-02  1.605030e+02
1.640590e-02  1.130161e+02
1.883649e-02  7.894810e+01
2.162719e-02  5.472724e+01
2.483133e-02  3.764847e+01
2.851018e-02  2.570209e+01
3.235937e-02  1.798862e+01
3.758374e-02  1.170685e+01
4.415704e-02  7.310764e+00
5.188000e-02  4.530266e+00
6.095369e-02  2.787079e+00
7.328245e-02  1.585977e+00
9.120108e-02  8.051443e-01
1.135011e-01  4.058464e-01
1.717908e-01  1.103565e-01
2.137962e-01  5.588205e-02
2.511886e-01  3.407038e-02
2.884032e-01  2.244125e-02
3.273407e-01  1.540597e-02
3.715352e-01  1.065462e-02
4.168694e-01  7.675970e-03
4.677351e-01  5.573085e-03
5.188000e-01  4.207612e-03
5.754399e-01  3.199422e-03
6.382635e-01  2.451270e-03
7.079458e-01  1.892638e-03
7.852356e-01  1.472526e-03
8.709636e-01  1.150040e-03
9.332543e-01  9.816998e-04
9.885531e-01  8.654833e-04
1.071519e+00  7.322353e-04
1.161449e+00  6.236651e-04
1.273503e+00  5.229459e-04
1.412538e+00  4.324583e-04
1.717908e+00  3.049497e-04
1.927525e+00  2.499787e-04
2.213095e+00  1.988298e-04
2.570396e+00  1.563237e-04
2.951209e+00  1.260709e-04
3.388442e+00  1.024548e-04
3.935501e+00  8.244180e-05
4.623810e+00  6.574053e-05
5.432503e+00  5.281456e-05
6.456542e+00  4.208526e-05
7.762471e+00  3.327967e-05
9.549926e+00  2.577284e-05
1.216186e+01  1.930587e-05
1.603245e+01  1.403262e-05
2.089296e+01  1.042505e-05
2.754229e+01  7.701745e-06
3.890451e+01  5.318715e-06
6.025596e+01  3.359780e-06
9.440609e+01  2.113961e-06
1.798871e+02  1.095555e-06
3.589219e+02  5.453149e-07
1.428894e+03  1.362740e-07
1.000000e+05  1.944400e-09
-1  -1
1.598000e-05  0.000000e+00
1.598000e-05  4.048520e+06
1.635000e-05  4.025720e+06
1.670000e-05  4.032080e+06
1.710000e-05  4.068600e+06
1.750000e-05  4.133440e+06
1.798871e-05  4.247191e+06
1.850000e-05  4.402800e+06
1.905461e-05  4.611028e+06
1.972423e-05  4.910094e+06
2.041738e-05  5.269307e+06
2.113489e-05  5.689096e+06
2.213400e-05  6.348275e+06
2.371374e-05  7.546394e+06
2.660725e-05  1.012243e+07
2.818383e-05  1.164572e+07
2.917427e-05  1.260709e+07
3.019952e-05  1.357943e+07
3.126079e-05  1.453363e+07
3.230000e-05  1.538852e+07
3.330000e-05  1.611244e+07
3.427678e-05  1.670346e+07
3.507519e-05  1.708867e+07
3.589219e-05  1.738613e+07
3.672823e-05  1.758718e+07
3.770000e-05  1.769064e+07
3.850000e-05  1.767416e+07
3.950000e-05  1.753216e+07
4.030000e-05  1.732948e+07
4.120975e-05  1.701412e+07
4.229500e-05  1.653889e+07
4.350000e-05  1.591444e+07
4.466836e-05  1.524255e+07
4.610000e-05  1.436884e+07
4.731513e-05  1.360952e+07
4.900000e-05  1.256108e+07
5.080000e-05  1.148192e+07
5.300000e-05  1.025048e+07
5.559043e-05  8.948043e+06
5.821032e-05  7.797555e+06
6.150000e-05  6.569560e+06
6.500000e-05  5.487960e+06
6.839116e-05  4.622914e+06
7.244360e-05  3.780060e+06
7.650000e-05  3.100976e+06
8.035261e-05  2.576743e+06
8.500000e-05  2.069168e+06
9.000000e-05  1.642280e+06
9.500000e-05  1.310200e+06
1.011579e-04  9.998089e+05
1.071519e-04  7.750837e+05
1.148154e-04  5.665619e+05
1.230269e-04  4.111790e+05
1.333521e-04  2.806779e+05
1.548817e-04  1.370806e+05
1.621810e-04  1.105857e+05
1.678804e-04  9.462725e+04
1.737801e-04  8.150507e+04
1.780000e-04  7.385000e+04
1.820000e-04  6.770720e+04
1.865000e-04  6.189600e+04
1.905461e-04  5.751715e+04
1.950000e-04  5.348280e+04
1.995262e-04  5.010055e+04
2.041738e-04  4.726387e+04
2.089296e-04  4.492241e+04
2.137962e-04  4.301829e+04
2.190000e-04  4.143800e+04
2.240000e-04  4.028720e+04
2.290868e-04  3.942091e+04
2.350000e-04  3.873124e+04
2.400000e-04  3.836476e+04
2.454709e-04  3.814527e+04
2.540000e-04  3.809160e+04
2.630268e-04  3.831111e+04
2.754229e-04  3.889966e+04
3.235937e-04  4.178536e+04
3.467369e-04  4.280751e+04
3.715352e-04  4.349196e+04
3.935501e-04  4.375958e+04
4.168694e-04  4.375082e+04
4.415704e-04  4.343483e+04
4.677351e-04  4.284206e+04
5.011872e-04  4.179852e+04
5.308844e-04  4.069116e+04
5.688529e-04  3.910956e+04
6.095369e-04  3.729757e+04
6.531306e-04  3.530517e+04
7.000000e-04  3.318340e+04
7.498942e-04  3.100702e+04
8.128305e-04  2.842116e+04
8.810489e-04  2.584842e+04
9.549926e-04  2.334467e+04
1.035142e-03  2.094133e+04
1.122018e-03  1.866102e+04
1.224700e-03  1.634438e+04
1.333521e-03  1.426762e+04
1.462177e-03  1.222442e+04
1.603245e-03  1.039767e+04
1.757924e-03  8.779516e+03
1.927525e-03  7.359519e+03
2.113489e-03  6.125479e+03
2.317395e-03  5.062939e+03
2.540973e-03  4.156178e+03
2.786121e-03  3.389016e+03
3.054921e-03  2.745373e+03
3.388442e-03  2.149618e+03
3.758374e-03  1.669813e+03
4.168694e-03  1.287024e+03
4.623810e-03  9.845039e+02
5.128614e-03  7.477084e+02
5.688529e-03  5.639620e+02
6.309573e-03  4.223883e+02
7.000000e-03  3.139968e+02
7.852356e-03  2.244743e+02
8.709636e-03  1.648339e+02
9.772372e-03  1.160176e+02
1.096478e-02  8.106959e+01
1.230269e-02  5.624894e+01
1.380384e-02  3.875504e+01
1.548817e-02  2.651799e+01
1.757924e-02  1.733442e+01
2.000000e-02  1.115570e+01
2.290868e-02  6.960530e+00
2.630268e-02  4.274757e+00
3.054921e-02  2.500868e+00
3.548134e-02  1.451973e+00
4.216965e-02  7.691949e-01
5.069907e-02  3.875332e-01
6.382635e-02  1.629505e-01
1.188502e-01  1.547156e-02
1.479108e-01  6.801495e-03
1.757924e-01  3.576800e-03
2.018366e-01  2.152612e-03
2.317395e-01  1.305796e-03
2.630268e-01  8.317400e-04
2.985383e-01  5.337514e-04
3.349654e-01  3.589911e-04
3.758374e-01  2.432604e-04
4.168694e-01  1.725956e-04
4.623810e-01  1.233446e-04
5.128614e-01  8.880697e-05
5.623413e-01  6.675631e-05
6.095369e-01  5.232088e-05
6.683439e-01  3.993601e-05
7.328245e-01  3.071329e-05
8.035261e-01  2.377408e-05
8.609938e-01  1.957574e-05
9.120108e-01  1.675555e-05
9.549926e-01  1.487814e-05
1.000000e+00  1.329200e-05
1.047129e+00  1.195896e-05
1.096478e+00  1.083289e-05
1.161449e+00  9.650047e-06
1.230269e+00  8.656930e-06
1.333521e+00  7.485220e-06
1.479108e+00  6.260277e-06
1.862087e+00  4.174664e-06
2.044000e+00  3.566200e-06
2.371374e+00  2.797605e-06
2.754229e+00  2.207345e-06
3.126079e+00  1.818170e-06
3.630781e+00  1.457261e-06
4.265795e+00  1.157549e-06
5.011872e+00  9.265306e-07
5.956621e+00  7.357432e-07
7.161434e+00  5.798996e-07
8.609938e+00  4.604980e-07
1.047129e+01  3.629994e-07
1.258925e+01  2.918605e-07
1.621810e+01  2.179697e-07
2.113489e+01  1.619940e-07
2.786121e+01  1.197123e-07
3.935501e+01  8.269138e-08
6.095369e+01  5.224756e-08
9.660509e+01  3.249453e-08
1.840772e+02  1.684441e-08
3.672823e+02  8.385689e-09
1.462177e+03  2.095762e-09
1.000000e+05  3.060200e-11
-1  -1
1.396000e-05  0.000000e+00
1.396000e-05  7.067760e+06
1.428894e-05  7.079555e+06
1.462177e-05  7.129283e+06
1.500000e-05  7.227720e+06
1.531087e-05  7.338800e+06
1.570000e-05  7.512840e+06
1.621810e-05  7.797969e+06
1.678804e-05  8.173983e+06
1.737801e-05  8.623214e+06
1.805600e-05  9.206446e+06
1.900000e-05  1.012242e+07
2.018366e-05  1.141740e+07
2.290868e-05  1.487522e+07
2.500000e-05  1.781568e+07
2.650000e-05  1.995738e+07
2.770000e-05  2.161632e+07
2.884032e-05  2.309050e+07
2.985383e-05  2.427352e+07
3.090295e-05  2.533338e+07
3.190000e-05  2.615358e+07
3.273407e-05  2.668118e+07
3.370000e-05  2.709798e+07
3.467369e-05  2.730152e+07
3.548134e-05  2.730789e+07
3.650000e-05  2.711730e+07
3.730000e-05  2.682474e+07
3.830000e-05  2.630250e+07
3.935501e-05  2.559051e+07
4.030000e-05  2.483898e+07
4.150000e-05  2.376918e+07
4.265795e-05  2.265884e+07
4.400000e-05  2.131884e+07
4.518559e-05  2.012400e+07
4.677351e-05  1.855205e+07
4.850000e-05  1.692072e+07
5.011872e-05  1.548825e+07
5.248075e-05  1.358507e+07
5.500000e-05  1.180410e+07
5.821032e-05  9.882965e+06
6.165950e-05  8.190003e+06
6.531306e-05  6.734626e+06
6.918310e-05  5.496413e+06
7.300000e-05  4.515666e+06
7.673615e-05  3.736572e+06
8.035261e-05  3.119566e+06
8.500000e-05  2.484732e+06
8.912509e-05  2.038269e+06
9.440609e-05  1.590494e+06
1.000000e-04  1.232244e+06
1.060000e-04  9.451620e+05
1.135011e-04  6.870483e+05
1.220000e-04  4.871010e+05
1.430000e-04  2.260986e+05
1.500000e-04  1.803690e+05
1.560000e-04  1.507944e+05
1.603245e-04  1.337473e+05
1.655900e-04  1.168545e+05
1.698244e-04  1.058177e+05
1.740000e-04  9.678480e+04
1.780000e-04  8.958900e+04
1.820000e-04  8.359740e+04
1.862087e-04  7.839058e+04
1.905461e-04  7.401440e+04
1.950000e-04  7.040160e+04
1.995262e-04  6.749865e+04
2.041738e-04  6.518941e+04
2.089296e-04  6.340519e+04
2.137962e-04  6.207082e+04
2.190000e-04  6.109260e+04
2.240000e-04  6.051060e+04
2.300000e-04  6.018420e+04
2.380000e-04  6.021600e+04
2.480000e-04  6.075720e+04
2.600160e-04  6.186014e+04
3.000000e-04  6.610380e+04
3.200000e-04  6.771060e+04
3.388442e-04  6.872049e+04
3.600000e-04  6.933480e+04
3.850000e-04  6.942360e+04
4.090000e-04  6.895260e+04
4.315191e-04  6.814692e+04
4.570882e-04  6.685944e+04
4.841724e-04  6.518947e+04
5.188000e-04  6.278372e+04
5.559043e-04  6.001663e+04
5.956621e-04  5.694615e+04
6.382635e-04  5.364092e+04
6.839116e-04  5.019100e+04
7.413102e-04  4.609038e+04
8.035261e-04  4.199171e+04
8.709636e-04  3.796756e+04
9.440609e-04  3.410267e+04
1.023293e-03  3.043680e+04
1.109175e-03  2.698797e+04
1.202264e-03  2.377998e+04
1.318257e-03  2.042524e+04
1.445440e-03  1.740983e+04
1.584893e-03  1.473396e+04
1.737801e-03  1.238121e+04
1.905461e-03  1.032995e+04
2.089296e-03  8.557941e+03
2.290868e-03  7.040833e+03
2.511886e-03  5.753296e+03
2.754229e-03  4.669798e+03
3.019952e-03  3.765446e+03
3.349654e-03  2.932690e+03
3.715352e-03  2.266019e+03
4.120975e-03  1.737431e+03
4.570882e-03  1.322181e+03
5.069907e-03  9.988023e+02
5.623413e-03  7.491202e+02
6.237348e-03  5.579068e+02
6.760830e-03  4.408597e+02
7.498942e-03  3.234462e+02
8.609938e-03  2.122796e+02
9.660509e-03  1.484230e+02
1.071519e-02  1.068564e+02
1.202264e-02  7.363785e+01
1.348963e-02  5.037845e+01
1.513561e-02  3.422139e+01
1.717908e-02  2.218485e+01
1.949845e-02  1.426931e+01
2.213095e-02  9.109308e+00
2.540973e-02  5.538457e+00
2.917427e-02  3.341667e+00
3.349654e-02  2.001632e+00
3.935501e-02  1.092069e+00
4.677351e-02  5.660126e-01
5.559043e-02  2.911706e-01
7.161434e-02  1.088368e-01
1.148154e-01  1.728549e-02
1.396368e-01  8.111687e-03
1.659587e-01  4.190676e-03
1.905461e-01  2.488582e-03
2.137962e-01  1.623179e-03
2.398833e-01  1.066502e-03
2.660725e-01  7.356559e-04
2.951209e-01  5.109056e-04
3.273407e-01  3.573523e-04
3.589219e-01  2.618107e-04
3.935501e-01  1.931147e-04
4.315191e-01  1.434965e-04
4.731513e-01  1.074335e-04
5.188000e-01  8.106038e-05
5.623413e-01  6.377360e-05
6.095369e-01  5.050578e-05
6.606935e-01  4.029030e-05
7.161434e-01  3.235301e-05
7.762471e-01  2.614384e-05
8.609938e-01  1.994503e-05
9.120108e-01  1.725841e-05
9.660509e-01  1.503889e-05
1.011579e+00  1.355317e-05
1.071519e+00  1.198310e-05
1.148154e+00  1.041804e-05
1.230269e+00  9.121833e-06
1.333521e+00  7.866161e-06
1.798871e+00  4.633804e-06
2.000000e+00  3.867200e-06
2.317395e+00  3.036816e-06
2.691535e+00  2.393187e-06
3.090295e+00  1.934860e-06
3.589219e+00  1.549816e-06
4.216965e+00  1.230369e-06
4.954502e+00  9.843320e-07
5.888437e+00  7.812389e-07
7.079458e+00  6.154723e-07
8.511380e+00  4.885218e-07
1.035142e+01  3.849182e-07
1.258925e+01  3.052569e-07
1.621810e+01  2.279746e-07
2.113489e+01  1.694299e-07
2.786121e+01  1.252024e-07
3.935501e+01  8.648622e-08
6.095369e+01  5.464493e-08
9.660509e+01  3.398543e-08
1.840772e+02  1.761752e-08
3.672823e+02  8.770584e-09
1.462177e+03  2.191989e-09
1.000000e+05  3.200600e-11
-1  -1
9.550000e-06  0.000000e+00
9.550000e-06  7.701020e+06
9.885531e-06  6.710241e+06
1.122018e-05  3.989338e+06
1.288250e-05  2.244899e+06
1.462177e-05  1.315160e+06
1.678804e-05  7.284350e+05
2.150000e-05  2.507240e+05
2.344229e-05  1.737928e+05
2.483133e-05  1.369998e+05
2.610000e-05  1.122030e+05
2.730000e-05  9.433120e+04
2.851018e-05  8.037548e+04
2.951209e-05  7.119842e+04
3.054921e-05  6.346567e+04
3.162278e-05  5.696860e+04
3.273407e-05  5.152859e+04
3.350000e-05  4.839860e+04
3.450000e-05  4.493700e+04
3.548134e-05  4.211287e+04
3.650000e-05  3.967340e+04
3.770000e-05  3.732240e+04
3.900000e-05  3.528560e+04
4.030000e-05  3.366680e+04
4.168694e-05  3.229966e+04
4.315191e-05  3.116849e+04
4.500000e-05  3.008560e+04
4.677351e-05  2.930983e+04
4.900000e-05  2.858820e+04
5.188000e-05  2.792507e+04
5.623413e-05  2.724218e+04
6.683439e-05  2.601152e+04
7.300000e-05  2.523360e+04
7.943282e-05  2.432608e+04
8.609938e-05  2.331200e+04
9.332543e-05  2.216716e+04
1.011579e-04  2.091488e+04
1.109175e-04  1.941308e+04
1.220000e-04  1.783230e+04
1.364583e-04  1.599728e+04
1.548817e-04  1.403457e+04
1.800000e-04  1.190862e+04
2.951209e-04  6.789178e+03
3.311311e-04  5.923135e+03
3.715352e-04  5.132234e+03
4.120975e-04  4.483450e+03
4.786301e-04  3.653676e+03
6.683439e-04  2.280723e+03
7.762471e-04  1.837066e+03
9.015711e-04  1.467665e+03
1.230269e-03  9.097342e+02
1.531087e-03  6.455621e+02
1.905461e-03  4.543551e+02
2.344229e-03  3.233548e+02
3.672823e-03  1.483496e+02
4.623810e-03  9.994785e+01
5.128614e-03  8.332596e+01
5.956621e-03  6.349771e+01
7.079458e-03  4.603338e+01
9.120108e-03  2.840696e+01
1.109175e-02  1.941448e+01
1.348963e-02  1.316584e+01
1.640590e-02  8.858657e+00
1.972423e-02  6.055900e+00
2.371374e-02  4.108167e+00
2.851018e-02  2.765181e+00
3.388442e-02  1.893971e+00
4.027170e-02  1.288081e+00
4.786301e-02  8.698394e-01
5.688529e-02  5.829910e-01
6.839116e-02  3.775624e-01
8.317638e-02  2.361241e-01
1.011580e-01  1.462385e-01
1.288250e-01  8.022210e-02
1.862087e-01  3.179895e-02
2.660725e-01  1.294135e-02
3.273407e-01  7.730894e-03
3.890451e-01  5.069434e-03
4.518559e-01  3.543277e-03
5.188000e-01  2.564134e-03
5.888437e-01  1.919176e-03
6.683439e-01  1.447099e-03
7.585776e-01  1.099301e-03
8.609938e-01  8.412592e-04
9.660509e-01  6.645047e-04
1.122018e+00  4.940676e-04
1.273503e+00  3.868102e-04
1.445440e+00  3.052146e-04
1.640590e+00  2.426899e-04
1.840772e+00  1.984702e-04
2.065380e+00  1.635292e-04
2.398833e+00  1.281335e-04
2.786121e+00  1.011556e-04
3.162278e+00  8.336708e-05
3.672823e+00  6.685546e-05
4.315191e+00  5.313488e-05
5.069907e+00  4.255386e-05
6.025596e+00  3.380877e-05
7.244360e+00  2.666026e-05
8.709636e+00  2.118051e-05
1.047129e+01  1.693432e-05
1.258925e+01  1.361577e-05
1.621810e+01  1.016829e-05
2.113489e+01  7.557207e-06
2.800000e+01  5.554600e-06
3.981072e+01  3.810904e-06
6.165950e+01  2.408368e-06
9.885531e+01  1.480640e-06
1.862087e+02  7.767081e-07
3.715352e+02  3.866976e-07
1.479108e+03  9.665011e-08
1.000000e+05  1.427600e-09
-1  -1
-2  0.0
-2  -2
