1.261900e-02  0.000000e+00
1.261900e-02  1.794400e+04
1.276000e-02  1.753258e+04
1.305000e-02  1.651776e+04
1.335000e-02  1.562848e+04
1.412538e-02  1.350844e+04
1.531087e-02  1.101510e+04
1.698244e-02  8.389426e+03
1.950000e-02  5.819640e+03
2.454709e-02  3.115731e+03
3.054921e-02  1.696990e+03
3.801894e-02  9.132415e+02
4.677351e-02  5.028258e+02
5.754399e-02  2.745983e+02
7.161434e-02  1.439219e+02
9.440609e-02  6.310248e+01
1.757924e-01  9.744672e+00
2.264644e-01  4.591218e+00
2.660725e-01  2.864304e+00
3.054921e-01  1.924570e+00
3.467369e-01  1.345614e+00
3.890451e-01  9.785290e-01
4.315191e-01  7.393809e-01
4.786301e-01  5.624013e-01
5.308844e-01  4.308348e-01
5.888437e-01  3.325589e-01
6.456542e-01  2.660092e-01
7.085700e-01  2.138147e-01
7.762471e-01  1.740054e-01
8.609938e-01  1.387470e-01
9.549926e-01  1.113164e-01
1.047129e+00  9.229813e-02
1.161449e+00  7.515145e-02
1.273503e+00  6.309367e-02
1.428894e+00  5.104218e-02
1.584893e+00  4.244367e-02
1.778279e+00  3.483375e-02
2.000000e+00  2.869527e-02
2.264644e+00  2.355834e-02
2.600160e+00  1.906751e-02
2.985383e+00  1.555254e-02
3.427678e+00  1.277933e-02
4.000000e+00  1.034000e-02
4.731513e+00  8.279542e-03
5.688529e+00  6.542300e-03
6.839116e+00  5.209209e-03
8.413951e+00  4.062552e-03
1.059254e+01  3.107068e-03
1.348963e+01  2.362574e-03
1.778279e+01  1.740914e-03
2.511886e+01  1.199924e-03
3.273407e+01  9.068219e-04
4.954502e+01  5.884392e-04
8.511380e+01  3.375983e-04
1.698244e+02  1.674650e-04
3.388442e+02  8.351997e-05
1.348963e+03  2.089921e-05
1.000000e+05  2.815200e-07
-1  -1
1.641500e-03  0.000000e+00
1.641500e-03  7.842757e+04
1.760000e-03  7.276940e+04
1.905461e-03  6.437543e+04
2.317395e-03  4.669322e+04
2.722701e-03  3.544530e+04
2.985383e-03  3.001113e+04
3.500000e-03  2.234800e+04
3.900000e-03  1.813106e+04
4.466836e-03  1.385961e+04
5.069907e-03  1.069515e+04
5.754399e-03  8.202533e+03
6.683439e-03  5.940423e+03
7.673615e-03  4.374878e+03
8.709636e-03  3.284481e+03
1.011579e-02  2.322366e+03
1.174898e-02  1.628653e+03
1.364583e-02  1.133282e+03
1.603245e-02  7.604297e+02
1.883649e-02  5.059573e+02
2.213095e-02  3.339359e+02
2.600160e-02  2.186889e+02
3.090295e-02  1.378034e+02
3.672823e-02  8.611822e+01
4.365158e-02  5.341091e+01
5.248075e-02  3.183758e+01
6.382635e-02  1.822645e+01
7.852356e-02  1.001855e+01
1.000000e-01  4.942580e+00
1.905461e-01  7.377438e-01
2.398833e-01  3.761787e-01
2.818383e-01  2.364532e-01
3.235937e-01  1.599265e-01
3.672823e-01  1.125158e-01
4.120975e-01  8.228243e-02
4.623810e-01  6.061887e-02
5.128614e-01  4.637535e-02
5.688529e-01  3.574136e-02
6.309573e-01  2.776156e-02
6.839117e-01  2.294950e-02
7.498942e-01  1.859061e-02
8.317638e-01  1.477817e-02
9.332543e-01  1.154255e-02
1.011579e+00  9.776295e-03
1.148154e+00  7.595085e-03
1.250000e+00  6.456302e-03
1.412538e+00  5.150165e-03
1.566751e+00  4.279587e-03
1.757924e+00  3.509742e-03
1.972423e+00  2.900051e-03
2.238721e+00  2.369952e-03
2.540973e+00  1.950518e-03
2.917427e+00  1.589068e-03
3.349654e+00  1.304163e-03
3.890451e+00  1.060778e-03
4.570882e+00  8.558386e-04
5.495409e+00  6.752569e-04
6.606934e+00  5.369299e-04
8.128305e+00  4.182188e-04
1.011579e+01  3.237444e-04
1.288250e+01  2.458235e-04
1.698244e+01  1.809178e-04
2.426610e+01  1.229909e-04
3.311311e+01  8.852688e-05
5.011872e+01  5.745787e-05
8.609938e+01  3.296975e-05
1.717908e+02  1.635667e-05
3.427678e+02  8.157970e-06
2.722701e+03  1.022141e-06
1.000000e+05  2.781800e-08
-1  -1
1.481200e-03  0.000000e+00
1.481200e-03  7.740200e+04
1.481410e-03  7.991800e+04
1.481600e-03  8.508700e+04
1.481850e-03  9.187300e+04
1.481920e-03  9.187300e+04
1.482000e-03  9.593100e+04
1.482150e-03  9.995900e+04
1.482220e-03  9.995900e+04
1.482300e-03  1.039700e+05
1.482600e-03  1.118500e+05
1.482850e-03  1.183000e+05
1.482920e-03  1.183000e+05
1.483000e-03  1.220600e+05
1.483300e-03  1.293200e+05
1.483550e-03  1.351700e+05
1.483850e-03  1.418500e+05
1.484150e-03  1.481100e+05
1.484500e-03  1.549000e+05
1.484850e-03  1.611100e+05
1.485000e-03  1.636000e+05
1.485100e-03  1.637610e+05
1.485200e-03  1.646899e+05
1.485350e-03  1.656243e+05
1.485500e-03  1.675076e+05
1.485650e-03  1.679119e+05
1.485900e-03  1.704030e+05
1.486200e-03  1.729313e+05
1.486400e-03  1.742606e+05
1.488300e-03  1.798934e+05
1.491000e-03  1.850285e+05
1.495000e-03  1.898528e+05
1.499000e-03  1.931318e+05
1.503500e-03  1.947216e+05
1.519000e-03  1.947216e+05
1.523000e-03  1.943159e+05
1.543000e-03  1.893304e+05
1.545000e-03  1.893500e+05
1.555000e-03  1.871400e+05
1.590000e-03  1.780200e+05
1.621810e-03  1.709000e+05
1.650000e-03  1.638300e+05
2.137962e-03  8.386800e+04
2.371374e-03  6.373300e+04
2.540973e-03  5.286100e+04
3.054921e-03  3.171600e+04
3.427678e-03  2.283600e+04
3.900000e-03  1.572100e+04
4.570882e-03  9.830200e+03
5.188000e-03  6.715000e+03
6.095369e-03  4.099500e+03
7.161434e-03  2.479300e+03
8.317638e-03  1.542200e+03
9.660509e-03  9.524100e+02
1.135011e-02  5.625000e+02
1.333521e-02  3.297400e+02
1.584893e-02  1.846300e+02
1.883649e-02  1.026100e+02
2.264644e-02  5.441700e+01
2.754229e-02  2.752100e+01
3.467369e-02  1.223100e+01
4.518559e-02  4.768800e+00
9.772372e-02  3.012200e-01
1.216186e-01  1.386200e-01
1.445440e-01  7.561000e-02
1.698244e-01  4.324400e-02
1.972423e-01  2.592552e-02
2.264644e-01  1.629001e-02
2.570396e-01  1.071957e-02
2.884032e-01  7.377676e-03
3.235937e-01  5.113672e-03
3.589219e-01  3.699493e-03
3.981072e-01  2.695025e-03
4.415705e-01  1.978333e-03
4.841724e-01  1.514169e-03
5.308844e-01  1.166380e-03
5.888437e-01  8.762418e-04
6.456542e-01  6.842568e-04
7.085700e-01  5.367495e-04
7.762471e-01  4.261285e-04
8.609938e-01  3.304029e-04
9.440609e-01  2.645430e-04
1.000000e+00  2.318798e-04
1.071519e+00  1.999597e-04
1.135011e+00  1.778239e-04
1.202264e+00  1.590378e-04
1.318257e+00  1.342900e-04
1.462177e+00  1.119230e-04
1.737801e+00  8.301150e-05
1.949845e+00  6.848433e-05
2.213095e+00  5.592289e-05
2.511886e+00  4.599685e-05
2.884032e+00  3.744920e-05
3.311311e+00  3.071727e-05
3.845918e+00  2.497094e-05
4.518559e+00  2.013498e-05
5.370318e+00  1.611175e-05
6.456542e+00  1.279929e-05
7.943282e+00  9.961036e-06
9.885531e+00  7.704907e-06
1.258925e+01  5.846224e-06
1.640590e+01  4.354837e-06
2.200000e+01  3.167200e-06
2.951209e+01  2.315413e-06
4.677351e+01  1.430262e-06
8.035261e+01  8.198306e-07
1.603245e+02  4.064795e-07
3.198895e+02  2.026588e-07
1.273503e+03  5.069788e-08
1.000000e+05  6.446600e-10
-1  -1
1.438600e-03  0.000000e+00
1.438600e-03  3.421344e+05
1.440500e-03  3.517019e+05
1.443350e-03  3.634352e+05
1.446300e-03  3.729967e+05
1.450000e-03  3.816374e+05
1.453000e-03  3.869692e+05
1.458000e-03  3.928371e+05
1.466000e-03  3.974154e+05
1.474000e-03  3.983819e+05
1.493000e-03  3.957539e+05
1.504000e-03  3.921048e+05
1.516800e-03  3.853256e+05
1.548817e-03  3.673077e+05
1.580000e-03  3.520416e+05
1.610000e-03  3.357884e+05
2.070000e-03  1.740184e+05
2.300000e-03  1.313448e+05
2.483133e-03  1.064577e+05
2.951209e-03  6.566182e+04
3.273407e-03  4.876268e+04
3.801894e-03  3.151317e+04
4.365158e-03  2.086844e+04
4.954502e-03  1.422039e+04
5.754399e-03  8.965956e+03
6.760830e-03  5.405819e+03
7.852356e-03  3.351511e+03
9.015711e-03  2.141242e+03
1.035142e-02  1.359752e+03
1.202264e-02  8.257809e+02
1.412538e-02  4.790726e+02
1.659587e-02  2.759000e+02
1.950000e-02  1.577664e+02
2.344229e-02  8.266963e+01
2.818383e-02  4.296474e+01
3.467369e-02  2.040214e+01
4.365158e-02  8.840626e+00
5.754399e-02  3.212229e+00
1.035142e-01  3.700060e-01
1.303167e-01  1.597803e-01
1.531088e-01  8.930261e-02
1.778279e-01  5.241331e-02
2.041738e-01  3.229694e-02
2.290868e-01  2.171296e-02
2.570396e-01  1.470448e-02
2.851018e-01  1.042846e-02
3.162278e-01  7.451827e-03
3.467369e-01  5.564015e-03
3.801894e-01  4.181595e-03
4.168694e-01  3.164716e-03
4.570882e-01  2.413099e-03
4.954502e-01  1.916121e-03
5.370318e-01  1.531107e-03
5.821032e-01  1.231414e-03
6.309573e-01  9.972778e-04
6.839117e-01  8.131524e-04
7.413102e-01  6.673283e-04
8.035261e-01  5.510767e-04
8.709636e-01  4.579927e-04
9.549926e-01  3.734098e-04
1.011579e+00  3.305488e-04
1.109175e+00  2.741915e-04
1.202264e+00  2.342862e-04
1.333521e+00  1.931062e-04
1.496236e+00  1.570624e-04
1.698244e+00  1.259583e-04
1.905461e+00  1.038216e-04
2.137962e+00  8.621679e-05
2.426610e+00  7.078024e-05
2.786121e+00  5.751595e-05
3.198895e+00  4.709130e-05
3.715352e+00  3.821531e-05
4.365158e+00  3.076437e-05
5.188000e+00  2.458100e-05
6.237348e+00  1.949944e-05
7.585776e+00  1.536570e-05
9.440609e+00  1.186620e-05
1.202264e+01  8.990497e-06
1.584893e+01  6.604079e-06
2.041738e+01  5.011290e-06
2.754229e+01  3.636278e-06
4.466836e+01  2.190307e-06
7.498942e+01  1.284485e-06
1.496236e+02  6.364067e-07
2.985383e+02  3.171634e-07
1.188502e+03  7.931791e-08
1.000000e+05  9.411700e-10
-1  -1
2.261000e-04  0.000000e+00
2.261000e-04  1.955794e+05
2.276000e-04  1.981392e+05
2.300000e-04  2.008340e+05
2.350000e-04  2.046880e+05
2.400000e-04  2.076700e+05
2.454709e-04  2.098095e+05
2.500000e-04  2.104680e+05
2.550000e-04  2.099920e+05
2.600160e-04  2.084356e+05
2.680000e-04  2.044140e+05
3.054921e-04  1.822417e+05
3.350000e-04  1.685500e+05
3.550000e-04  1.594754e+05
3.801894e-04  1.481678e+05
4.415704e-04  1.246652e+05
4.786301e-04  1.129656e+05
5.248075e-04  1.001601e+05
6.025596e-04  8.295000e+04
6.700000e-04  7.125700e+04
7.800000e-04  5.675040e+04
8.810489e-04  4.694004e+04
1.023293e-03  3.686649e+04
1.174898e-03  2.926756e+04
1.350000e-03  2.305080e+04
1.584893e-03  1.734892e+04
1.840772e-03  1.320636e+04
2.137962e-03  9.979600e+03
2.483133e-03  7.488008e+03
2.900000e-03  5.518080e+03
3.388442e-03  4.033156e+03
4.000000e-03  2.864880e+03
4.731513e-03  2.009847e+03
5.559043e-03  1.419567e+03
6.531306e-03  9.950144e+02
7.673615e-03  6.920468e+02
8.912509e-03  4.905206e+02
1.035142e-02  3.452174e+02
1.202264e-02  2.412678e+02
1.412538e-02  1.627756e+02
1.659587e-02  1.089510e+02
1.949845e-02  7.236066e+01
2.290868e-02  4.769850e+01
2.691535e-02  3.121443e+01
3.162278e-02  2.028169e+01
3.758374e-02  1.267988e+01
4.466836e-02  7.869357e+00
5.308844e-02  4.849201e+00
6.456542e-02  2.778591e+00
8.035261e-02  1.479266e+00
1.011580e-01  7.562630e-01
1.883649e-01  1.210171e-01
2.371374e-01  6.175363e-02
2.786121e-01  3.882409e-02
3.235937e-01  2.541656e-02
3.672823e-01  1.788451e-02
4.120975e-01  1.308224e-02
4.623810e-01  9.641423e-03
5.128614e-01  7.377985e-03
5.688529e-01  5.687649e-03
6.237348e-01  4.542933e-03
6.839117e-01  3.652319e-03
7.498942e-01  2.955501e-03
8.317638e-01  2.346900e-03
9.120108e-01  1.925547e-03
9.885531e-01  1.629984e-03
1.135011e+00  1.238241e-03
1.258925e+00  1.014459e-03
1.396368e+00  8.369696e-04
1.566751e+00  6.811216e-04
1.757924e+00  5.585746e-04
1.972423e+00  4.615776e-04
2.238721e+00  3.772430e-04
2.540973e+00  3.104797e-04
2.917427e+00  2.529316e-04
3.349654e+00  2.075795e-04
3.890451e+00  1.688399e-04
4.570882e+00  1.362223e-04
5.495409e+00  1.074785e-04
6.606934e+00  8.545945e-05
8.128305e+00  6.656530e-05
1.011579e+01  5.152893e-05
1.288250e+01  3.912686e-05
1.678804e+01  2.916221e-05
2.400000e+01  1.980600e-05
3.273407e+01  1.426203e-05
4.954502e+01  9.254923e-06
8.511380e+01  5.309591e-06
1.698244e+02  2.633849e-06
3.388442e+02  1.313633e-06
1.348963e+03  3.286939e-07
1.000000e+05  4.427700e-09
-1  -1
1.697700e-04  0.000000e+00
1.697700e-04  1.050074e+05
1.715000e-04  1.177666e+05
1.722000e-04  1.228350e+05
1.730000e-04  1.282578e+05
1.737801e-04  1.330507e+05
1.745000e-04  1.369494e+05
1.755000e-04  1.415582e+05
1.765000e-04  1.453388e+05
1.778279e-04  1.493061e+05
1.795000e-04  1.530150e+05
1.810000e-04  1.555196e+05
1.840772e-04  1.593398e+05
1.972423e-04  1.720691e+05
2.162719e-04  1.925045e+05
2.238721e-04  1.995673e+05
2.317395e-04  2.054089e+05
2.400000e-04  2.099480e+05
2.500000e-04  2.136360e+05
2.620000e-04  2.161840e+05
2.754229e-04  2.174103e+05
2.900000e-04  2.171920e+05
3.019952e-04  2.158388e+05
3.162278e-04  2.128789e+05
3.311311e-04  2.085309e+05
3.507519e-04  2.016241e+05
3.715352e-04  1.936484e+05
3.981072e-04  1.831393e+05
4.216965e-04  1.737424e+05
4.500000e-04  1.625662e+05
4.786301e-04  1.516170e+05
5.188000e-04  1.373480e+05
5.650000e-04  1.227864e+05
6.095369e-04  1.103145e+05
6.606934e-04  9.772224e+04
7.244360e-04  8.446107e+04
7.852356e-04  7.386959e+04
8.609938e-04  6.288545e+04
9.549926e-04  5.205167e+04
1.047129e-03  4.366409e+04
1.161449e-03  3.555684e+04
1.273503e-03  2.942695e+04
1.412538e-03  2.361284e+04
1.570000e-03  1.872162e+04
1.737801e-03  1.487473e+04
1.927525e-03  1.168522e+04
2.162719e-03  8.867682e+03
2.454709e-03  6.486891e+03
2.786121e-03  4.703080e+03
3.162278e-03  3.380747e+03
3.589219e-03  2.410421e+03
4.073803e-03  1.705431e+03
4.623810e-03  1.197552e+03
5.248075e-03  8.347992e+02
6.000000e-03  5.657040e+02
6.839116e-03  3.838499e+02
7.762471e-03  2.619155e+02
8.912509e-03  1.713313e+02
1.023293e-02  1.112176e+02
1.174898e-02  7.168074e+01
1.364583e-02  4.420162e+01
1.584893e-02  2.705617e+01
1.862087e-02  1.582593e+01
2.213095e-02  8.837270e+00
2.630268e-02  4.897468e+00
3.162278e-02  2.589916e+00
3.890451e-02  1.254814e+00
5.011872e-02  5.131057e-01
9.772372e-02  4.780678e-02
1.230269e-01  2.120905e-02
1.479108e-01  1.114664e-02
1.737801e-01  6.393335e-03
2.018366e-01  3.844275e-03
2.317395e-01  2.422167e-03
2.630268e-01  1.597882e-03
2.951209e-01  1.102357e-03
3.311311e-01  7.661516e-04
3.672823e-01  5.559162e-04
4.073803e-01  4.060849e-04
4.518559e-01  2.987455e-04
5.011872e-01  2.214595e-04
5.495409e-01  1.708849e-04
6.025596e-01  1.327295e-04
6.606935e-01  1.038103e-04
7.244360e-01  8.175029e-05
8.317638e-01  5.773663e-05
8.912509e-01  4.873604e-05
9.440609e-01  4.256119e-05
1.000000e+00  3.741000e-05
1.071519e+00  3.231469e-05
1.148154e+00  2.811095e-05
1.216186e+00  2.518140e-05
1.348963e+00  2.084127e-05
1.584893e+00  1.569089e-05
1.798871e+00  1.262855e-05
2.000000e+00  1.060100e-05
2.264644e+00  8.703320e-06
2.600160e+00  7.044362e-06
2.985383e+00  5.745869e-06
3.427678e+00  4.721242e-06
4.000000e+00  3.820000e-06
4.731513e+00  3.058832e-06
5.688529e+00  2.417041e-06
6.839116e+00  1.924547e-06
8.413951e+00  1.500882e-06
1.047129e+01  1.163179e-06
1.333521e+01  8.841683e-07
1.757924e+01  6.513077e-07
2.511886e+01  4.433082e-07
3.273407e+01  3.350260e-07
4.954502e+01  2.173965e-07
8.413951e+01  1.261942e-07
1.678804e+02  6.259328e-08
3.349654e+02  3.121536e-08
1.333521e+03  7.810513e-09
1.000000e+05  1.040100e-10
-1  -1
1.637100e-04  0.000000e+00
1.637100e-04  3.491394e+05
2.000000e-04  4.191915e+05
2.113489e-04  4.430324e+05
2.190000e-04  4.561640e+05
2.264644e-04  4.658251e+05
2.350000e-04  4.732400e+05
2.454709e-04  4.781763e+05
2.580000e-04  4.800560e+05
2.730000e-04  4.785240e+05
2.884032e-04  4.735778e+05
3.019952e-04  4.663866e+05
3.162278e-04  4.563625e+05
3.311311e-04  4.438689e+05
3.507519e-04  4.257619e+05
3.758374e-04  4.020041e+05
4.027170e-04  3.769544e+05
4.280000e-04  3.538544e+05
4.570882e-04  3.281298e+05
4.954502e-04  2.967145e+05
5.400000e-04  2.644456e+05
5.821032e-04  2.376003e+05
6.309573e-04  2.102547e+05
6.918310e-04  1.814461e+05
7.585776e-04  1.554358e+05
8.222426e-04  1.348770e+05
9.120108e-04  1.114768e+05
1.000000e-03  9.347640e+04
1.110000e-03  7.591400e+04
1.216186e-03  6.289036e+04
1.350000e-03  5.033200e+04
1.500000e-03  3.990280e+04
1.659587e-03  3.171190e+04
1.862087e-03  2.421947e+04
2.089296e-03  1.834338e+04
2.317395e-03  1.418799e+04
2.570396e-03  1.090878e+04
2.884032e-03  8.088800e+03
3.235937e-03  5.956329e+03
3.630781e-03  4.356645e+03
4.073803e-03  3.166296e+03
4.570882e-03  2.286939e+03
5.188000e-03  1.587720e+03
5.888437e-03  1.094283e+03
6.683439e-03  7.488484e+02
7.673615e-03  4.912679e+02
8.709636e-03  3.314128e+02
1.000000e-02  2.141208e+02
1.148154e-02  1.372942e+02
1.318257e-02  8.739886e+01
1.531087e-02  5.317219e+01
1.778279e-02  3.210927e+01
2.089296e-02  1.850837e+01
2.454709e-02  1.059019e+01
2.917427e-02  5.778661e+00
3.507519e-02  3.004306e+00
4.265795e-02  1.487927e+00
5.495409e-02  5.940500e-01
6.606934e-02  3.030657e-01
1.011580e-01  6.364249e-02
1.258925e-01  2.874007e-02
1.513561e-01  1.482043e-02
1.757924e-01  8.706251e-03
2.018366e-01  5.368394e-03
2.290868e-01  3.471718e-03
2.570396e-01  2.353230e-03
2.851018e-01  1.669757e-03
3.162278e-01  1.193437e-03
3.467369e-01  8.913498e-04
3.801894e-01  6.702471e-04
4.168694e-01  5.077082e-04
4.570882e-01  3.875756e-04
5.000000e-01  3.002079e-04
5.432503e-01  2.387393e-04
5.888437e-01  1.923266e-04
6.382635e-01  1.559152e-04
6.918310e-01  1.272017e-04
7.498942e-01  1.044422e-04
8.317638e-01  8.175975e-05
9.015711e-01  6.806449e-05
9.660509e-01  5.856277e-05
1.035142e+00  5.073533e-05
1.135011e+00  4.218923e-05
1.250000e+00  3.503300e-05
1.380384e+00  2.917200e-05
1.584893e+00  2.283485e-05
1.778279e+00  1.874099e-05
2.000000e+00  1.543400e-05
2.264644e+00  1.266929e-05
2.570396e+00  1.043355e-05
2.951209e+00  8.505750e-06
3.388442e+00  6.984972e-06
3.935501e+00  5.684688e-06
4.623810e+00  4.588757e-06
5.495409e+00  3.675436e-06
6.606934e+00  2.922536e-06
8.128305e+00  2.276408e-06
1.011579e+01  1.762201e-06
1.288250e+01  1.338071e-06
1.678804e+01  9.972543e-07
2.400000e+01  6.773300e-07
3.273407e+01  4.877316e-07
4.954502e+01  3.164891e-07
8.511380e+01  1.815794e-07
1.698244e+02  9.007368e-08
3.388442e+02  4.492101e-08
1.348963e+03  1.124033e-08
1.000000e+05  1.514200e-10
-1  -1
6.491000e-05  0.000000e+00
6.491000e-05  3.581196e+05
6.606934e-05  3.572507e+05
6.700000e-05  3.584628e+05
6.770000e-05  3.606660e+05
6.850000e-05  3.650584e+05
6.920000e-05  3.704916e+05
7.000000e-05  3.787152e+05
7.079458e-05  3.892426e+05
7.161434e-05  4.027689e+05
7.244360e-05  4.193093e+05
7.330000e-05  4.395480e+05
7.413102e-05  4.623447e+05
7.500000e-05  4.896000e+05
7.620000e-05  5.330680e+05
7.762471e-05  5.933965e+05
8.230000e-05  8.507440e+05
8.413951e-05  9.704019e+05
8.570000e-05  1.076044e+06
8.730000e-05  1.185648e+06
8.850000e-05  1.267168e+06
9.000000e-05  1.366964e+06
9.150000e-05  1.463196e+06
9.300000e-05  1.554528e+06
9.450000e-05  1.640512e+06
9.580000e-05  1.710532e+06
9.772372e-05  1.806274e+06
9.980000e-05  1.899500e+06
1.020000e-04  1.987920e+06
1.047129e-04  2.084074e+06
1.080000e-04  2.184992e+06
1.110000e-04  2.265104e+06
1.150000e-04  2.357580e+06
1.190000e-04  2.436284e+06
1.240000e-04  2.517116e+06
1.291500e-04  2.580097e+06
1.333521e-04  2.615603e+06
1.380384e-04  2.639344e+06
1.430000e-04  2.646776e+06
1.480000e-04  2.636916e+06
1.540000e-04  2.605348e+06
1.603245e-04  2.554543e+06
1.678804e-04  2.478978e+06
1.760000e-04  2.387800e+06
1.862087e-04  2.265807e+06
1.972423e-04  2.130572e+06
2.089296e-04  1.988359e+06
2.190000e-04  1.867248e+06
2.306300e-04  1.730999e+06
2.426610e-04  1.596125e+06
2.580000e-04  1.436472e+06
2.754229e-04  1.274796e+06
2.951209e-04  1.116561e+06
3.162278e-04  9.716021e+05
3.388442e-04  8.396044e+05
3.630781e-04  7.205276e+05
3.935501e-04  5.982352e+05
4.315191e-04  4.802103e+05
4.700000e-04  3.887340e+05
5.069907e-04  3.202650e+05
5.559043e-04  2.511216e+05
6.095369e-04  1.956782e+05
6.700000e-04  1.503196e+05
7.413102e-04  1.124317e+05
8.128305e-04  8.581524e+04
9.015711e-04  6.286325e+04
1.023293e-03  4.255833e+04
1.150000e-03  2.944236e+04
1.303167e-03  1.966207e+04
1.462177e-03  1.344672e+04
1.621810e-03  9.492343e+03
1.798871e-03  6.659700e+03
2.000000e-03  4.607280e+03
2.264644e-03  2.967724e+03
2.570396e-03  1.881579e+03
2.917427e-03  1.184076e+03
3.311311e-03  7.395338e+02
3.758374e-03  4.585675e+02
4.315191e-03  2.701385e+02
4.897788e-03  1.651313e+02
5.559043e-03  1.002402e+02
6.382635e-03  5.770842e+01
7.244360e-03  3.454530e+01
8.317638e-03  1.958609e+01
9.549926e-03  1.102361e+01
1.109175e-02  5.869962e+00
1.303167e-02  2.955448e+00
1.584893e-02  1.273774e+00
1.927525e-02  5.449718e-01
2.371374e-02  2.198614e-01
3.090295e-02  6.834609e-02
4.265795e-02  1.635106e-02
6.165950e-02  3.181182e-03
7.673615e-02  1.211331e-03
9.225714e-02  5.409014e-04
1.083927e-01  2.690461e-04
1.258925e-01  1.417111e-04
1.445440e-01  7.900397e-05
1.640590e-01  4.657928e-05
1.862087e-01  2.767385e-05
2.089296e-01  1.736290e-05
2.344229e-01  1.097437e-05
2.600160e-01  7.312695e-06
2.884032e-01  4.907408e-06
3.198895e-01  3.317252e-06
3.507519e-01  2.358083e-06
3.845918e-01  1.688326e-06
4.120975e-01  1.321446e-06
4.518559e-01  9.602618e-07
5.011872e-01  6.757668e-07
5.495409e-01  4.968695e-07
5.956621e-01  3.821122e-07
6.382635e-01  3.075993e-07
6.918310e-01  2.405698e-07
7.585776e-01  1.830959e-07
8.035261e-01  1.548113e-07
8.609938e-01  1.257653e-07
9.015711e-01  1.100939e-07
9.440609e-01  9.696056e-08
9.772372e-01  8.857768e-08
1.011579e+00  8.131761e-08
1.059254e+00  7.308422e-08
1.109175e+00  6.616707e-08
1.161449e+00  6.029914e-08
1.216186e+00  5.527875e-08
1.318257e+00  4.792761e-08
1.531087e+00  3.727930e-08
1.819701e+00  2.771006e-08
2.018366e+00  2.334805e-08
2.290868e+00  1.910702e-08
2.630268e+00  1.547508e-08
3.019952e+00  1.263055e-08
3.507519e+00  1.021939e-08
4.073803e+00  8.330979e-09
4.786301e+00  6.735455e-09
5.754399e+00  5.324915e-09
7.000000e+00  4.181600e-09
8.709636e+00  3.220774e-09
1.100000e+01  2.457100e-09
1.412538e+01  1.853171e-09
1.883649e+01  1.350378e-09
2.540973e+01  9.788510e-10
3.349654e+01  7.309150e-10
5.069907e+01  4.744770e-10
8.709636e+01  2.723100e-10
1.737801e+02  1.351040e-10
3.467369e+02  6.738870e-11
2.754229e+03  8.443770e-12
1.000000e+05  2.324700e-13
-1  -1
6.397000e-05  0.000000e+00
6.397000e-05  5.483448e+05
6.510000e-05  5.455014e+05
6.606934e-05  5.463436e+05
6.700000e-05  5.506974e+05
6.770000e-05  5.566866e+05
6.850000e-05  5.666436e+05
6.920000e-05  5.782458e+05
7.000000e-05  5.950518e+05
7.079458e-05  6.157181e+05
7.161434e-05  6.413849e+05
7.244360e-05  6.720292e+05
7.330000e-05  7.087620e+05
7.413102e-05  7.494523e+05
7.540000e-05  8.212800e+05
7.673615e-05  9.094456e+05
8.150000e-05  1.315914e+06
8.317638e-05  1.483953e+06
8.485300e-05  1.658283e+06
8.609938e-05  1.789261e+06
8.730000e-05  1.914714e+06
8.850000e-05  2.037960e+06
9.015711e-05  2.202548e+06
9.150000e-05  2.329698e+06
9.300000e-05  2.464014e+06
9.486800e-05  2.619098e+06
9.660509e-05  2.750967e+06
9.850000e-05  2.881806e+06
1.000000e-04  2.976372e+06
1.023293e-04  3.109151e+06
1.050000e-04  3.243108e+06
1.083927e-04  3.390400e+06
1.122018e-04  3.531599e+06
1.161449e-04  3.655965e+06
1.205000e-04  3.770880e+06
1.244515e-04  3.855673e+06
1.291500e-04  3.932451e+06
1.333521e-04  3.978530e+06
1.380384e-04  4.005236e+06
1.430000e-04  4.006692e+06
1.480000e-04  3.983322e+06
1.540000e-04  3.928056e+06
1.603245e-04  3.845356e+06
1.678804e-04  3.724775e+06
1.760000e-04  3.580914e+06
1.862087e-04  3.392217e+06
1.972423e-04  3.185984e+06
2.089296e-04  2.968604e+06
2.190000e-04  2.784114e+06
2.317395e-04  2.558088e+06
2.454709e-04  2.328512e+06
2.600160e-04  2.104687e+06
2.809100e-04  1.822151e+06
3.019952e-04  1.581191e+06
3.235937e-04  1.371311e+06
3.467369e-04  1.181084e+06
3.722400e-04  1.006139e+06
4.100000e-04  8.016600e+05
4.466836e-04  6.508540e+05
4.850000e-04  5.289864e+05
5.248075e-04  4.307833e+05
5.821032e-04  3.263269e+05
6.382635e-04  2.531020e+05
6.918310e-04  2.014678e+05
7.800000e-04  1.421502e+05
8.709636e-04  1.022457e+05
9.772372e-04  7.183341e+04
1.083927e-03  5.192051e+04
1.202264e-03  3.726902e+04
1.333521e-03  2.658990e+04
1.462177e-03  1.958752e+04
1.621810e-03  1.381072e+04
1.798871e-03  9.677801e+03
2.018366e-03  6.475424e+03
2.264644e-03  4.301848e+03
2.570396e-03  2.722271e+03
2.917427e-03  1.709393e+03
3.311311e-03  1.065619e+03
3.758374e-03  6.595432e+02
4.315191e-03  3.876726e+02
4.897788e-03  2.364701e+02
5.559043e-03  1.432371e+02
6.309573e-03  8.615086e+01
7.244360e-03  4.908486e+01
8.222426e-03  2.910775e+01
9.440609e-03  1.633900e+01
1.096478e-02  8.673831e+00
1.288250e-02  4.350979e+00
1.531087e-02  2.061381e+00
1.840772e-02  9.218820e-01
2.290868e-02  3.515915e-01
2.851018e-02  1.330527e-01
3.388442e-02  6.137178e-02
6.165950e-02  4.133594e-03
7.673615e-02  1.553872e-03
9.225714e-02  6.867076e-04
1.096478e-01  3.217953e-04
1.258925e-01  1.767097e-04
1.428894e-01  1.027432e-04
1.603245e-01  6.318992e-05
1.778279e-01  4.106117e-05
1.972423e-01  2.686385e-05
2.187762e-01  1.769595e-05
2.398833e-01  1.229733e-05
2.600160e-01  8.999879e-06
2.818383e-01  6.630176e-06
3.054921e-01  4.918149e-06
3.311311e-01  3.674736e-06
3.589219e-01  2.764222e-06
3.890451e-01  2.092667e-06
4.265795e-01  1.531771e-06
4.623810e-01  1.173686e-06
5.000000e-01  9.130500e-07
5.370318e-01  7.315267e-07
5.821032e-01  5.740260e-07
6.382635e-01  4.387312e-07
6.839117e-01  3.610414e-07
7.328245e-01  2.992020e-07
7.852356e-01  2.499408e-07
8.413951e-01  2.101643e-07
9.015711e-01  1.779355e-07
9.549926e-01  1.558688e-07
1.011579e+00  1.374409e-07
1.096478e+00  1.162708e-07
1.174898e+00  1.014232e-07
1.273503e+00  8.718471e-08
1.412538e+00  7.230810e-08
1.678804e+00  5.347387e-08
1.883649e+00  4.403204e-08
2.113489e+00  3.653666e-08
2.398833e+00  2.997588e-08
2.754229e+00  2.434204e-08
3.162278e+00  1.991793e-08
3.672823e+00  1.615471e-08
4.315191e+00  1.299771e-08
5.128614e+00  1.037984e-08
6.165950e+00  8.230014e-09
7.498942e+00  6.482410e-09
9.332543e+00  5.004055e-09
1.188502e+01  3.790014e-09
1.566751e+01  2.783008e-09
2.018366e+01  2.111175e-09
2.691535e+01  1.550782e-09
4.265795e+01  9.560470e-10
7.079458e+01  5.669040e-10
1.412538e+02  2.806970e-10
2.818383e+02  1.398280e-10
1.122018e+03  3.496290e-11
1.000000e+05  3.916100e-13
-1  -1
2.099000e-05  0.000000e+00
2.099000e-05  6.655260e+04
2.113489e-05  6.047443e+04
2.135000e-05  5.220780e+04
2.155000e-05  4.529260e+04
2.177000e-05  3.851920e+04
2.192000e-05  3.434760e+04
2.213095e-05  2.908628e+04
2.227000e-05  2.597120e+04
2.242000e-05  2.290480e+04
2.257000e-05  2.013440e+04
2.272000e-05  1.764348e+04
2.290868e-05  1.488367e+04
2.317395e-05  1.165599e+04
2.350000e-05  8.638780e+03
2.365000e-05  7.572160e+03
2.377000e-05  6.854320e+03
2.388000e-05  6.297340e+03
2.398833e-05  5.839204e+03
2.407000e-05  5.550900e+03
2.415000e-05  5.314500e+03
2.423000e-05  5.122260e+03
2.431000e-05  4.972600e+03
2.438000e-05  4.875900e+03
2.446000e-05  4.803160e+03
2.452000e-05  4.774220e+03
2.460000e-05  4.769180e+03
2.467000e-05  4.795180e+03
2.473000e-05  4.839340e+03
2.481000e-05  4.929040e+03
2.489000e-05  5.052800e+03
2.496000e-05  5.188200e+03
2.505000e-05  5.398260e+03
2.515000e-05  5.677540e+03
2.525000e-05  6.003200e+03
2.540973e-05  6.615235e+03
2.560000e-05  7.482920e+03
2.610000e-05  1.040004e+04
2.630268e-05  1.181443e+04
2.650000e-05  1.330362e+04
2.670000e-05  1.491618e+04
2.691535e-05  1.675801e+04
2.710000e-05  1.841648e+04
2.730000e-05  2.028740e+04
2.754229e-05  2.264776e+04
2.777000e-05  2.494920e+04
2.800000e-05  2.734500e+04
2.830000e-05  3.056260e+04
2.860000e-05  3.386840e+04
2.885000e-05  3.667900e+04
2.920000e-05  4.068140e+04
2.951209e-05  4.429931e+04
2.990000e-05  4.883980e+04
3.020000e-05  5.237140e+04
3.060000e-05  5.708920e+04
3.100000e-05  6.179880e+04
3.150000e-05  6.764800e+04
3.198895e-05  7.330407e+04
3.245000e-05  7.855880e+04
3.300000e-05  8.470860e+04
3.350000e-05  9.016780e+04
3.420000e-05  9.757600e+04
3.470000e-05  1.026878e+05
3.548134e-05  1.103582e+05
3.630781e-05  1.180358e+05
3.715352e-05  1.254183e+05
3.801894e-05  1.324744e+05
3.900000e-05  1.398684e+05
4.000000e-05  1.467562e+05
4.120975e-05  1.542412e+05
4.260000e-05  1.617520e+05
4.415704e-05  1.688730e+05
4.570882e-05  1.747272e+05
4.731513e-05  1.796071e+05
4.900000e-05  1.835694e+05
5.080000e-05  1.866426e+05
5.308844e-05  1.890528e+05
5.559043e-05  1.900884e+05
5.821032e-05  1.897419e+05
6.095369e-05  1.881596e+05
6.400000e-05  1.852884e+05
6.760830e-05  1.808309e+05
7.161434e-05  1.750086e+05
7.585776e-05  1.683097e+05
8.128305e-05  1.594954e+05
8.810489e-05  1.485986e+05
9.660509e-05  1.359270e+05
1.059254e-04  1.234760e+05
1.174898e-04  1.100301e+05
1.303167e-04  9.735247e+04
1.450000e-04  8.519500e+04
1.640590e-04  7.240967e+04
2.000000e-04  5.518160e+04
2.511886e-04  4.012629e+04
2.884032e-04  3.286543e+04
3.427678e-04  2.537663e+04
4.216965e-04  1.846349e+04
5.308844e-04  1.283944e+04
6.309573e-04  9.730302e+03
7.413102e-04  7.451678e+03
8.810489e-04  5.557226e+03
1.059254e-03  4.033976e+03
1.258925e-03  2.965235e+03
1.513561e-03  2.118665e+03
1.798871e-03  1.535005e+03
2.137962e-03  1.103800e+03
2.540973e-03  7.875222e+02
3.000000e-03  5.649480e+02
3.548134e-03  4.007811e+02
4.216965e-03  2.792660e+02
5.000000e-03  1.940212e+02
5.888437e-03  1.357448e+02
6.918310e-03  9.476846e+01
8.128305e-03  6.567295e+01
9.549926e-03  4.515402e+01
1.148154e-02  2.917044e+01
1.318257e-02  2.088176e+01
1.531087e-02  1.442888e+01
1.798871e-02  9.616706e+00
2.113489e-02  6.361454e+00
2.483133e-02  4.178041e+00
2.917427e-02  2.724577e+00
3.467369e-02  1.709693e+00
4.120975e-02  1.064714e+00
4.954502e-02  6.374638e-01
5.956621e-02  3.784934e-01
7.328245e-02  2.089176e-01
9.332543e-02  1.035791e-01
1.148154e-01  5.637998e-02
1.862087e-01  1.356339e-02
2.371374e-01  6.692321e-03
2.786121e-01  4.207446e-03
3.235937e-01  2.754513e-03
3.672823e-01  1.938298e-03
4.120975e-01  1.417860e-03
4.623810e-01  1.044939e-03
5.128614e-01  7.996283e-04
5.688529e-01  6.164381e-04
6.237348e-01  4.923849e-04
6.839117e-01  3.958734e-04
7.498942e-01  3.203660e-04
8.317638e-01  2.544274e-04
9.120108e-01  2.087785e-04
9.885531e-01  1.767457e-04
1.135011e+00  1.342670e-04
1.258925e+00  1.100102e-04
1.396368e+00  9.075820e-05
1.566751e+00  7.385096e-05
1.757924e+00  6.056381e-05
1.972423e+00  5.004728e-05
2.238721e+00  4.090283e-05
2.540973e+00  3.366356e-05
2.917427e+00  2.742374e-05
3.349654e+00  2.250729e-05
3.890451e+00  1.830741e-05
4.570882e+00  1.476974e-05
5.432503e+00  1.182434e-05
6.531306e+00  9.397834e-06
8.035261e+00  7.316892e-06
1.000000e+01  5.661900e-06
1.273503e+01  4.297690e-06
1.659587e+01  3.202227e-06
2.317395e+01  2.229852e-06
3.090295e+01  1.642849e-06
4.731513e+01  1.052496e-06
8.035261e+01  6.105225e-07
1.603245e+02  3.027018e-07
3.198895e+02  1.509188e-07
1.273503e+03  3.775463e-08
1.000000e+05  4.800800e-10
-1  -1
9.820000e-06  0.000000e+00
9.820000e-06  1.991528e+07
1.000000e-05  1.989195e+07
1.035142e-05  1.969424e+07
1.060000e-05  1.946328e+07
1.096478e-05  1.900255e+07
1.135011e-05  1.837910e+07
1.165000e-05  1.782876e+07
1.202264e-05  1.706859e+07
1.244515e-05  1.614518e+07
1.290000e-05  1.511383e+07
1.333521e-05  1.411403e+07
1.380384e-05  1.304672e+07
1.428894e-05  1.197435e+07
1.480000e-05  1.089849e+07
1.531087e-05  9.891452e+06
1.590000e-05  8.823591e+06
1.659587e-05  7.694168e+06
1.737801e-05  6.590210e+06
1.830000e-05  5.493066e+06
1.927525e-05  4.542659e+06
2.041738e-05  3.655671e+06
2.187762e-05  2.795851e+06
2.400000e-05  1.935315e+06
2.691535e-05  1.217779e+06
3.589219e-05  3.771771e+05
3.935501e-05  2.606853e+05
4.216965e-05  1.987206e+05
4.466836e-05  1.594383e+05
4.677351e-05  1.344355e+05
4.900000e-05  1.139128e+05
5.080000e-05  1.007333e+05
5.248075e-05  9.059939e+04
5.450000e-05  8.065340e+04
5.650000e-05  7.272195e+04
5.850000e-05  6.630437e+04
6.025596e-05  6.167189e+04
6.237348e-05  5.708784e+04
6.456542e-05  5.326916e+04
6.683439e-05  5.009890e+04
6.918310e-05  4.747176e+04
7.161434e-05  4.529425e+04
7.413102e-05  4.348609e+04
7.673615e-05  4.198012e+04
8.035261e-05  4.034315e+04
8.500000e-05  3.876164e+04
9.120108e-05  3.719415e+04
1.220000e-04  3.218112e+04
1.364583e-04  3.021700e+04
1.500000e-04  2.846913e+04
1.650000e-04  2.663273e+04
1.819701e-04  2.470067e+04
2.018366e-04  2.265392e+04
2.264644e-04  2.042956e+04
2.500000e-04  1.856942e+04
2.722701e-04  1.699495e+04
2.951209e-04  1.553201e+04
3.235937e-04  1.390908e+04
3.589219e-04  1.219151e+04
4.000000e-04  1.053577e+04
4.466836e-04  9.007672e+03
5.011872e-04  7.590575e+03
5.559043e-04  6.471365e+03
6.095369e-04  5.581738e+03
6.760830e-04  4.689152e+03
7.498942e-04  3.908493e+03
8.317638e-04  3.233781e+03
9.332543e-04  2.599667e+03
1.035142e-03  2.122035e+03
1.148154e-03  1.719987e+03
1.273503e-03  1.384778e+03
1.428894e-03  1.080118e+03
1.603245e-03  8.361538e+02
1.798871e-03  6.424792e+02
2.018366e-03  4.899614e+02
2.264644e-03  3.708268e+02
2.540973e-03  2.786313e+02
2.851018e-03  2.078867e+02
3.198895e-03  1.540423e+02
3.630781e-03  1.099287e+02
4.120975e-03  7.784755e+01
4.677351e-03  5.472411e+01
5.188000e-03  4.086600e+01
5.821032e-03  2.931744e+01
6.683439e-03  1.952947e+01
7.673615e-03  1.290636e+01
8.810489e-03  8.462842e+00
1.011579e-02  5.507455e+00
1.161449e-02  3.558213e+00
1.333521e-02  2.282571e+00
1.548817e-02  1.400228e+00
1.819701e-02  8.207160e-01
2.162719e-02  4.592433e-01
2.570396e-02  2.550264e-01
3.090295e-02  1.351414e-01
3.801894e-02  6.557949e-02
4.841724e-02  2.797850e-02
9.885531e-02  2.216214e-03
1.244515e-01  9.837347e-04
1.500000e-01  5.128500e-04
1.757924e-01  2.969078e-04
2.041738e-01  1.786366e-04
2.344229e-01  1.126149e-04
2.660725e-01  7.432960e-05
3.000000e-01  5.051200e-05
3.349654e-01  3.567442e-05
3.715352e-01  2.589840e-05
4.120975e-01  1.893181e-05
4.570882e-01  1.394133e-05
5.069907e-01  1.034356e-05
5.623413e-01  7.733913e-06
6.165950e-01  6.014477e-06
6.760830e-01  4.710124e-06
7.413102e-01  3.714344e-06
8.609938e-01  2.553195e-06
9.225714e-01  2.163094e-06
9.772372e-01  1.896342e-06
1.035142e+00  1.674076e-06
1.109175e+00  1.451106e-06
1.188600e+00  1.266900e-06
1.318257e+00  1.046808e-06
1.479108e+00  8.532687e-07
1.698244e+00  6.709823e-07
1.905461e+00  5.528668e-07
2.137962e+00  4.591045e-07
2.426610e+00  3.769105e-07
2.786121e+00  3.062648e-07
3.198895e+00  2.507504e-07
3.715352e+00  2.034912e-07
4.365158e+00  1.638120e-07
5.188000e+00  1.308840e-07
6.237348e+00  1.038297e-07
7.585776e+00  8.181741e-08
9.440609e+00  6.318487e-08
1.202264e+01  4.787275e-08
1.584893e+01  3.516531e-08
2.065380e+01  2.635477e-08
2.800000e+01  1.902500e-08
4.518559e+01  1.152477e-08
7.585776e+01  6.759394e-09
1.513561e+02  3.349439e-09
3.019952e+02  1.669327e-09
1.202264e+03  4.175040e-10
1.000000e+05  5.011500e-12
-1  -1
9.400000e-06  0.000000e+00
9.400000e-06  4.145205e+07
9.700000e-06  4.105632e+07
1.000000e-05  4.042565e+07
1.023293e-05  3.979726e+07
1.060000e-05  3.858058e+07
1.096478e-05  3.715088e+07
1.135011e-05  3.548409e+07
1.174898e-05  3.363228e+07
1.216186e-05  3.163481e+07
1.258925e-05  2.953908e+07
1.303167e-05  2.738878e+07
1.350000e-05  2.517406e+07
1.400000e-05  2.291616e+07
1.445440e-05  2.098276e+07
1.500000e-05  1.882685e+07
1.566751e-05  1.644674e+07
1.640590e-05  1.413959e+07
1.717908e-05  1.206689e+07
1.800000e-05  1.020993e+07
1.905461e-05  8.265459e+06
2.018366e-05  6.630967e+06
2.162719e-05  5.056689e+06
2.371374e-05  3.494677e+06
3.311311e-05  8.923023e+05
3.650000e-05  6.026674e+05
3.900000e-05  4.641019e+05
4.150000e-05  3.657045e+05
4.365158e-05  3.032952e+05
4.570882e-05  2.575112e+05
4.731513e-05  2.289567e+05
4.900000e-05  2.043387e+05
5.080000e-05  1.828818e+05
5.248075e-05  1.664818e+05
5.432503e-05  1.517307e+05
5.623413e-05  1.393299e+05
5.821032e-05  1.289380e+05
6.025596e-05  1.202589e+05
6.237348e-05  1.130363e+05
6.456542e-05  1.070429e+05
6.683439e-05  1.020731e+05
6.918310e-05  9.794654e+04
7.161434e-05  9.450986e+04
7.500000e-05  9.076571e+04
7.900000e-05  8.741451e+04
8.413951e-05  8.415358e+04
1.109175e-04  7.315225e+04
1.244515e-04  6.851628e+04
1.380384e-04  6.412146e+04
1.513561e-04  6.005839e+04
1.659587e-04  5.589884e+04
1.850000e-04  5.096513e+04
2.065380e-04  4.607142e+04
2.306300e-04  4.136834e+04
2.540973e-04  3.740314e+04
2.754229e-04  3.419954e+04
3.019952e-04  3.064711e+04
3.311311e-04  2.727049e+04
3.672823e-04  2.372870e+04
4.073803e-04  2.049477e+04
4.570882e-04  1.728393e+04
5.188000e-04  1.421238e+04
5.754399e-04  1.203622e+04
6.309573e-04  1.031633e+04
7.000000e-04  8.604357e+03
7.762471e-04  7.127198e+03
8.609938e-04  5.859860e+03
9.660509e-04  4.680715e+03
1.071519e-03  3.797763e+03
1.188502e-03  3.059949e+03
1.318257e-03  2.449174e+03
1.479108e-03  1.898115e+03
1.659587e-03  1.460263e+03
1.862087e-03  1.115006e+03
2.089296e-03  8.450641e+02
2.344229e-03  6.357579e+02
2.630268e-03  4.748799e+02
2.951209e-03  3.522422e+02
3.311311e-03  2.595301e+02
3.715352e-03  1.899350e+02
4.168694e-03  1.380515e+02
4.731513e-03  9.642353e+01
5.370318e-03  6.684298e+01
6.165950e-03  4.446658e+01
7.079458e-03  2.935879e+01
8.128305e-03  1.923028e+01
9.332543e-03  1.249520e+01
1.071519e-02  8.056808e+00
1.230269e-02  5.156370e+00
1.412538e-02  3.275120e+00
1.640590e-02  1.987574e+00
1.905461e-02  1.197371e+00
2.238721e-02  6.886682e-01
2.660725e-02  3.777529e-01
3.162278e-02  2.056162e-01
3.845918e-02  1.023271e-01
4.786301e-02  4.652409e-02
6.165950e-02  1.850961e-02
1.083927e-01  2.356255e-03
1.333521e-01  1.111568e-03
1.584893e-01  5.985435e-04
1.819701e-01  3.670895e-04
2.065380e-01  2.360396e-04
2.317395e-01  1.590058e-04
2.600160e-01  1.078876e-04
2.884032e-01  7.663139e-05
3.198895e-01  5.483576e-05
3.507519e-01  4.100208e-05
3.845918e-01  3.086817e-05
4.216965e-01  2.341151e-05
4.623810e-01  1.789379e-05
5.011872e-01  1.423619e-05
5.432503e-01  1.139849e-05
5.888437e-01  9.184924e-06
6.382635e-01  7.450924e-06
6.918310e-01  6.084404e-06
7.498942e-01  5.000955e-06
8.317638e-01  3.920095e-06
9.015711e-01  3.266422e-06
9.660509e-01  2.812109e-06
1.035142e+00  2.437130e-06
1.135011e+00  2.027020e-06
1.250000e+00  1.683100e-06
1.380384e+00  1.401289e-06
1.584893e+00  1.096681e-06
1.778279e+00  9.000515e-07
2.000000e+00  7.412700e-07
2.264644e+00  6.085185e-07
2.570396e+00  5.011301e-07
2.951209e+00  4.085208e-07
3.388442e+00  3.354843e-07
3.935501e+00  2.730363e-07
4.623810e+00  2.203932e-07
5.495409e+00  1.765257e-07
6.606934e+00  1.403610e-07
8.128305e+00  1.093314e-07
1.011579e+01  8.463470e-08
1.288250e+01  6.426487e-08
1.678804e+01  4.789806e-08
2.400000e+01  3.253100e-08
3.273407e+01  2.342487e-08
4.954502e+01  1.520110e-08
8.413951e+01  8.823874e-09
1.678804e+02  4.376671e-09
3.349654e+02  2.182657e-09
1.333521e+03  5.461390e-10
1.000000e+05  7.272400e-12
-1  -1
-2  0.0
-2  -2
