2.548900e-02  0.000000e+00
2.548900e-02  8.264259e+03
2.610000e-02  7.835280e+03
2.670000e-02  7.368320e+03
2.754229e-02  6.828197e+03
2.951209e-02  5.692761e+03
3.311311e-02  4.232585e+03
3.845918e-02  2.844378e+03
4.897788e-02  1.474773e+03
6.095369e-02  8.035782e+02
7.673615e-02  4.193112e+02
9.660509e-02  2.168405e+02
1.972423e-01  2.743593e+01
2.426610e-01  1.514562e+01
2.851018e-01  9.605503e+00
3.349654e-01  6.150578e+00
3.801894e-01  4.364002e+00
4.265795e-01  3.216144e+00
4.786301e-01  2.387487e+00
5.308844e-01  1.838737e+00
5.888437e-01  1.426199e+00
6.531306e-01  1.114510e+00
7.161434e-01  9.018780e-01
7.943282e-01  7.160025e-01
8.912509e-01  5.585444e-01
9.772372e-01  4.604992e-01
1.109175e+00  3.571418e-01
1.230269e+00  2.918602e-01
1.364583e+00  2.402149e-01
1.531087e+00  1.949645e-01
1.737801e+00  1.563015e-01
2.000000e+00  1.233157e-01
2.238721e+00  1.026075e-01
2.511886e+00  8.567170e-02
2.851018e+00  7.076737e-02
3.349654e+00  5.594480e-02
3.890451e+00  4.532217e-02
4.570882e+00  3.640661e-02
5.432503e+00  2.901962e-02
6.531306e+00  2.296650e-02
7.943282e+00  1.805385e-02
9.772372e+00  1.409702e-02
1.230269e+01  1.079601e-02
1.479108e+01  8.761162e-03
1.949845e+01  6.451944e-03
2.691535e+01  4.552862e-03
3.890451e+01  3.081835e-03
6.237348e+01  1.886784e-03
1.188502e+02  9.756714e-04
2.371374e+02  4.849190e-04
9.440609e+02  1.210214e-04
5.956621e+04  1.914747e-06
1.000000e+05  1.140500e-06
-1  -1
3.783400e-03  0.000000e+00
3.783400e-03  3.436768e+04
4.080000e-03  3.053500e+04
4.623810e-03  2.486193e+04
4.900000e-03  2.244560e+04
5.559043e-03  1.786217e+04
6.025596e-03  1.548714e+04
6.456542e-03  1.360503e+04
7.852356e-03  9.331450e+03
8.709636e-03  7.577610e+03
1.011579e-02  5.577822e+03
1.190000e-02  3.951120e+03
1.333521e-02  3.083928e+03
1.548817e-02  2.210005e+03
1.819701e-02  1.528570e+03
2.113489e-02  1.076257e+03
2.426610e-02  7.731039e+02
2.786121e-02  5.518168e+02
3.198895e-02  3.914357e+02
3.715352e-02  2.679953e+02
4.315191e-02  1.822632e+02
5.069907e-02  1.194931e+02
6.025596e-02  7.543320e+01
7.161434e-02  4.727300e+01
8.709636e-02  2.762170e+01
1.096478e-01  1.453198e+01
2.187762e-01  2.076276e+00
2.660725e-01  1.201749e+00
3.126079e-01  7.715582e-01
3.589219e-01  5.313669e-01
4.073803e-01  3.800553e-01
4.570882e-01  2.820944e-01
5.128614e-01  2.109000e-01
5.688529e-01  1.634679e-01
6.309573e-01  1.275580e-01
6.998420e-01  1.002453e-01
7.762471e-01  7.935832e-02
8.511380e-01  6.490419e-02
9.332543e-01  5.343447e-02
1.023293e+00  4.429749e-02
1.161449e+00  3.443351e-02
1.288250e+00  2.827060e-02
1.462177e+00  2.236459e-02
1.621810e+00  1.859855e-02
1.840772e+00  1.496281e-02
2.113489e+00  1.188695e-02
2.371374e+00  9.888737e-03
2.691535e+00  8.141732e-03
3.126079e+00  6.526111e-03
3.630781e+00  5.268596e-03
4.265795e+00  4.218120e-03
5.011872e+00  3.402598e-03
6.000000e+00  2.698100e-03
7.244360e+00  2.132637e-03
8.912509e+00  1.659794e-03
1.109175e+01  1.284000e-03
1.445440e+01  9.490506e-04
1.927525e+01  6.898255e-04
2.660725e+01  4.866415e-04
3.845918e+01  3.293231e-04
6.095369e+01  2.039941e-04
1.148154e+02  1.066862e-04
2.290868e+02  5.301213e-05
4.570882e+02  2.645365e-05
1.819701e+03  6.623233e-06
1.000000e+05  1.204200e-07
-1  -1
3.528100e-03  0.000000e+00
3.528100e-03  7.483469e+04
3.620000e-03  7.102300e+04
3.650000e-03  6.977100e+04
3.690000e-03  6.764800e+04
3.801894e-03  6.294500e+04
4.168694e-03  4.977300e+04
4.500000e-03  4.058200e+04
5.500000e-03  2.350400e+04
6.095369e-03  1.768400e+04
7.161434e-03  1.121400e+04
8.912509e-03  5.925100e+03
1.047129e-02  3.660500e+03
1.174898e-02  2.583200e+03
1.400000e-02  1.506200e+03
1.698244e-02  8.223000e+02
2.041738e-02  4.571800e+02
2.454709e-02  2.519800e+02
2.951209e-02  1.378100e+02
3.589219e-02  7.204600e+01
4.518559e-02  3.332471e+01
6.025596e-02  1.260525e+01
1.035142e-01  2.004634e+00
1.348963e-01  8.210980e-01
1.621810e-01  4.443046e-01
1.905461e-01  2.614289e-01
2.213095e-01  1.609116e-01
2.540973e-01  1.035675e-01
2.884032e-01  6.965020e-02
3.235937e-01  4.888544e-02
3.630781e-01  3.455184e-02
4.027170e-01  2.544820e-02
4.466836e-01  1.887106e-02
4.954502e-01  1.409076e-02
5.495409e-01  1.059719e-02
6.095369e-01  8.026812e-03
6.683439e-01  6.313859e-03
7.244360e-01  5.148404e-03
7.943282e-01  4.107536e-03
9.015711e-01  3.039446e-03
9.660509e-01  2.590384e-03
1.023293e+00  2.283332e-03
1.096478e+00  1.976323e-03
1.174898e+00  1.722654e-03
1.273503e+00  1.481160e-03
1.428894e+00  1.203166e-03
1.698244e+00  8.887922e-04
1.949845e+00  7.026410e-04
2.187762e+00  5.815116e-04
2.454709e+00  4.848786e-04
2.786121e+00  4.000291e-04
3.273407e+00  3.158804e-04
3.801894e+00  2.556096e-04
4.466836e+00  2.051021e-04
5.308844e+00  1.633188e-04
6.382635e+00  1.291288e-04
7.762471e+00  1.014169e-04
9.549926e+00  7.912693e-05
1.202264e+01  6.055014e-05
1.479108e+01  4.785930e-05
1.949845e+01  3.524439e-05
2.691535e+01  2.487118e-05
3.845918e+01  1.703956e-05
6.025596e+01  1.068098e-05
1.122018e+02  5.651077e-06
2.238721e+02  2.807301e-06
4.466836e+02  1.400798e-06
1.778279e+03  3.506854e-07
1.000000e+05  6.230400e-09
-1  -1
3.350000e-03  0.000000e+00
3.350000e-03  1.599947e+05
3.470000e-03  1.475656e+05
3.550000e-03  1.384208e+05
3.620000e-03  1.319168e+05
3.935501e-03  1.061361e+05
4.265795e-03  8.525251e+04
5.308844e-03  4.640509e+04
5.688529e-03  3.819362e+04
6.683439e-03  2.403825e+04
7.585776e-03  1.653080e+04
8.609938e-03  1.133146e+04
1.047129e-02  6.234408e+03
1.230269e-02  3.773309e+03
1.412538e-02  2.437345e+03
1.640590e-02  1.507911e+03
1.927525e-02  8.921935e+02
2.264644e-02  5.239683e+02
2.691535e-02  2.939872e+02
3.235937e-02  1.574688e+02
3.935501e-02  8.045734e+01
4.841724e-02  3.921641e+01
6.165950e-02  1.682218e+01
1.230269e-01  1.473948e+00
1.500000e-01  7.377473e-01
1.778279e-01  4.102763e-01
2.041738e-01  2.564269e-01
2.317395e-01  1.678079e-01
2.600160e-01  1.148894e-01
2.917427e-01  7.922699e-02
3.235937e-01  5.709954e-02
3.589219e-01  4.145673e-02
3.935501e-01  3.139717e-02
4.315191e-01  2.393749e-02
4.731513e-01  1.838163e-02
5.188000e-01  1.421991e-02
5.623413e-01  1.143192e-02
6.165950e-01  8.976492e-03
6.760830e-01  7.102395e-03
7.413102e-01  5.660256e-03
8.128305e-01  4.543565e-03
8.912509e-01  3.675134e-03
9.660509e-01  3.069831e-03
1.023293e+00  2.716766e-03
1.122018e+00  2.251658e-03
1.216186e+00  1.924327e-03
1.348963e+00  1.586886e-03
1.531087e+00  1.265014e-03
1.757924e+00  9.944936e-04
2.018366e+00  7.878816e-04
2.264644e+00  6.535115e-04
2.540973e+00  5.460184e-04
2.884032e+00  4.513031e-04
3.349654e+00  3.629016e-04
3.890451e+00  2.939918e-04
4.570882e+00  2.361595e-04
5.432503e+00  1.882436e-04
6.531306e+00  1.489788e-04
7.943282e+00  1.171144e-04
9.772372e+00  9.144706e-05
1.230269e+01  7.003230e-05
1.479108e+01  5.683123e-05
1.949845e+01  4.185149e-05
2.691535e+01  2.953298e-05
3.890451e+01  1.999064e-05
6.165950e+01  1.238553e-05
1.161449e+02  6.478743e-06
2.317395e+02  3.219463e-06
9.225714e+02  8.033684e-07
2.917427e+04  2.535380e-08
1.000000e+05  7.398400e-09
-1  -1
7.038000e-04  0.000000e+00
7.038000e-04  1.080700e+05
8.035261e-04  9.310851e+04
9.015711e-04  8.094148e+04
9.850000e-04  7.253140e+04
1.047129e-03  6.670434e+04
1.230269e-03  5.321484e+04
1.333521e-03  4.720734e+04
1.584893e-03  3.614689e+04
1.757924e-03  3.058504e+04
2.070000e-03  2.330660e+04
2.400000e-03  1.805948e+04
2.754229e-03  1.415751e+04
3.235937e-03  1.056237e+04
3.845918e-03  7.649907e+03
4.518559e-03  5.616429e+03
5.370318e-03  4.001124e+03
6.382635e-03  2.826545e+03
7.500000e-03  2.027440e+03
8.810489e-03  1.444028e+03
1.023293e-02  1.046269e+03
1.202264e-02  7.341214e+02
1.412538e-02  5.111696e+02
1.659587e-02  3.532316e+02
1.949845e-02  2.422266e+02
2.264644e-02  1.694413e+02
2.660725e-02  1.144715e+02
3.126079e-02  7.675703e+01
3.672823e-02  5.107951e+01
4.315191e-02  3.374570e+01
5.128614e-02  2.147758e+01
6.095369e-02  1.356788e+01
7.328245e-02  8.248792e+00
8.912509e-02  4.824162e+00
1.109175e-01  2.627808e+00
2.371374e-01  3.109857e-01
2.851018e-01  1.866555e-01
3.311311e-01  1.241095e-01
3.801894e-01  8.575979e-02
4.315191e-01  6.156867e-02
4.841724e-01  4.587842e-02
5.370318e-01  3.543827e-02
6.000000e-01  2.708129e-02
6.683439e-01  2.101048e-02
7.413102e-01  1.658684e-02
8.222427e-01  1.318937e-02
9.015711e-01  1.082465e-02
9.885531e-01  8.946623e-03
1.148154e+00  6.635189e-03
1.250000e+00  5.637444e-03
1.428894e+00  4.394578e-03
1.566751e+00  3.723133e-03
1.778279e+00  2.989162e-03
2.065380e+00  2.325753e-03
2.317395e+00  1.931891e-03
2.630268e+00  1.588279e-03
3.019952e+00  1.293236e-03
3.507519e+00  1.042176e-03
4.073803e+00  8.461671e-04
4.786301e+00  6.811485e-04
5.688529e+00  5.440440e-04
6.839116e+00  4.313763e-04
8.413951e+00  3.350151e-04
1.047129e+01  2.586351e-04
1.380384e+01  1.883091e-04
1.819701e+01  1.384499e-04
2.454709e+01  9.997238e-05
3.507519e+01  6.835962e-05
5.370318e+01  4.381045e-05
9.120108e+01  2.542022e-05
1.819701e+02  1.260209e-05
3.630781e+02  6.281337e-06
1.445440e+03  1.571391e-06
1.000000e+05  2.268700e-08
-1  -1
6.001900e-04  0.000000e+00
6.001900e-04  7.927240e+04
6.009000e-04  8.530100e+04
6.013000e-04  8.851840e+04
6.018000e-04  9.228120e+04
6.025596e-04  9.745947e+04
6.032000e-04  1.013880e+05
6.040000e-04  1.058816e+05
6.050000e-04  1.109314e+05
6.060000e-04  1.154216e+05
6.070000e-04  1.194606e+05
6.085000e-04  1.248462e+05
6.100000e-04  1.295326e+05
6.115000e-04  1.336120e+05
6.135000e-04  1.382236e+05
6.150000e-04  1.411500e+05
6.170000e-04  1.444258e+05
6.190000e-04  1.470840e+05
6.220000e-04  1.500674e+05
6.250000e-04  1.520712e+05
6.285000e-04  1.534358e+05
6.330000e-04  1.540768e+05
6.400000e-04  1.535362e+05
7.244360e-04  1.399185e+05
8.128305e-04  1.260750e+05
8.511380e-04  1.203304e+05
9.120108e-04  1.114505e+05
9.885530e-04  1.010929e+05
1.059254e-03  9.252618e+04
1.130000e-03  8.455420e+04
1.244515e-03  7.322777e+04
1.350000e-03  6.451200e+04
1.462177e-03  5.654017e+04
1.621810e-03  4.724909e+04
1.778279e-03  4.001341e+04
1.972423e-03  3.290130e+04
2.187762e-03  2.687351e+04
2.426610e-03  2.177021e+04
2.691535e-03  1.752272e+04
3.000000e-03  1.385106e+04
3.349654e-03  1.083133e+04
3.758374e-03  8.310959e+03
4.216965e-03  6.330054e+03
4.731513e-03  4.786565e+03
5.308844e-03  3.593799e+03
6.000000e-03  2.630400e+03
6.800000e-03  1.896974e+03
7.762471e-03  1.331313e+03
8.810489e-03  9.414347e+02
1.000000e-02  6.609580e+02
1.148154e-02  4.457630e+02
1.303167e-02  3.085382e+02
1.496236e-02  2.050858e+02
1.730000e-02  1.324798e+02
2.018366e-02  8.261765e+01
2.344229e-02  5.183792e+01
2.754229e-02  3.113729e+01
3.273407e-02  1.789010e+01
3.935501e-02  9.827386e+00
4.841724e-02  4.968142e+00
6.165950e-02  2.222822e+00
1.230269e-01  2.195245e-01
1.548817e-01  1.021874e-01
1.798871e-01  6.248954e-02
2.113489e-01  3.712145e-02
2.426610e-01  2.390485e-02
2.754229e-01  1.607528e-02
3.126079e-01  1.088578e-02
3.507519e-01  7.688420e-03
3.935501e-01  5.469411e-03
4.365158e-01  4.052706e-03
4.841724e-01  3.023753e-03
5.370318e-01  2.273180e-03
5.956621e-01  1.722105e-03
6.606935e-01  1.314636e-03
7.328245e-01  1.011509e-03
8.511380e-01  7.006733e-04
9.120108e-01  5.949471e-04
9.660509e-01  5.220164e-04
1.023293e+00  4.608054e-04
1.096478e+00  3.992202e-04
1.174898e+00  3.480196e-04
1.273503e+00  2.989459e-04
1.412538e+00  2.477195e-04
1.678804e+00  1.828642e-04
1.927525e+00  1.444872e-04
2.162719e+00  1.195140e-04
2.426610e+00  9.958727e-05
2.754229e+00  8.210155e-05
3.235937e+00  6.478941e-05
3.758374e+00  5.239783e-05
4.415704e+00  4.202055e-05
5.248075e+00  3.344198e-05
6.309573e+00  2.642768e-05
7.673615e+00  2.074658e-05
9.440609e+00  1.618075e-05
1.188502e+01  1.237696e-05
1.479108e+01  9.654678e-06
1.949845e+01  7.109861e-06
2.722701e+01  4.955699e-06
3.935501e+01  3.355291e-06
6.309573e+01  2.054705e-06
1.188502e+02  1.075146e-06
2.371374e+02  5.343729e-07
9.440609e+02  1.333630e-07
2.985383e+04  4.209008e-09
1.000000e+05  1.256900e-09
-1  -1
5.685300e-04  0.000000e+00
5.685300e-04  2.004116e+05
5.691000e-04  2.124552e+05
5.695000e-04  2.204748e+05
5.700000e-04  2.296852e+05
5.707000e-04  2.413252e+05
5.715000e-04  2.532412e+05
5.723000e-04  2.638476e+05
5.730000e-04  2.722964e+05
5.740000e-04  2.832124e+05
5.750000e-04  2.929608e+05
5.765000e-04  3.057940e+05
5.780000e-04  3.168684e+05
5.795000e-04  3.264688e+05
5.810000e-04  3.348008e+05
5.830000e-04  3.441892e+05
5.850000e-04  3.518568e+05
5.870000e-04  3.580248e+05
5.900000e-04  3.648732e+05
5.930000e-04  3.693300e+05
5.960000e-04  3.718852e+05
6.000000e-04  3.730680e+05
6.050000e-04  3.721132e+05
6.200000e-04  3.640912e+05
7.000000e-04  3.243604e+05
7.943282e-04  2.828801e+05
8.511380e-04  2.603563e+05
9.200000e-04  2.353528e+05
1.000000e-03  2.100332e+05
1.071519e-03  1.897784e+05
1.174898e-03  1.642452e+05
1.288250e-03  1.413297e+05
1.400000e-03  1.224748e+05
1.570000e-03  9.956280e+04
1.717908e-03  8.409599e+04
1.905461e-03  6.867314e+04
2.113489e-03  5.571474e+04
2.371374e-03  4.377482e+04
2.630268e-03  3.499300e+04
2.951209e-03  2.706808e+04
3.273407e-03  2.133766e+04
3.672823e-03  1.626421e+04
4.120975e-03  1.230178e+04
4.570882e-03  9.511507e+03
5.188000e-03  6.891892e+03
5.888437e-03  4.952636e+03
6.683439e-03  3.530021e+03
7.585776e-03  2.496205e+03
8.511380e-03  1.809411e+03
9.549926e-03  1.303548e+03
1.080000e-02  9.122400e+02
1.230269e-02  6.206871e+02
1.412538e-02  4.094034e+02
1.621810e-02  2.679579e+02
1.862087e-02  1.741398e+02
2.162719e-02  1.082863e+02
2.511886e-02  6.681971e+01
2.917427e-02  4.093595e+01
3.427678e-02  2.397007e+01
4.073803e-02  1.340636e+01
4.897788e-02  7.158952e+00
6.025596e-02  3.507306e+00
8.035261e-02  1.289675e+00
1.288250e-01  2.485420e-01
1.621810e-01  1.121442e-01
1.862087e-01  6.999386e-02
2.113489e-01  4.576791e-02
2.398833e-01  3.005450e-02
2.691535e-01  2.064219e-02
3.000000e-01  1.458643e-02
3.311311e-01  1.070673e-02
3.672823e-01  7.795487e-03
4.027170e-01  5.918850e-03
4.415705e-01  4.524625e-03
4.841724e-01  3.483030e-03
5.308844e-01  2.701049e-03
5.821032e-01  2.110378e-03
6.382635e-01  1.661338e-03
6.998420e-01  1.317894e-03
7.673615e-01  1.053632e-03
8.511380e-01  8.257325e-04
9.120108e-01  7.061103e-04
9.772372e-01  6.076992e-04
1.071519e+00  5.024065e-04
1.174898e+00  4.183375e-04
1.288250e+00  3.512390e-04
1.428894e+00  2.905936e-04
1.640590e+00  2.275751e-04
1.883649e+00  1.796277e-04
2.137962e+00  1.456029e-04
2.398833e+00  1.212254e-04
2.722701e+00  9.987523e-05
3.198895e+00  7.877006e-05
3.715352e+00  6.366679e-05
4.365158e+00  5.102997e-05
5.188000e+00  4.059127e-05
6.237348e+00  3.206160e-05
7.585776e+00  2.515814e-05
9.332543e+00  1.961227e-05
1.174898e+01  1.499649e-05
1.462177e+01  1.169319e-05
1.949845e+01  8.501387e-06
2.691535e+01  5.999058e-06
3.890451e+01  4.060724e-06
6.165950e+01  2.515804e-06
1.174898e+02  1.300704e-06
2.344229e+02  6.464212e-07
9.332543e+02  1.613122e-07
2.951209e+04  5.091095e-09
1.000000e+05  1.502800e-09
-1  -1
3.829900e-04  0.000000e+00
3.829900e-04  5.984440e+04
3.849000e-04  5.959160e+04
3.860000e-04  5.972320e+04
3.870000e-04  6.009560e+04
3.880000e-04  6.080760e+04
3.890451e-04  6.200264e+04
3.900000e-04  6.357680e+04
3.907000e-04  6.508120e+04
3.915000e-04  6.722440e+04
3.923000e-04  6.988400e+04
3.930000e-04  7.269960e+04
3.938000e-04  7.654040e+04
3.945000e-04  8.051760e+04
3.952000e-04  8.513400e+04
3.960000e-04  9.128040e+04
3.967000e-04  9.750480e+04
3.975000e-04  1.056832e+05
3.985000e-04  1.176768e+05
3.995000e-04  1.318584e+05
4.007000e-04  1.521024e+05
4.027170e-04  1.950716e+05
4.050000e-04  2.587572e+05
4.065000e-04  3.097636e+05
4.077000e-04  3.556680e+05
4.090000e-04  4.102200e+05
4.101300e-04  4.611772e+05
4.111000e-04  5.070920e+05
4.122000e-04  5.611840e+05
4.132000e-04  6.116480e+05
4.140000e-04  6.525520e+05
4.151500e-04  7.117957e+05
4.161000e-04  7.605360e+05
4.173000e-04  8.211720e+05
4.185000e-04  8.804440e+05
4.195000e-04  9.284560e+05
4.205000e-04  9.747120e+05
4.220000e-04  1.040764e+06
4.235000e-04  1.102404e+06
4.250400e-04  1.160735e+06
4.265795e-04  1.214383e+06
4.280000e-04  1.259672e+06
4.295000e-04  1.303264e+06
4.315191e-04  1.355630e+06
4.335000e-04  1.399952e+06
4.360000e-04  1.447240e+06
4.380000e-04  1.478484e+06
4.410000e-04  1.515368e+06
4.440000e-04  1.541712e+06
4.470000e-04  1.559156e+06
4.502400e-04  1.569259e+06
4.550000e-04  1.570908e+06
4.600000e-04  1.560356e+06
4.650000e-04  1.541728e+06
4.740000e-04  1.498576e+06
5.326300e-04  1.238438e+06
5.559043e-04  1.146546e+06
6.200000e-04  9.308160e+05
6.531306e-04  8.380369e+05
7.000000e-04  7.219600e+05
7.413102e-04  6.348617e+05
8.128305e-04  5.115531e+05
8.709636e-04  4.320755e+05
9.500000e-04  3.462456e+05
1.047129e-03  2.682647e+05
1.148154e-03  2.089764e+05
1.288250e-03  1.517071e+05
1.412538e-03  1.166561e+05
1.584893e-03  8.336142e+04
1.757924e-03  6.117881e+04
1.972423e-03  4.305606e+04
2.187762e-03  3.116646e+04
2.454709e-03  2.160963e+04
2.754229e-03  1.486952e+04
3.090295e-03  1.016005e+04
3.507519e-03  6.630618e+03
4.000000e-03  4.222800e+03
4.570882e-03  2.647566e+03
5.188000e-03  1.686374e+03
5.888437e-03  1.065833e+03
6.760830e-03  6.405873e+02
7.762471e-03  3.815812e+02
8.810489e-03  2.356095e+02
1.000000e-02  1.445248e+02
1.161449e-02  8.049623e+01
1.333521e-02  4.655998e+01
1.548817e-02  2.553634e+01
1.798871e-02  1.390312e+01
2.113489e-02  7.170099e+00
2.540973e-02  3.336083e+00
3.126079e-02  1.398922e+00
4.120975e-02  4.349736e-01
7.413102e-02  3.606834e-02
9.225714e-02  1.435624e-02
1.122019e-01  6.339712e-03
1.303167e-01  3.415678e-03
1.500000e-01  1.923669e-03
1.698244e-01  1.167374e-03
1.927525e-01  7.063595e-04
2.162719e-01  4.504357e-04
2.426610e-01  2.892642e-04
2.722701e-01  1.871783e-04
3.019952e-01  1.273924e-04
3.349654e-01  8.732894e-05
3.715352e-01  6.029382e-05
4.168694e-01  4.027984e-05
4.570882e-01  2.936504e-05
5.000000e-01  2.173872e-05
5.432503e-01  1.658398e-05
5.888437e-01  1.283631e-05
6.309573e-01  1.037403e-05
6.839117e-01  8.147223e-06
7.498942e-01  6.226646e-06
8.035261e-01  5.107798e-06
8.609938e-01  4.164700e-06
9.120108e-01  3.538661e-06
9.549926e-01  3.127079e-06
9.885531e-01  2.863838e-06
1.035142e+00  2.565680e-06
1.083927e+00  2.315445e-06
1.135011e+00  2.103295e-06
1.188600e+00  1.921487e-06
1.273503e+00  1.693697e-06
1.380384e+00  1.472629e-06
1.513561e+00  1.261399e-06
1.862087e+00  8.812760e-07
2.089296e+00  7.269285e-07
2.344229e+00  6.043226e-07
2.660725e+00  4.971821e-07
3.090295e+00  3.982548e-07
3.589219e+00  3.213253e-07
4.216965e+00  2.571108e-07
4.954502e+00  2.072934e-07
5.888437e+00  1.658161e-07
7.079458e+00  1.316537e-07
8.709636e+00  1.023785e-07
1.083927e+01  7.913664e-08
1.428894e+01  5.768985e-08
1.905461e+01  4.192156e-08
2.630268e+01  2.956500e-08
3.801894e+01  2.000307e-08
6.025596e+01  1.238747e-08
1.122018e+02  6.554174e-09
2.238721e+02  3.255984e-09
4.466836e+02  1.624581e-09
1.778279e+03  4.067250e-10
1.000000e+05  7.226100e-12
-1  -1
3.765500e-04  0.000000e+00
3.765500e-04  8.323620e+04
3.784000e-04  8.389440e+04
3.797000e-04  8.473740e+04
3.809000e-04  8.604300e+04
3.820000e-04  8.787180e+04
3.828000e-04  8.969580e+04
3.835000e-04  9.169980e+04
3.843000e-04  9.453780e+04
3.850000e-04  9.757200e+04
3.858000e-04  1.017642e+05
3.865000e-04  1.061538e+05
3.873000e-04  1.121082e+05
3.880000e-04  1.182420e+05
3.888000e-04  1.264380e+05
3.895000e-04  1.347672e+05
3.903000e-04  1.457562e+05
3.910000e-04  1.567914e+05
3.921000e-04  1.771086e+05
3.933000e-04  2.039292e+05
3.948000e-04  2.452068e+05
3.985000e-04  3.901008e+05
4.000000e-04  4.678530e+05
4.011000e-04  5.317992e+05
4.023000e-04  6.078120e+05
4.035000e-04  6.896640e+05
4.045000e-04  7.616700e+05
4.054000e-04  8.288580e+05
4.065000e-04  9.132600e+05
4.077000e-04  1.007118e+06
4.085000e-04  1.070094e+06
4.095000e-04  1.148664e+06
4.104000e-04  1.218708e+06
4.115000e-04  1.302828e+06
4.126000e-04  1.384680e+06
4.140000e-04  1.484742e+06
4.150000e-04  1.552998e+06
4.165000e-04  1.649856e+06
4.180000e-04  1.739784e+06
4.195000e-04  1.822674e+06
4.211400e-04  1.905363e+06
4.230000e-04  1.989456e+06
4.250000e-04  2.068986e+06
4.273700e-04  2.149669e+06
4.300000e-04  2.223414e+06
4.328000e-04  2.285466e+06
4.356900e-04  2.333612e+06
4.390000e-04  2.371398e+06
4.420000e-04  2.391840e+06
4.450000e-04  2.401302e+06
4.485000e-04  2.400990e+06
4.530000e-04  2.386896e+06
4.600000e-04  2.345460e+06
4.700000e-04  2.268660e+06
5.248075e-04  1.891010e+06
5.500000e-04  1.736454e+06
6.100000e-04  1.422204e+06
6.456542e-04  1.267423e+06
6.850000e-04  1.115286e+06
7.300000e-04  9.670200e+05
8.000000e-04  7.790100e+05
8.609938e-04  6.507257e+05
9.225714e-04  5.456805e+05
1.023293e-03  4.155863e+05
1.110000e-03  3.336330e+05
1.244515e-03  2.426810e+05
1.380384e-03  1.805606e+05
1.548817e-03  1.289582e+05
1.717908e-03  9.457388e+04
1.927525e-03  6.651820e+04
2.162719e-03  4.639415e+04
2.400000e-03  3.327876e+04
2.722701e-03  2.206369e+04
3.090295e-03  1.447560e+04
3.427678e-03  1.018998e+04
3.845918e-03  6.856874e+03
4.400000e-03  4.278588e+03
5.011872e-03  2.688131e+03
5.688529e-03  1.696705e+03
6.500000e-03  1.036404e+03
7.328245e-03  6.604317e+02
8.317638e-03  4.074184e+02
9.440609e-03  2.496188e+02
1.071519e-02  1.519416e+02
1.230269e-02  8.776827e+01
1.428894e-02  4.805708e+01
1.659587e-02  2.610471e+01
1.927525e-02  1.407477e+01
2.264644e-02  7.179099e+00
2.691535e-02  3.462888e+00
3.273407e-02  1.503956e+00
4.265795e-02  4.822692e-01
7.498942e-02  4.236114e-02
9.332543e-02  1.659411e-02
1.122019e-01  7.595249e-03
1.303167e-01  4.052733e-03
1.496236e-01  2.286155e-03
1.698244e-01  1.362804e-03
1.905461e-01  8.575937e-04
2.089296e-01  5.954055e-04
2.317395e-01  3.980445e-04
2.540973e-01  2.802144e-04
2.786121e-01  1.986043e-04
3.054921e-01  1.417541e-04
3.349654e-01  1.019603e-04
3.630781e-01  7.693564e-05
3.935501e-01  5.843522e-05
4.216965e-01  4.645700e-05
4.570882e-01  3.581918e-05
4.954502e-01  2.782418e-05
5.432503e-01  2.097189e-05
5.888437e-01  1.648535e-05
6.382635e-01  1.304668e-05
6.918310e-01  1.039892e-05
7.498942e-01  8.349540e-06
8.000000e-01  7.041634e-06
8.511380e-01  6.029189e-06
9.015711e-01  5.256145e-06
9.549926e-01  4.613473e-06
1.011579e+00  4.077413e-06
1.109175e+00  3.376134e-06
1.202264e+00  2.882212e-06
1.318257e+00  2.425485e-06
1.479108e+00  1.970855e-06
1.698244e+00  1.546964e-06
1.949845e+00  1.223259e-06
2.187762e+00  1.012164e-06
2.454709e+00  8.438968e-07
2.786121e+00  6.962385e-07
3.273407e+00  5.497972e-07
3.801894e+00  4.448934e-07
4.466836e+00  3.569806e-07
5.308844e+00  2.842539e-07
6.382635e+00  2.247417e-07
7.762471e+00  1.765131e-07
9.549926e+00  1.377223e-07
1.202264e+01  1.053823e-07
1.479108e+01  8.329874e-08
1.949845e+01  6.134335e-08
2.691535e+01  4.328768e-08
3.890451e+01  2.930076e-08
6.165950e+01  1.815394e-08
1.161449e+02  9.495976e-09
2.317395e+02  4.718820e-09
9.225714e+02  1.177534e-09
2.917427e+04  3.716080e-11
1.000000e+05  1.084400e-11
-1  -1
1.016100e-04  0.000000e+00
1.016100e-04  1.626652e+05
1.040000e-04  1.659356e+05
1.060000e-04  1.677656e+05
1.090000e-04  1.694432e+05
1.135011e-04  1.705386e+05
1.216186e-04  1.708625e+05
1.380384e-04  1.698442e+05
1.500000e-04  1.681836e+05
1.603245e-04  1.657335e+05
1.698244e-04  1.625599e+05
1.800000e-04  1.582504e+05
1.905461e-04  1.530405e+05
2.018366e-04  1.469819e+05
2.162719e-04  1.390314e+05
2.371374e-04  1.279875e+05
2.630268e-04  1.156951e+05
2.900000e-04  1.044276e+05
3.162278e-04  9.468502e+04
3.467369e-04  8.467721e+04
3.890451e-04  7.303171e+04
4.415704e-04  6.162258e+04
4.954502e-04  5.241220e+04
5.623413e-04  4.350317e+04
6.531306e-04  3.464779e+04
7.500000e-04  2.785960e+04
8.912509e-04  2.104875e+04
1.059254e-03  1.576789e+04
1.273503e-03  1.150407e+04
1.566751e-03  8.005018e+03
1.927525e-03  5.528678e+03
2.371374e-03  3.788939e+03
2.851018e-03  2.688851e+03
3.427678e-03  1.894106e+03
4.073803e-03  1.353658e+03
4.897788e-03  9.387697e+02
5.888437e-03  6.460277e+02
7.000000e-03  4.516100e+02
8.317638e-03  3.137349e+02
9.885531e-03  2.161860e+02
1.161449e-02  1.516096e+02
1.364583e-02  1.055633e+02
1.603245e-02  7.297043e+01
1.883649e-02  5.007188e+01
2.213095e-02  3.410437e+01
2.600160e-02  2.305632e+01
3.054921e-02  1.547250e+01
3.589219e-02  1.030820e+01
4.265795e-02  6.619263e+00
5.069907e-02  4.217146e+00
6.095369e-02  2.584320e+00
7.413102e-02  1.523414e+00
8.609938e-02  1.011048e+00
1.083927e-01  5.334941e-01
2.371374e-01  5.931975e-02
2.851018e-01  3.561770e-02
3.349654e-01  2.296215e-02
3.845918e-01  1.587861e-02
4.365158e-01  1.140855e-02
4.897788e-01  8.507852e-03
5.432503e-01  6.576745e-03
6.025596e-01  5.117832e-03
6.683439e-01  4.011296e-03
7.413102e-01  3.166868e-03
8.317638e-01  2.455880e-03
9.120108e-01  2.017185e-03
1.000000e+00  1.668800e-03
1.148154e+00  1.266825e-03
1.250000e+00  1.076300e-03
1.428894e+00  8.390177e-04
1.566751e+00  7.108192e-04
1.778279e+00  5.706674e-04
2.044000e+00  4.517300e-04
2.290868e+00  3.756494e-04
2.600160e+00  3.086077e-04
2.985383e+00  2.511193e-04
3.467369e+00  2.022554e-04
4.027170e+00  1.641263e-04
4.731513e+00  1.320436e-04
5.623413e+00  1.054151e-04
6.760830e+00  8.354573e-05
8.317638e+00  6.485475e-05
1.023293e+01  5.072525e-05
1.318257e+01  3.789224e-05
1.640590e+01  2.963882e-05
2.200000e+01  2.148500e-05
3.090295e+01  1.492324e-05
4.570882e+01  9.889231e-06
7.328245e+01  6.071463e-06
1.428894e+02  3.073122e-06
2.851018e+02  1.529573e-06
1.135011e+03  3.821334e-07
1.000000e+05  4.331500e-09
-1  -1
6.841000e-05  0.000000e+00
6.841000e-05  7.621580e+05
6.900000e-05  7.668200e+05
6.960000e-05  7.665120e+05
7.030000e-05  7.617220e+05
7.110000e-05  7.514940e+05
7.190000e-05  7.377260e+05
7.300000e-05  7.146220e+05
7.413102e-05  6.880391e+05
7.500000e-05  6.664120e+05
7.673615e-05  6.217542e+05
7.852356e-05  5.758489e+05
8.080000e-05  5.199120e+05
8.400000e-05  4.485960e+05
9.332543e-05  2.957866e+05
9.660509e-05  2.592710e+05
1.000000e-04  2.288080e+05
1.030000e-04  2.070280e+05
1.060000e-04  1.892056e+05
1.090000e-04  1.746300e+05
1.122018e-04  1.619846e+05
1.150000e-04  1.529360e+05
1.180000e-04  1.449178e+05
1.216186e-04  1.371114e+05
1.250400e-04  1.312196e+05
1.288250e-04  1.260217e+05
1.333521e-04  1.212088e+05
1.380384e-04  1.174445e+05
1.430000e-04  1.144596e+05
1.496236e-04  1.116177e+05
1.580000e-04  1.092460e+05
1.698244e-04  1.071473e+05
2.018366e-04  1.032593e+05
2.187762e-04  1.008695e+05
2.371374e-04  9.788154e+04
2.580000e-04  9.413680e+04
2.786121e-04  9.020010e+04
3.000000e-04  8.596760e+04
3.235937e-04  8.126590e+04
3.507519e-04  7.597499e+04
3.850000e-04  6.970640e+04
4.216965e-04  6.360732e+04
4.623810e-04  5.752952e+04
5.011872e-04  5.235020e+04
5.559043e-04  4.599031e+04
6.165950e-04  4.010225e+04
6.839116e-04  3.470513e+04
7.673615e-04  2.928301e+04
8.609938e-04  2.451407e+04
9.549926e-04  2.074764e+04
1.071519e-03  1.711518e+04
1.190000e-03  1.428114e+04
1.333521e-03  1.165363e+04
1.500000e-03  9.385320e+03
1.698244e-03  7.413043e+03
1.905461e-03  5.916977e+03
2.137962e-03  4.690673e+03
2.426610e-03  3.605084e+03
2.722701e-03  2.817897e+03
3.054921e-03  2.187312e+03
3.427678e-03  1.685516e+03
3.845918e-03  1.289939e+03
4.315191e-03  9.804720e+02
4.897788e-03  7.195728e+02
5.559043e-03  5.240975e+02
6.309573e-03  3.788233e+02
7.161434e-03  2.717756e+02
8.128305e-03  1.935810e+02
9.225714e-03  1.368930e+02
1.047129e-02  9.612296e+01
1.188502e-02  6.702509e+01
1.364583e-02  4.488732e+01
1.566751e-02  2.983789e+01
1.798871e-02  1.969461e+01
2.089296e-02  1.246103e+01
2.426610e-02  7.824499e+00
2.851018e-02  4.705143e+00
3.388442e-02  2.706844e+00
4.073803e-02  1.489128e+00
5.011872e-02  7.541629e-01
6.456542e-02  3.250710e-01
1.244515e-01  3.621401e-02
1.548817e-01  1.754363e-02
1.840772e-01  9.965787e-03
2.137962e-01  6.145015e-03
2.454709e-01  3.959094e-03
2.786121e-01  2.663490e-03
3.162278e-01  1.804781e-03
3.548134e-01  1.275794e-03
3.981072e-01  9.084623e-04
4.415705e-01  6.738005e-04
4.897788e-01  5.032071e-04
5.432503e-01  3.786121e-04
6.025596e-01  2.870285e-04
6.683439e-01  2.192631e-04
7.413102e-01  1.688315e-04
8.511380e-01  1.203595e-04
9.120108e-01  1.022161e-04
9.660509e-01  8.969762e-05
1.023293e+00  7.918658e-05
1.109175e+00  6.702566e-05
1.188600e+00  5.848400e-05
1.303167e+00  4.924000e-05
1.462177e+00  4.003678e-05
1.717908e+00  3.019487e-05
1.972423e+00  2.388695e-05
2.213095e+00  1.978275e-05
2.483133e+00  1.650582e-05
2.818383e+00  1.362512e-05
3.311311e+00  1.076492e-05
3.845918e+00  8.716095e-06
4.518559e+00  6.997641e-06
5.370318e+00  5.574956e-06
6.456542e+00  4.409961e-06
7.852356e+00  3.465123e-06
9.660509e+00  2.704672e-06
1.216186e+01  2.070512e-06
1.479108e+01  1.658222e-06
1.972423e+01  1.205865e-06
2.754229e+01  8.407781e-07
4.000000e+01  5.665600e-07
6.382635e+01  3.487511e-07
1.216186e+02  1.803860e-07
2.426610e+02  8.967814e-08
9.660509e+02  2.238219e-08
6.095369e+04  3.541580e-10
1.000000e+05  2.158700e-10
-1  -1
6.314000e-05  0.000000e+00
6.314000e-05  1.703796e+06
6.382635e-05  1.695732e+06
6.460000e-05  1.672668e+06
6.550000e-05  1.634004e+06
6.650000e-05  1.581484e+06
6.770000e-05  1.510644e+06
6.920000e-05  1.417296e+06
7.079458e-05  1.317567e+06
7.300000e-05  1.185408e+06
7.585776e-05  1.030662e+06
8.317638e-05  7.299769e+05
8.650000e-05  6.341040e+05
8.912509e-05  5.728327e+05
9.150000e-05  5.266520e+05
9.400000e-05  4.860760e+05
9.660509e-05  4.511386e+05
9.900000e-05  4.245200e+05
1.020000e-04  3.972624e+05
1.050000e-04  3.754548e+05
1.080000e-04  3.579548e+05
1.110000e-04  3.438512e+05
1.150000e-04  3.291100e+05
1.190000e-04  3.178572e+05
1.240000e-04  3.073100e+05
1.300000e-04  2.982128e+05
1.364583e-04  2.912512e+05
1.462177e-04  2.839583e+05
1.800000e-04  2.673772e+05
1.950000e-04  2.597320e+05
2.113489e-04  2.505597e+05
2.300000e-04  2.394440e+05
2.511886e-04  2.265715e+05
2.730000e-04  2.134564e+05
2.951209e-04  2.004448e+05
3.200000e-04  1.864356e+05
3.467369e-04  1.723065e+05
3.801894e-04  1.562902e+05
4.168694e-04  1.408148e+05
4.600000e-04  1.250140e+05
5.011872e-04  1.119307e+05
5.559043e-04  9.722294e+04
6.237348e-04  8.247492e+04
6.839116e-04  7.184490e+04
7.585776e-04  6.110204e+04
8.609938e-04  4.972546e+04
9.700000e-04  4.061760e+04
1.110000e-03  3.202516e+04
1.244515e-03  2.599222e+04
1.412538e-03  2.047648e+04
1.584893e-03  1.637686e+04
1.798871e-03  1.271893e+04
2.041738e-03  9.800816e+03
2.290868e-03  7.679541e+03
2.570396e-03  5.976613e+03
2.884032e-03  4.619469e+03
3.235937e-03  3.545452e+03
3.630781e-03  2.702404e+03
4.073803e-03  2.045864e+03
4.623810e-03  1.494608e+03
5.248075e-03  1.083259e+03
5.956621e-03  7.790619e+02
6.760830e-03  5.561171e+02
7.673615e-03  3.940038e+02
8.709636e-03  2.770734e+02
9.885531e-03  1.934242e+02
1.122018e-02  1.340523e+02
1.273503e-02  9.225855e+01
1.462177e-02  6.090626e+01
1.678804e-02  3.990099e+01
1.927525e-02  2.594866e+01
2.238721e-02  1.615238e+01
2.600160e-02  9.976154e+00
3.019952e-02  6.115987e+00
3.548134e-02  3.580519e+00
4.216965e-02  2.001804e+00
5.128614e-02  1.027302e+00
6.456542e-02  4.646067e-01
1.318257e-01  3.883148e-02
1.621810e-01  1.901210e-02
1.905461e-01  1.098583e-02
2.187762e-01  6.912743e-03
2.483133e-01  4.552702e-03
2.786121e-01  3.136085e-03
3.090295e-01  2.256841e-03
3.427678e-01  1.635252e-03
3.801894e-01  1.193754e-03
4.168694e-01  9.087086e-04
4.570882e-01  6.965180e-04
5.011872e-01  5.376861e-04
5.495409e-01  4.182033e-04
6.025596e-01  3.277354e-04
6.606935e-01  2.588683e-04
7.244360e-01  2.060519e-04
7.943282e-01  1.652704e-04
8.609938e-01  1.368405e-04
9.225714e-01  1.170801e-04
9.885531e-01  1.008387e-04
1.083927e+00  8.342720e-05
1.174898e+00  7.109696e-05
1.288250e+00  5.969809e-05
1.428894e+00  4.939893e-05
1.640590e+00  3.868994e-05
1.883649e+00  3.053748e-05
2.137962e+00  2.475338e-05
2.398833e+00  2.060892e-05
2.722701e+00  1.697874e-05
3.198895e+00  1.339069e-05
3.715352e+00  1.082338e-05
4.365158e+00  8.675125e-06
5.188000e+00  6.900436e-06
6.237348e+00  5.450377e-06
7.585776e+00  4.276825e-06
9.332543e+00  3.334121e-06
1.174898e+01  2.549322e-06
1.462177e+01  1.987869e-06
1.949845e+01  1.445193e-06
2.722701e+01  1.007343e-06
3.935501e+01  6.820436e-07
6.237348e+01  4.226485e-07
1.174898e+02  2.211167e-07
2.344229e+02  1.098889e-07
9.332543e+02  2.742319e-08
2.951209e+04  8.654850e-10
1.000000e+05  2.554800e-10
-1  -1
1.247000e-05  0.000000e+00
1.247000e-05  3.833392e+06
1.288250e-05  3.850010e+06
1.333521e-05  3.899442e+06
1.385000e-05  3.984372e+06
1.445440e-05  4.116493e+06
1.513561e-05  4.298804e+06
1.584893e-05  4.520173e+06
1.678804e-05  4.848230e+06
1.800000e-05  5.319280e+06
1.950000e-05  5.960480e+06
2.162719e-05  6.958279e+06
2.786121e-05  1.027750e+07
3.019952e-05  1.156121e+07
3.198895e-05  1.249531e+07
3.350000e-05  1.320864e+07
3.467369e-05  1.369298e+07
3.589219e-05  1.411706e+07
3.715352e-05  1.445847e+07
3.801894e-05  1.462775e+07
3.900000e-05  1.474900e+07
4.000000e-05  1.479376e+07
4.120975e-05  1.473957e+07
4.229500e-05  1.459142e+07
4.350000e-05  1.432248e+07
4.466836e-05  1.396639e+07
4.570882e-05  1.358032e+07
4.680000e-05  1.311672e+07
4.800000e-05  1.255136e+07
4.900000e-05  1.204648e+07
5.011872e-05  1.145638e+07
5.150000e-05  1.070636e+07
5.270000e-05  1.004868e+07
5.415200e-05  9.260187e+06
5.559043e-05  8.499878e+06
5.688529e-05  7.841589e+06
5.850000e-05  7.063200e+06
6.025596e-05  6.276317e+06
6.165950e-05  5.694156e+06
6.350000e-05  4.994240e+06
6.531306e-05  4.373712e+06
6.730000e-05  3.768688e+06
6.918310e-05  3.262817e+06
7.079458e-05  2.877916e+06
7.244360e-05  2.525976e+06
7.450000e-05  2.140932e+06
7.650000e-05  1.817824e+06
7.852356e-05  1.536568e+06
8.035261e-05  1.317282e+06
8.230000e-05  1.115888e+06
8.450000e-05  9.230480e+05
8.650000e-05  7.753480e+05
8.900000e-05  6.222120e+05
9.150000e-05  4.986000e+05
9.440609e-05  3.854085e+05
1.011579e-04  2.156131e+05
1.035142e-04  1.786535e+05
1.050000e-04  1.597676e+05
1.065000e-04  1.436956e+05
1.080000e-04  1.302836e+05
1.095000e-04  1.192180e+05
1.109175e-04  1.106656e+05
1.122018e-04  1.043351e+05
1.131000e-04  1.006304e+05
1.143000e-04  9.652200e+04
1.155000e-04  9.328920e+04
1.165000e-04  9.119960e+04
1.175000e-04  8.961080e+04
1.188502e-04  8.818319e+04
1.202264e-04  8.748673e+04
1.216186e-04  8.746831e+04
1.230269e-04  8.806550e+04
1.245000e-04  8.926840e+04
1.260000e-04  9.101880e+04
1.280000e-04  9.405000e+04
1.303167e-04  9.836990e+04
1.337300e-04  1.059062e+05
1.430000e-04  1.299696e+05
1.480000e-04  1.435064e+05
1.520000e-04  1.540528e+05
1.566751e-04  1.657588e+05
1.611900e-04  1.762771e+05
1.659587e-04  1.864675e+05
1.705000e-04  1.952264e+05
1.760000e-04  2.045356e+05
1.820000e-04  2.131424e+05
1.883649e-04  2.206879e+05
1.950000e-04  2.269040e+05
2.018366e-04  2.316821e+05
2.089296e-04  2.352119e+05
2.162719e-04  2.375352e+05
2.260000e-04  2.387132e+05
2.371374e-04  2.380793e+05
2.483133e-04  2.356420e+05
2.600160e-04  2.316128e+05
2.730000e-04  2.258440e+05
2.884032e-04  2.176600e+05
3.019952e-04  2.097412e+05
3.200000e-04  1.986772e+05
3.388442e-04  1.869660e+05
3.600000e-04  1.741440e+05
3.845918e-04  1.598866e+05
4.073803e-04  1.475670e+05
4.365158e-04  1.330004e+05
4.677351e-04  1.189728e+05
5.011872e-04  1.057039e+05
5.370318e-04  9.338947e+04
5.821032e-04  8.021730e+04
6.309573e-04  6.836552e+04
6.839116e-04  5.784428e+04
7.413102e-04  4.862666e+04
8.128305e-04  3.957753e+04
8.912509e-04  3.196852e+04
9.885530e-04  2.494792e+04
1.083927e-03  1.987588e+04
1.202264e-03  1.527518e+04
1.333521e-03  1.164811e+04
1.479108e-03  8.819406e+03
1.640590e-03  6.628242e+03
1.819701e-03  4.944557e+03
2.018366e-03  3.661530e+03
2.238721e-03  2.691534e+03
2.483133e-03  1.964458e+03
2.754229e-03  1.423824e+03
3.054921e-03  1.024926e+03
3.427678e-03  7.057074e+02
3.845918e-03  4.821237e+02
4.315191e-03  3.269927e+02
4.841724e-03  2.201397e+02
5.432503e-03  1.470285e+02
6.165950e-03  9.355515e+01
6.998420e-03  5.911597e+01
7.943282e-03  3.707166e+01
9.015711e-03  2.305911e+01
1.023293e-02  1.423709e+01
1.161449e-02  8.728782e+00
1.333521e-02  5.080768e+00
1.531087e-02  2.936065e+00
1.778279e-02  1.608807e+00
2.065380e-02  8.751683e-01
2.454709e-02  4.299385e-01
2.951209e-02  1.998655e-01
3.715352e-02  7.605721e-02
7.673615e-02  3.549547e-03
9.549926e-02  1.417846e-03
1.148154e-01  6.590120e-04
1.348963e-01  3.395696e-04
1.548817e-01  1.937030e-04
1.757924e-01  1.165650e-04
2.000000e-01  7.000000e-05
2.238721e-01  4.513975e-05
2.511886e-01  2.904821e-05
2.786121e-01  1.966515e-05
3.090295e-01  1.340158e-05
3.427678e-01  9.197259e-06
3.801894e-01  6.359881e-06
4.216965e-01  4.432634e-06
4.623810e-01  3.238966e-06
5.011872e-01  2.476517e-06
5.495409e-01  1.836816e-06
6.025596e-01  1.372559e-06
6.606935e-01  1.032135e-06
7.244360e-01  7.819891e-07
8.609938e-01  4.719174e-07
9.120108e-01  4.017741e-07
9.549926e-01  3.555165e-07
1.000000e+00  3.167600e-07
1.047129e+00  2.844406e-07
1.096478e+00  2.573039e-07
1.148154e+00  2.342521e-07
1.216186e+00  2.099123e-07
1.318257e+00  1.816985e-07
1.548817e+00  1.378714e-07
1.862087e+00  1.002619e-07
2.089296e+00  8.270964e-08
2.344229e+00  6.876070e-08
2.660725e+00  5.657012e-08
3.090295e+00  4.531360e-08
3.589219e+00  3.656031e-08
4.216965e+00  2.925374e-08
4.954502e+00  2.358542e-08
5.888437e+00  1.886639e-08
7.079458e+00  1.497994e-08
8.709636e+00  1.164892e-08
1.083927e+01  9.004016e-09
1.428894e+01  6.563846e-09
1.905461e+01  4.769758e-09
2.630268e+01  3.363904e-09
3.801894e+01  2.275907e-09
6.095369e+01  1.392756e-09
1.148154e+02  7.284540e-10
2.290868e+02  3.619520e-10
4.570882e+02  1.806190e-10
1.819701e+03  4.522170e-11
1.000000e+05  8.221700e-13
-1  -1
1.186000e-05  0.000000e+00
1.186000e-05  5.854512e+06
1.220000e-05  5.901924e+06
1.260000e-05  5.993484e+06
1.303167e-05  6.124265e+06
1.364583e-05  6.356254e+06
1.428894e-05  6.644769e+06
1.513561e-05  7.077568e+06
1.621810e-05  7.696328e+06
1.778279e-05  8.683963e+06
2.018366e-05  1.034825e+07
2.730000e-05  1.595322e+07
2.951209e-05  1.773178e+07
3.126079e-05  1.905133e+07
3.273407e-05  2.005749e+07
3.400000e-05  2.080890e+07
3.507519e-05  2.134209e+07
3.630781e-05  2.181860e+07
3.730000e-05  2.208240e+07
3.850000e-05  2.224932e+07
3.950000e-05  2.225784e+07
4.070000e-05  2.211114e+07
4.180000e-05  2.182926e+07
4.300000e-05  2.136930e+07
4.415704e-05  2.078912e+07
4.518559e-05  2.017602e+07
4.623810e-05  1.947033e+07
4.731513e-05  1.868345e+07
4.850000e-05  1.776222e+07
4.954502e-05  1.691711e+07
5.080000e-05  1.588002e+07
5.190000e-05  1.496550e+07
5.308844e-05  1.398552e+07
5.450000e-05  1.284888e+07
5.580000e-05  1.184130e+07
5.730000e-05  1.073646e+07
5.900000e-05  9.567660e+06
6.070000e-05  8.491860e+06
6.237348e-05  7.524589e+06
6.400000e-05  6.670440e+06
6.580000e-05  5.820360e+06
6.760830e-05  5.061067e+06
6.950000e-05  4.360038e+06
7.150000e-05  3.712698e+06
7.350000e-05  3.151842e+06
7.500000e-05  2.782320e+06
7.673615e-05  2.403895e+06
7.852356e-05  2.063955e+06
8.035261e-05  1.762345e+06
8.230000e-05  1.486404e+06
8.450000e-05  1.223328e+06
8.650000e-05  1.022868e+06
8.900000e-05  8.163600e+05
9.150000e-05  6.509640e+05
9.500000e-05  4.749258e+05
9.980000e-05  3.129144e+05
1.020000e-04  2.617548e+05
1.036400e-04  2.310387e+05
1.050000e-04  2.097174e+05
1.065000e-04  1.900584e+05
1.075000e-04  1.789638e+05
1.085000e-04  1.693230e+05
1.096478e-04  1.598948e+05
1.109175e-04  1.513116e+05
1.120000e-04  1.453752e+05
1.131000e-04  1.405188e+05
1.143000e-04  1.364436e+05
1.155000e-04  1.335150e+05
1.165000e-04  1.318644e+05
1.175000e-04  1.308636e+05
1.188502e-04  1.304427e+05
1.202264e-04  1.309908e+05
1.216186e-04  1.324240e+05
1.230269e-04  1.346582e+05
1.245000e-04  1.377240e+05
1.260000e-04  1.414998e+05
1.280000e-04  1.473864e+05
1.315000e-04  1.594518e+05
1.412538e-04  1.989806e+05
1.450000e-04  2.147154e+05
1.496236e-04  2.335871e+05
1.540000e-04  2.505174e+05
1.584893e-04  2.667258e+05
1.621810e-04  2.790545e+05
1.670000e-04  2.936514e+05
1.720000e-04  3.069846e+05
1.780000e-04  3.207156e+05
1.840772e-04  3.322115e+05
1.905461e-04  3.418731e+05
1.980000e-04  3.502092e+05
2.041738e-04  3.551747e+05
2.120000e-04  3.590994e+05
2.220000e-04  3.610722e+05
2.317395e-04  3.603417e+05
2.426610e-04  3.568619e+05
2.540973e-04  3.511373e+05
2.660725e-04  3.430672e+05
2.800000e-04  3.321180e+05
2.951209e-04  3.186236e+05
3.090295e-04  3.056563e+05
3.300000e-04  2.855274e+05
3.490000e-04  2.675820e+05
3.715352e-04  2.471942e+05
3.981072e-04  2.247842e+05
4.216965e-04  2.063259e+05
4.518559e-04  1.848591e+05
4.841724e-04  1.644701e+05
5.248075e-04  1.424278e+05
5.688529e-04  1.223798e+05
6.165950e-04  1.043314e+05
6.683439e-04  8.828493e+04
7.328245e-04  7.236038e+04
8.035261e-04  5.883592e+04
8.810489e-04  4.747104e+04
9.772372e-04  3.699193e+04
1.083927e-03  2.859483e+04
1.202264e-03  2.193004e+04
1.333521e-03  1.668904e+04
1.479108e-03  1.260477e+04
1.640590e-03  9.451374e+03
1.819701e-03  7.034862e+03
2.018366e-03  5.197694e+03
2.238721e-03  3.811452e+03
2.483133e-03  2.774909e+03
2.754229e-03  2.006136e+03
3.054921e-03  1.440441e+03
3.388442e-03  1.027352e+03
3.801894e-03  7.004134e+02
4.265795e-03  4.738674e+02
4.786301e-03  3.182321e+02
5.370318e-03  2.121923e+02
5.956621e-03  1.463886e+02
6.683439e-03  9.615137e+01
7.585776e-03  6.009938e+01
8.709636e-03  3.571438e+01
9.885531e-03  2.200372e+01
1.122018e-02  1.345559e+01
1.288250e-02  7.806363e+00
1.479108e-02  4.494126e+00
1.698244e-02  2.568881e+00
1.972423e-02  1.391013e+00
2.290868e-02  7.475562e-01
2.722701e-02  3.622862e-01
3.273407e-02  1.660201e-01
4.168694e-02  5.909387e-02
7.852356e-02  3.891657e-03
9.660509e-02  1.608225e-03
1.148154e-01  7.748526e-04
1.318257e-01  4.348346e-04
1.500000e-01  2.551100e-04
1.698244e-01  1.539305e-04
1.905461e-01  9.707050e-05
2.113489e-01  6.454660e-05
2.344229e-01  4.323343e-05
2.570396e-01  3.048121e-05
2.818383e-01  2.163918e-05
3.090295e-01  1.547542e-05
3.388442e-01  1.115363e-05
3.672823e-01  8.430613e-06
4.000000e-01  6.312700e-06
4.315191e-01  4.911428e-06
4.677351e-01  3.787936e-06
5.011872e-01  3.050183e-06
5.432503e-01  2.387681e-06
5.888437e-01  1.883122e-06
6.382635e-01  1.495274e-06
6.918310e-01  1.195591e-06
7.498942e-01  9.628870e-07
8.413951e-01  7.139674e-07
8.912509e-01  6.180570e-07
9.440609e-01  5.383615e-07
1.000000e+00  4.723700e-07
1.071519e+00  4.075109e-07
1.148154e+00  3.541642e-07
1.216186e+00  3.169410e-07
1.333521e+00  2.675454e-07
1.531087e+00  2.096763e-07
1.778279e+00  1.616634e-07
2.041738e+00  1.281044e-07
2.290868e+00  1.063314e-07
2.570396e+00  8.890071e-08
2.951209e+00  7.229316e-08
3.427678e+00  5.819474e-08
4.000000e+00  4.689100e-08
4.677351e+00  3.795370e-08
5.559043e+00  3.028339e-08
6.683439e+00  2.398969e-08
8.128305e+00  1.887448e-08
1.011579e+01  1.455242e-08
1.288250e+01  1.101138e-08
1.531087e+01  9.061713e-09
2.041738e+01  6.595423e-09
2.851018e+01  4.602377e-09
4.168694e+01  3.081641e-09
6.683439e+01  1.889106e-09
1.288250e+02  9.663280e-10
2.570396e+02  4.806070e-10
1.023293e+03  1.199890e-10
1.000000e+05  1.226100e-12
-1  -1
6.890000e-06  0.000000e+00
6.890000e-06  1.776810e+06
6.950000e-06  1.706820e+06
7.328245e-06  1.306071e+06
7.673615e-06  1.028421e+06
8.000000e-06  8.240250e+05
8.350000e-06  6.520910e+05
8.709636e-06  5.143078e+05
9.015711e-06  4.210420e+05
9.350000e-06  3.389540e+05
9.700000e-06  2.704040e+05
1.000000e-05  2.228850e+05
1.035142e-05  1.777160e+05
1.060000e-05  1.513600e+05
1.088100e-05  1.261585e+05
1.122018e-05  1.011296e+05
1.150000e-05  8.414750e+04
1.180000e-05  6.897100e+04
1.202264e-05  5.942423e+04
1.230269e-05  4.917879e+04
1.260000e-05  4.013140e+04
1.290000e-05  3.260570e+04
1.320000e-05  2.642790e+04
1.350000e-05  2.137890e+04
1.380384e-05  1.722878e+04
1.470000e-05  9.235880e+03
1.496236e-05  7.798614e+03
1.515000e-05  6.961790e+03
1.531087e-05  6.356881e+03
1.545000e-05  5.909860e+03
1.560000e-05  5.500250e+03
1.575000e-05  5.159460e+03
1.590000e-05  4.881590e+03
1.605000e-05  4.661180e+03
1.615000e-05  4.543700e+03
1.626900e-05  4.432353e+03
1.640590e-05  4.339840e+03
1.655000e-05  4.280330e+03
1.670000e-05  4.256100e+03
1.685000e-05  4.266880e+03
1.700000e-05  4.309480e+03
1.715000e-05  4.380940e+03
1.730000e-05  4.478540e+03
1.750000e-05  4.645040e+03
1.770000e-05  4.848200e+03
1.793000e-05  5.120910e+03
1.830000e-05  5.631810e+03
1.935000e-05  7.397950e+03
1.980000e-05  8.232370e+03
2.020000e-05  8.989600e+03
2.070000e-05  9.940170e+03
2.113489e-05  1.075969e+04
2.162719e-05  1.166924e+04
2.213400e-05  1.257795e+04
2.270000e-05  1.355230e+04
2.330000e-05  1.453330e+04
2.398833e-05  1.558847e+04
2.470000e-05  1.659870e+04
2.540973e-05  1.752475e+04
2.610000e-05  1.834950e+04
2.691535e-05  1.923203e+04
2.786121e-05  2.013995e+04
2.900000e-05  2.108280e+04
3.019952e-05  2.191705e+04
3.150000e-05  2.265900e+04
3.300000e-05  2.333410e+04
3.467369e-05  2.389766e+04
3.650000e-05  2.432840e+04
3.850000e-05  2.462440e+04
4.073803e-05  2.478796e+04
4.365158e-05  2.480563e+04
4.677351e-05  2.464261e+04
5.069907e-05  2.425752e+04
5.500000e-05  2.369120e+04
6.000000e-05  2.292380e+04
6.531306e-05  2.203022e+04
7.079458e-05  2.107004e+04
7.673615e-05  2.001800e+04
8.317638e-05  1.888980e+04
9.015711e-05  1.769752e+04
9.800000e-05  1.642150e+04
1.059254e-04  1.521475e+04
1.161449e-04  1.378873e+04
1.273503e-04  1.240340e+04
1.412538e-04  1.092543e+04
1.603245e-04  9.280332e+03
1.883649e-04  7.470746e+03
2.570396e-04  4.848759e+03
3.630781e-04  2.986501e+03
4.073803e-04  2.526170e+03
4.623810e-04  2.082703e+03
5.248075e-04  1.705652e+03
6.606934e-04  1.173284e+03
8.317638e-04  8.034933e+02
9.440609e-04  6.483352e+02
1.216186e-03  4.173448e+02
1.513561e-03  2.831511e+02
1.883649e-03  1.905582e+02
2.398833e-03  1.220623e+02
2.917427e-03  8.450298e+01
3.630781e-03  5.556403e+01
4.315191e-03  3.959250e+01
5.128614e-03  2.799648e+01
6.237348e-03  1.874419e+01
7.413102e-03  1.307123e+01
8.810489e-03  9.048726e+00
1.047129e-02  6.216138e+00
1.244515e-02  4.236131e+00
1.462177e-02  2.939979e+00
1.717908e-02  2.025650e+00
2.018366e-02  1.385495e+00
2.371374e-02  9.405864e-01
2.786121e-02  6.338614e-01
3.273407e-02  4.239813e-01
3.845918e-02  2.815313e-01
4.570882e-02  1.801664e-01
5.370318e-02  1.179374e-01
6.456542e-02  7.209712e-02
7.852356e-02  4.240707e-02
9.549926e-02  2.471857e-02
1.244515e-01  1.180418e-02
2.344229e-01  1.995572e-03
2.818383e-01  1.197787e-03
3.311311e-01  7.718818e-04
3.801894e-01  5.335249e-04
4.315191e-01  3.831503e-04
4.841724e-01  2.856080e-04
5.370318e-01  2.206940e-04
6.000000e-01  1.687300e-04
6.683439e-01  1.309829e-04
7.413102e-01  1.034818e-04
8.222427e-01  8.237676e-05
9.015711e-01  6.769985e-05
9.885531e-01  5.600994e-05
1.148154e+00  4.156619e-05
1.258925e+00  3.484123e-05
1.428894e+00  2.751797e-05
1.566751e+00  2.330898e-05
1.778279e+00  1.871242e-05
2.044000e+00  1.481400e-05
2.290868e+00  1.231986e-05
2.600160e+00  1.012101e-05
2.985383e+00  8.235099e-06
3.467369e+00  6.632496e-06
4.027170e+00  5.382119e-06
4.731513e+00  4.330281e-06
5.623413e+00  3.456923e-06
6.760830e+00  2.739685e-06
8.222427e+00  2.156475e-06
1.011579e+01  1.686010e-06
1.288250e+01  1.275732e-06
1.531087e+01  1.049822e-06
2.041738e+01  7.640896e-07
2.851018e+01  5.331964e-07
4.168694e+01  3.570160e-07
6.683439e+01  2.188524e-07
1.288250e+02  1.119501e-07
2.570396e+02  5.567900e-08
1.023293e+03  1.390154e-08
1.000000e+05  1.420400e-10
-1  -1
-2  0.0
-2  -2
