1.356300e-01  0.000000e+00
1.356300e-01  1.116681e+03
1.390000e-01  1.053218e+03
1.400000e-01  1.032672e+03
1.425000e-01  9.926820e+02
1.470000e-01  9.167280e+02
1.540000e-01  8.205640e+02
1.698244e-01  6.423629e+02
2.600160e-01  2.239585e+02
3.054921e-01  1.510986e+02
3.589219e-01  1.026952e+02
4.168694e-01  7.226775e+01
4.731513e-01  5.403731e+01
5.432503e-01  3.965081e+01
6.237348e-01  2.931166e+01
7.161434e-01  2.183165e+01
8.222427e-01  1.638498e+01
9.332543e-01  1.268295e+01
1.122018e+00  8.828402e+00
1.273503e+00  6.912823e+00
1.445440e+00  5.454250e+00
1.621810e+00  4.427890e+00
1.840772e+00  3.546060e+00
2.113489e+00  2.803126e+00
2.398833e+00  2.275663e+00
2.754229e+00  1.826355e+00
3.198895e+00  1.450397e+00
3.715352e+00  1.160373e+00
4.365158e+00  9.197340e-01
5.128614e+00  7.345659e-01
6.095369e+00  5.819077e-01
7.244360e+00  4.644197e-01
8.810489e+00  3.625663e-01
1.083927e+01  2.812197e-01
1.364583e+01  2.138964e-01
1.798871e+01  1.555808e-01
2.344229e+01  1.157106e-01
3.162278e+01  8.336002e-02
4.415704e+01  5.837137e-02
6.683439e+01  3.779992e-02
1.071519e+02  2.322859e-02
1.883649e+02  1.307182e-02
3.758374e+02  6.503969e-03
7.498942e+02  3.247788e-03
5.956621e+03  4.075292e-04
1.000000e+05  2.426400e-05
-1  -1
2.604700e-02  0.000000e+00
2.604700e-02  3.738078e+03
2.650000e-02  3.616400e+03
2.725000e-02  3.452720e+03
2.760000e-02  3.385360e+03
2.851018e-02  3.190697e+03
3.000000e-02  2.934080e+03
3.650000e-02  2.058740e+03
4.027170e-02  1.709710e+03
5.069907e-02  1.084880e+03
5.754399e-02  8.353912e+02
6.531306e-02  6.406471e+02
7.852356e-02  4.300511e+02
9.500000e-02  2.814320e+02
1.150000e-01  1.820636e+02
1.412538e-01  1.128957e+02
3.054921e-01  1.829196e+01
3.715352e-01  1.163297e+01
4.415705e-01  7.856030e+00
5.128614e-01  5.627647e+00
5.956621e-01  4.063080e+00
6.918310e-01  2.954522e+00
8.035261e-01  2.164429e+00
9.225714e-01  1.634643e+00
1.071519e+00  1.216589e+00
1.258925e+00  8.899201e-01
1.428894e+00  7.016939e-01
1.584893e+00  5.811062e-01
1.798871e+00  4.648239e-01
2.065380e+00  3.669685e-01
2.344229e+00  2.975332e-01
2.691535e+00  2.385072e-01
3.126079e+00  1.892089e-01
3.630781e+00  1.512078e-01
4.265795e+00  1.197157e-01
5.011872e+00  9.550922e-02
5.956621e+00  7.558275e-02
7.079458e+00  6.026461e-02
8.609938e+00  4.700347e-02
1.059254e+01  3.642590e-02
1.318257e+01  2.806083e-02
1.678804e+01  2.120516e-02
2.162719e+01  1.593668e-02
2.754229e+01  1.221161e-02
3.507519e+01  9.392821e-03
5.308844e+01  6.055792e-03
8.413951e+01  3.751278e-03
1.566751e+02  1.984957e-03
3.126079e+02  9.865422e-04
6.237348e+02  4.921878e-04
4.954502e+03  6.173209e-05
1.000000e+05  3.056500e-06
-1  -1
2.524200e-02  0.000000e+00
2.524200e-02  7.975282e+03
2.555000e-02  7.791600e+03
2.660725e-02  7.103200e+03
2.754229e-02  6.529700e+03
2.851018e-02  6.023700e+03
3.507519e-02  3.607600e+03
3.845918e-02  2.855300e+03
4.731513e-02  1.666000e+03
5.956621e-02  9.011900e+02
7.413102e-02  4.971600e+02
9.660509e-02  2.395900e+02
1.819701e-01  4.122400e+01
2.300000e-01  2.164100e+01
2.691535e-01  1.412669e+01
3.162278e-01  9.183839e+00
3.672823e-01  6.200675e+00
4.216965e-01  4.346214e+00
4.786301e-01  3.159682e+00
5.432503e-01  2.314110e+00
6.095369e-01  1.755875e+00
6.683439e-01  1.415996e+00
7.498942e-01  1.090282e+00
8.413951e-01  8.453477e-01
9.549926e-01  6.432487e-01
1.035142e+00  5.443355e-01
1.135011e+00  4.530884e-01
1.258925e+00  3.713840e-01
1.412538e+00  3.001058e-01
1.659587e+00  2.247134e-01
1.905461e+00  1.766205e-01
2.162719e+00  1.425873e-01
2.454709e+00  1.159236e-01
2.818383e+00  9.317836e-02
3.311311e+00  7.282296e-02
3.845918e+00  5.836033e-02
4.518559e+00  4.633320e-02
5.308844e+00  3.706255e-02
6.309573e+00  2.940585e-02
7.585776e+00  2.315899e-02
9.225714e+00  1.811270e-02
1.135011e+01  1.407312e-02
1.428894e+01  1.072218e-02
1.862087e+01  7.914715e-03
2.400000e+01  5.964000e-03
3.235937e+01  4.300874e-03
4.731513e+01  2.870147e-03
7.413102e+01  1.795439e-03
1.333521e+02  9.822360e-04
2.660725e+02  4.874964e-04
5.308844e+02  2.430104e-04
4.216965e+03  3.045676e-05
1.000000e+05  1.283400e-06
-1  -1
1.992900e-02  0.000000e+00
1.992900e-02  1.984848e+04
2.030000e-02  1.896824e+04
2.120000e-02  1.687792e+04
2.190000e-02  1.541676e+04
2.300000e-02  1.349740e+04
2.900000e-02  7.029240e+03
3.273407e-02  4.953746e+03
3.801894e-02  3.200632e+03
4.731513e-02  1.669788e+03
5.888437e-02  8.611532e+02
7.328245e-02  4.401498e+02
9.660509e-02  1.867791e+02
1.678804e-01  3.331199e+01
2.113489e-01  1.636850e+01
2.511886e-01  9.673494e+00
2.917427e-01  6.185367e+00
3.349654e-01  4.120747e+00
3.801894e-01  2.859945e+00
4.265795e-01  2.065597e+00
4.786301e-01  1.502413e+00
5.370318e-01  1.101083e+00
6.000000e-01  8.225179e-01
6.683439e-01  6.243112e-01
7.413102e-01  4.824633e-01
8.709636e-01  3.262456e-01
9.332543e-01  2.777239e-01
9.885531e-01  2.443023e-01
1.059254e+00  2.111512e-01
1.135011e+00  1.837188e-01
1.230269e+00  1.572825e-01
1.348963e+00  1.326710e-01
1.737801e+00  8.451976e-02
1.995262e+00  6.655334e-02
2.264644e+00  5.385764e-02
2.600160e+00  4.308909e-02
3.000000e+00  3.447000e-02
3.467369e+00  2.769077e-02
4.027170e+00  2.223965e-02
4.731513e+00  1.769499e-02
5.559043e+00  1.418440e-02
6.606934e+00  1.127652e-02
7.943282e+00  8.898028e-03
9.660509e+00  6.971738e-03
1.188502e+01  5.426320e-03
1.479108e+01  4.196725e-03
1.883649e+01  3.182692e-03
2.454709e+01  2.369593e-03
3.388442e+01  1.667325e-03
5.128614e+01  1.074141e-03
8.128305e+01  6.649489e-04
1.513561e+02  3.516758e-04
3.019952e+02  1.747468e-04
6.025596e+02  8.716260e-05
4.786301e+03  1.093140e-05
1.000000e+05  5.228400e-07
-1  -1
6.732500e-03  0.000000e+00
6.732500e-03  9.231060e+03
7.328245e-03  8.279971e+03
7.585776e-03  7.940215e+03
8.150000e-03  7.183740e+03
8.810489e-03  6.482254e+03
9.332543e-03  5.965343e+03
1.023293e-02  5.188612e+03
1.100000e-02  4.662120e+03
1.190000e-02  4.112260e+03
1.428894e-02  3.050092e+03
1.584893e-02  2.551747e+03
1.850000e-02  1.943576e+03
2.187762e-02  1.428549e+03
2.426610e-02  1.175271e+03
2.851018e-02  8.609497e+02
3.388442e-02  6.106128e+02
4.027170e-02  4.290252e+02
4.800000e-02  2.969240e+02
5.688529e-02  2.062157e+02
6.760830e-02  1.412158e+02
8.035261e-02  9.597699e+01
9.660509e-02  6.309618e+01
1.188502e-01  3.904804e+01
1.531088e-01  2.153505e+01
2.630268e-01  5.972981e+00
3.235937e-01  3.677420e+00
3.935501e-01  2.343352e+00
4.677351e-01  1.586181e+00
5.370318e-01  1.168410e+00
6.237348e-01  8.450357e-01
7.244360e-01  6.155666e-01
8.511380e-01  4.411647e-01
9.660509e-01  3.418510e-01
1.188502e+00  2.278221e-01
1.333521e+00  1.829138e-01
1.513561e+00  1.447154e-01
1.717908e+00  1.154519e-01
1.972423e+00  9.093204e-02
2.238721e+00  7.354068e-02
2.570396e+00  5.879838e-02
2.951209e+00  4.736313e-02
3.427678e+00  3.774313e-02
4.000000e+00  3.009000e-02
4.677351e+00  2.409245e-02
5.495409e+00  1.930222e-02
6.531306e+00  1.533807e-02
7.852356e+00  1.209705e-02
9.549926e+00  9.473935e-03
1.174898e+01  7.370701e-03
1.462177e+01  5.698193e-03
1.862087e+01  4.319850e-03
2.426610e+01  3.215624e-03
3.349654e+01  2.261633e-03
5.069907e+01  1.456684e-03
8.128305e+01  8.909158e-04
1.513561e+02  4.711771e-04
3.019952e+02  2.341378e-04
6.025596e+02  1.167796e-04
4.786301e+03  1.464533e-05
1.000000e+05  7.005100e-07
-1  -1
6.350900e-03  0.000000e+00
6.350900e-03  1.466800e+04
6.531306e-03  1.434303e+04
6.920000e-03  1.354840e+04
7.300000e-03  1.274256e+04
8.035261e-03  1.134997e+04
8.511380e-03  1.049985e+04
9.332543e-03  9.183828e+03
1.035142e-02  7.854357e+03
1.109175e-02  7.036784e+03
1.318257e-02  5.235944e+03
1.412538e-02  4.618582e+03
1.659587e-02  3.400329e+03
1.800000e-02  2.895180e+03
2.089296e-02  2.132817e+03
2.300000e-02  1.738956e+03
2.650000e-02  1.276690e+03
3.054921e-02  9.261476e+02
3.427678e-02  7.094782e+02
3.900000e-02  5.228540e+02
4.518559e-02  3.661495e+02
5.300000e-02  2.467340e+02
6.237348e-02  1.635409e+02
7.413102e-02  1.048954e+02
9.015711e-02  6.289018e+01
1.135011e-01  3.415297e+01
2.089296e-01  6.657584e+00
2.691535e-01  3.418667e+00
2.951209e-01  2.671204e+00
3.507519e-01  1.706946e+00
4.073803e-01  1.166192e+00
4.677351e-01  8.262846e-01
5.308844e-01  6.066568e-01
6.025596e-01  4.487117e-01
6.760830e-01  3.436392e-01
7.585776e-01  2.649962e-01
8.709636e-01  1.955238e-01
9.549926e-01  1.608311e-01
1.035142e+00  1.365247e-01
1.174898e+00  1.063572e-01
1.303167e+00  8.729169e-02
1.479108e+00  6.915230e-02
1.698244e+00  5.401580e-02
1.949845e+00  4.250595e-02
2.213095e+00  3.435559e-02
2.540973e+00  2.745101e-02
2.917427e+00  2.209941e-02
3.388442e+00  1.760110e-02
3.935501e+00  1.412107e-02
4.623810e+00  1.122348e-02
5.432503e+00  8.987001e-03
6.456542e+00  7.137386e-03
7.762471e+00  5.626609e-03
9.440609e+00  4.404573e-03
1.161449e+01  3.425297e-03
1.445440e+01  2.646931e-03
1.862087e+01  1.980134e-03
2.426610e+01  1.473963e-03
3.349654e+01  1.036729e-03
5.069907e+01  6.676927e-04
8.035261e+01  4.132592e-04
1.513561e+02  2.159739e-04
3.019952e+02  1.073194e-04
6.025596e+02  5.353067e-05
4.786301e+03  6.713182e-06
1.000000e+05  3.211000e-07
-1  -1
5.103800e-03  0.000000e+00
5.103800e-03  6.233465e+04
5.188000e-03  5.909938e+04
5.500000e-03  5.376120e+04
5.888437e-03  4.777111e+04
6.531306e-03  3.972996e+04
7.079458e-03  3.412205e+04
8.128305e-03  2.609391e+04
8.810489e-03  2.222372e+04
1.059254e-02  1.516915e+04
1.150000e-02  1.268524e+04
1.350000e-02  8.879800e+03
1.479108e-02  7.194093e+03
1.698244e-02  5.199626e+03
1.950000e-02  3.717656e+03
2.162719e-02  2.876910e+03
2.511886e-02  1.968075e+03
2.917427e-02  1.333007e+03
3.311311e-02  9.516180e+02
3.715352e-02  6.968688e+02
4.265795e-02  4.763384e+02
4.954502e-02  3.130653e+02
5.754399e-02  2.042895e+02
6.760830e-02  1.280915e+02
8.128305e-02  7.452937e+01
1.000000e-01  4.019640e+01
1.318257e-01  1.748956e+01
1.949845e-01  5.360843e+00
2.483133e-01  2.605151e+00
2.917427e-01  1.621329e+00
3.388442e-01  1.051509e+00
3.890451e-01  7.104465e-01
4.415705e-01  4.997015e-01
4.954502e-01  3.654157e-01
5.559043e-01  2.691459e-01
6.165950e-01  2.057640e-01
6.839117e-01  1.583906e-01
7.585776e-01  1.227468e-01
8.709636e-01  8.793496e-02
9.332543e-01  7.489697e-02
9.885531e-01  6.590576e-02
1.059254e+00  5.697647e-02
1.148154e+00  4.846994e-02
1.250000e+00  4.119250e-02
1.380384e+00  3.433960e-02
1.757924e+00  2.234536e-02
2.000000e+00  1.788288e-02
2.264644e+00  1.453064e-02
2.600160e+00  1.162522e-02
3.000000e+00  9.299500e-03
3.467369e+00  7.470601e-03
4.027170e+00  5.999995e-03
4.731513e+00  4.773916e-03
5.559043e+00  3.826674e-03
6.606934e+00  3.042245e-03
7.943282e+00  2.400512e-03
9.660509e+00  1.880894e-03
1.188502e+01  1.463982e-03
1.479108e+01  1.132192e-03
1.883649e+01  8.586567e-04
2.454709e+01  6.392810e-04
3.388442e+01  4.498047e-04
5.128614e+01  2.897812e-04
8.222427e+01  1.772708e-04
1.531087e+02  9.377242e-05
3.054921e+02  4.659967e-05
6.095369e+02  2.324494e-05
4.841724e+03  2.915240e-06
1.000000e+05  1.410500e-07
-1  -1
4.492200e-03  0.000000e+00
4.492200e-03  1.379800e+05
4.786301e-03  1.238388e+05
4.850000e-03  1.203691e+05
5.308844e-03  9.485865e+04
5.821032e-03  7.369380e+04
6.683439e-03  4.991604e+04
7.585776e-03  3.464554e+04
8.317638e-03  2.643170e+04
9.120108e-03  2.006236e+04
1.120000e-02  1.065668e+04
1.230269e-02  7.923328e+03
1.428894e-02  4.911808e+03
1.678804e-02  2.900226e+03
1.862087e-02  2.056607e+03
2.162719e-02  1.242887e+03
2.570396e-02  6.880963e+02
3.019952e-02  3.928456e+02
3.589219e-02  2.137128e+02
4.315191e-02  1.107221e+02
5.248075e-02  5.465544e+01
6.760830e-02  2.171527e+01
1.288250e-01  2.042959e+00
1.566751e-01  1.003295e+00
1.862087e-01  5.395530e-01
2.187762e-01  3.045455e-01
2.511886e-01  1.877722e-01
2.851018e-01  1.213409e-01
3.235937e-01  7.899603e-02
3.630781e-01  5.386208e-02
4.073803e-01  3.700398e-02
4.518559e-01  2.658149e-02
5.011872e-01  1.923187e-02
5.495409e-01  1.451229e-02
6.025596e-01  1.102983e-02
6.531306e-01  8.747192e-03
7.161434e-01  6.760051e-03
7.943282e-01  5.100189e-03
8.609938e-01  4.082433e-03
9.120108e-01  3.503853e-03
9.549926e-01  3.118784e-03
1.000000e+00  2.793962e-03
1.047129e+00  2.520371e-03
1.109175e+00  2.232227e-03
1.174898e+00  1.991026e-03
1.258925e+00  1.748836e-03
1.364583e+00  1.514586e-03
1.531087e+00  1.241452e-03
1.862087e+00  8.791012e-04
2.089296e+00  7.222045e-04
2.371374e+00  5.860053e-04
2.722701e+00  4.701011e-04
3.162278e+00  3.731748e-04
3.672823e+00  2.983891e-04
4.315191e+00  2.363782e-04
5.069907e+00  1.886873e-04
6.025596e+00  1.493915e-04
7.161434e+00  1.191712e-04
8.709636e+00  9.299361e-05
1.071519e+01  7.209837e-05
1.333521e+01  5.556218e-05
1.737801e+01  4.091324e-05
2.290868e+01  3.000887e-05
3.054921e+01  2.188185e-05
4.000000e+01  1.639200e-05
5.821032e+01  1.103746e-05
9.120108e+01  6.929774e-06
1.659587e+02  3.757761e-06
3.311311e+02  1.868450e-06
6.606934e+02  9.323971e-07
5.248075e+03  1.169610e-07
1.000000e+05  6.134700e-09
-1  -1
4.248100e-03  0.000000e+00
4.248100e-03  2.327110e+05
4.420000e-03  2.099513e+05
4.550000e-03  1.933074e+05
5.011872e-03  1.487079e+05
5.432503e-03  1.186692e+05
6.095369e-03  8.533111e+04
6.918310e-03  5.895823e+04
7.800000e-03  4.120134e+04
8.709636e-03  2.939236e+04
1.071519e-02  1.531003e+04
1.202264e-02  1.054866e+04
1.350000e-02  7.221840e+03
1.584893e-02  4.226080e+03
1.778279e-02  2.856928e+03
2.018366e-02  1.846837e+03
2.344229e-02  1.093485e+03
2.754229e-02  6.161365e+02
3.273407e-02  3.300522e+02
3.890451e-02  1.752093e+02
4.623810e-02  9.230014e+01
5.623413e-02  4.430285e+01
7.328245e-02  1.625438e+01
1.188502e-01  2.586997e+00
1.445440e-01  1.237619e+00
1.698244e-01  6.789167e-01
1.972423e-01  3.916205e-01
2.264644e-01  2.374131e-01
2.540973e-01  1.574988e-01
2.851018e-01  1.052278e-01
3.162278e-01  7.370494e-02
3.507519e-01  5.199651e-02
3.890451e-01  3.696387e-02
4.265795e-01  2.748339e-02
4.677351e-01  2.057525e-02
5.128614e-01  1.551341e-02
5.623413e-01  1.178429e-02
6.095369e-01  9.328086e-03
6.606935e-01  7.438690e-03
7.244360e-01  5.787756e-03
8.609938e-01  3.664959e-03
9.120108e-01  3.165016e-03
9.660509e-01  2.753373e-03
1.011579e+00  2.478987e-03
1.071519e+00  2.190396e-03
1.135011e+00  1.947984e-03
1.216186e+00  1.704394e-03
1.318257e+00  1.469643e-03
1.883649e+00  7.840570e-04
2.113489e+00  6.445854e-04
2.398833e+00  5.233028e-04
2.754229e+00  4.199997e-04
3.198895e+00  3.335582e-04
3.715352e+00  2.668661e-04
4.365158e+00  2.115227e-04
5.128614e+00  1.689341e-04
6.095369e+00  1.338264e-04
7.328245e+00  1.052389e-04
8.912509e+00  8.219518e-05
1.100000e+01  6.353600e-05
1.380384e+01  4.853180e-05
1.819701e+01  3.531673e-05
2.371374e+01  2.627534e-05
3.198895e+01  1.893325e-05
4.570882e+01  1.294255e-05
7.079458e+01  8.188154e-06
1.202264e+02  4.747623e-06
2.213095e+02  2.553484e-06
4.415704e+02  1.271626e-06
1.757924e+03  3.180132e-07
1.000000e+05  5.580100e-09
-1  -1
1.788700e-03  0.000000e+00
1.788700e-03  2.035476e+04
2.065380e-03  1.750653e+04
2.162719e-03  1.672247e+04
2.300000e-03  1.561070e+04
2.818383e-03  1.224081e+04
3.162278e-03  1.061599e+04
3.427678e-03  9.531132e+03
4.168694e-03  7.259959e+03
4.623810e-03  6.237562e+03
5.432503e-03  4.891385e+03
6.309573e-03  3.865690e+03
7.161434e-03  3.151554e+03
8.511380e-03  2.363576e+03
1.023293e-02  1.721370e+03
1.216186e-02  1.267209e+03
1.445440e-02  9.250312e+02
1.737801e-02  6.553769e+02
2.065380e-02  4.705370e+02
2.426610e-02  3.429991e+02
2.851018e-02  2.483983e+02
3.388442e-02  1.745161e+02
4.027170e-02  1.216802e+02
4.800000e-02  8.369540e+01
5.754399e-02  5.642301e+01
6.918310e-02  3.750164e+01
8.413951e-02  2.409724e+01
1.035142e-01  1.495388e+01
1.333521e-01  8.275115e+00
1.678804e-01  4.801587e+00
2.570396e-01  1.747906e+00
3.198895e-01  1.046845e+00
3.890451e-01  6.667363e-01
4.623810e-01  4.510592e-01
5.308844e-01  3.320581e-01
6.165950e-01  2.400068e-01
7.161434e-01  1.747155e-01
8.413951e-01  1.251180e-01
9.549926e-01  9.687630e-02
1.161449e+00  6.597934e-02
1.303167e+00  5.290543e-02
1.479108e+00  4.180031e-02
1.678804e+00  3.329912e-02
1.927525e+00  2.619444e-02
2.187762e+00  2.115946e-02
2.511886e+00  1.689568e-02
2.884032e+00  1.359355e-02
3.349654e+00  1.082033e-02
3.890451e+00  8.676018e-03
4.570882e+00  6.891795e-03
5.370318e+00  5.515779e-03
6.382635e+00  4.378466e-03
7.673615e+00  3.449968e-03
9.332543e+00  2.699516e-03
1.148154e+01  2.098428e-03
1.445440e+01  1.599407e-03
1.862087e+01  1.196522e-03
2.400000e+01  9.015900e-04
3.235937e+01  6.501732e-04
4.731513e+01  4.338924e-04
7.413102e+01  2.714198e-04
1.348963e+02  1.467505e-04
2.691535e+02  7.284284e-05
5.370318e+02  3.631290e-05
4.265795e+03  4.551525e-06
1.000000e+05  1.940200e-07
-1  -1
1.609900e-03  0.000000e+00
1.609900e-03  1.705690e+04
1.840772e-03  1.651522e+04
1.950000e-03  1.635388e+04
2.089296e-03  1.597469e+04
2.238721e-03  1.547892e+04
2.454709e-03  1.471391e+04
2.600160e-03  1.417758e+04
2.900000e-03  1.305742e+04
3.090295e-03  1.235244e+04
3.427678e-03  1.117078e+04
3.715352e-03  1.028205e+04
4.000000e-03  9.464300e+03
4.500000e-03  8.203340e+03
4.900000e-03  7.356480e+03
5.370318e-03  6.491410e+03
6.025596e-03  5.508548e+03
6.606934e-03  4.795253e+03
7.500000e-03  3.929380e+03
8.317638e-03  3.313741e+03
9.332543e-03  2.723430e+03
1.059254e-02  2.175050e+03
1.190000e-02  1.755742e+03
1.333521e-02  1.414500e+03
1.513561e-02  1.103827e+03
1.717908e-02  8.547659e+02
1.950000e-02  6.569480e+02
2.213095e-02  5.015029e+02
2.511886e-02  3.801400e+02
2.851018e-02  2.862332e+02
3.235937e-02  2.141640e+02
3.758374e-02  1.508383e+02
4.265795e-02  1.114407e+02
4.954502e-02  7.735573e+01
5.821032e-02  5.180867e+01
6.918310e-02  3.344300e+01
8.317638e-02  2.080329e+01
1.023293e-01  1.210045e+01
1.348963e-01  5.817336e+00
2.290868e-01  1.420452e+00
2.818383e-01  8.232444e-01
3.349654e-01  5.260070e-01
3.935501e-01  3.487501e-01
4.518559e-01  2.469194e-01
5.128614e-01  1.811504e-01
5.821032e-01  1.339014e-01
6.606935e-01  9.973460e-02
7.585776e-01  7.282899e-02
8.413951e-01  5.794740e-02
9.225714e-01  4.761863e-02
1.000000e+00  4.035071e-02
1.135011e+00  3.139074e-02
1.273503e+00  2.515427e-02
1.445440e+00  1.988575e-02
1.659587e+00  1.551057e-02
1.905461e+00  1.219086e-02
2.162719e+00  9.841591e-03
2.483133e+00  7.853195e-03
2.851018e+00  6.314339e-03
3.311311e+00  5.023279e-03
3.845918e+00  4.025625e-03
4.518559e+00  3.196052e-03
5.308844e+00  2.556600e-03
6.309573e+00  2.028430e-03
7.585776e+00  1.597503e-03
9.225714e+00  1.249379e-03
1.135011e+01  9.707754e-04
1.428894e+01  7.396220e-04
1.840772e+01  5.530871e-04
2.371374e+01  4.168783e-04
3.162278e+01  3.041565e-04
4.415704e+01  2.129794e-04
6.683439e+01  1.379187e-04
1.071519e+02  8.475349e-05
1.883649e+02  4.769367e-05
3.758374e+02  2.373112e-05
7.498942e+02  1.185020e-05
5.956621e+03  1.486962e-06
1.000000e+05  8.853100e-08
-1  -1
1.272900e-03  0.000000e+00
1.272900e-03  1.386991e+05
1.396368e-03  1.236642e+05
1.570000e-03  1.085924e+05
1.730000e-03  9.637080e+04
1.927525e-03  8.400080e+04
2.089296e-03  7.532866e+04
2.350000e-03  6.377440e+04
2.722701e-03  5.105959e+04
3.019952e-03  4.346498e+04
3.388442e-03  3.599276e+04
3.845918e-03  2.908354e+04
4.365158e-03  2.327856e+04
4.897788e-03  1.890936e+04
5.688529e-03  1.428442e+04
6.382635e-03  1.143042e+04
7.244360e-03  8.887580e+03
8.413951e-03  6.536677e+03
9.660509e-03  4.878601e+03
1.083927e-02  3.798568e+03
1.216186e-02  2.941184e+03
1.400000e-02  2.134056e+03
1.603245e-02  1.554201e+03
1.840772e-02  1.116002e+03
2.089296e-02  8.180485e+02
2.371374e-02  5.956942e+02
2.722701e-02  4.184037e+02
3.126079e-02  2.916592e+02
3.600000e-02  2.002194e+02
4.120975e-02  1.387712e+02
4.786301e-02  9.173990e+01
5.623413e-02  5.828187e+01
6.531306e-02  3.797636e+01
7.852356e-02  2.223476e+01
9.660509e-02  1.207411e+01
1.230269e-01  5.866049e+00
1.972423e-01  1.423527e+00
2.426610e-01  7.687240e-01
2.884032e-01  4.631655e-01
3.349654e-01  3.006435e-01
3.845918e-01  2.031663e-01
4.365158e-01  1.428520e-01
4.897788e-01  1.044052e-01
5.495409e-01  7.687976e-02
6.165950e-01  5.704380e-02
6.839117e-01  4.390298e-02
7.943282e-01  3.024821e-02
8.609938e-01  2.492634e-02
9.225714e-01  2.126221e-02
9.772372e-01  1.873172e-02
1.047129e+00  1.621027e-02
1.135011e+00  1.378616e-02
1.244515e+00  1.154157e-02
1.380384e+00  9.534325e-03
1.717908e+00  6.453986e-03
1.972423e+00  5.079645e-03
2.238721e+00  4.108113e-03
2.570396e+00  3.284542e-03
2.951209e+00  2.645675e-03
3.427678e+00  2.108300e-03
4.000000e+00  1.680800e-03
4.677351e+00  1.345761e-03
5.495409e+00  1.078204e-03
6.531306e+00  8.567719e-04
7.852356e+00  6.757331e-04
9.549926e+00  5.292227e-04
1.174898e+01  4.117289e-04
1.462177e+01  3.182992e-04
1.862087e+01  2.413063e-04
2.400000e+01  1.818400e-04
3.235937e+01  1.311263e-04
4.786301e+01  8.645292e-05
7.585776e+01  5.345143e-05
1.396368e+02  2.857231e-05
2.786121e+02  1.418796e-05
5.559043e+02  7.073791e-06
4.415704e+03  8.867913e-07
1.000000e+05  3.913000e-08
-1  -1
9.867400e-04  0.000000e+00
9.867400e-04  1.660201e+05
1.038000e-03  1.877671e+05
1.083927e-03  1.972805e+05
1.100000e-03  1.985385e+05
1.110000e-03  1.989744e+05
1.130000e-03  1.986608e+05
1.190000e-03  1.949228e+05
1.244515e-03  1.904331e+05
1.303167e-03  1.849806e+05
1.380384e-03  1.770921e+05
1.470000e-03  1.675788e+05
1.566751e-03  1.573129e+05
1.659587e-03  1.475750e+05
1.770000e-03  1.365200e+05
1.905461e-03  1.239886e+05
2.041738e-03  1.123326e+05
2.220000e-03  9.905800e+04
2.371374e-03  8.904787e+04
2.600160e-03  7.600336e+04
2.818383e-03  6.579813e+04
3.019952e-03  5.778663e+04
3.311311e-03  4.823821e+04
3.630781e-03  4.001106e+04
3.981072e-03  3.289732e+04
4.415704e-03  2.620068e+04
4.841724e-03  2.123164e+04
5.370318e-03  1.663749e+04
5.888437e-03  1.329888e+04
6.531306e-03  1.026484e+04
7.244360e-03  7.861798e+03
8.035261e-03  5.978953e+03
8.944300e-03  4.471146e+03
9.885531e-03  3.386777e+03
1.109175e-02  2.442127e+03
1.244515e-02  1.747203e+03
1.412538e-02  1.198412e+03
1.603245e-02  8.148854e+02
1.819701e-02  5.495456e+02
2.065380e-02  3.676709e+02
2.317395e-02  2.535143e+02
2.630268e-02  1.672974e+02
3.019952e-02  1.055250e+02
3.467369e-02  6.606882e+01
4.027170e-02  3.948731e+01
4.731513e-02  2.251325e+01
5.688529e-02  1.174907e+01
7.000000e-02  5.602520e+00
1.380384e-01  4.852594e-01
1.698244e-01  2.314262e-01
2.018366e-01  1.256917e-01
2.398833e-01  6.878252e-02
2.754229e-01  4.275954e-02
3.126079e-01  2.785221e-02
3.507519e-01  1.899135e-02
3.935501e-01  1.304406e-02
4.365158e-01  9.366439e-03
4.841724e-01  6.773779e-03
5.308844e-01  5.109740e-03
5.821032e-01  3.880426e-03
6.382635e-01  2.968504e-03
6.918310e-01  2.366206e-03
7.585776e-01  1.838208e-03
8.035261e-01  1.573897e-03
8.709636e-01  1.261375e-03
9.225714e-01  1.084088e-03
9.660509e-01  9.661583e-04
1.011579e+00  8.669940e-04
1.059254e+00  7.831212e-04
1.122018e+00  6.946069e-04
1.188502e+00  6.203221e-04
1.273503e+00  5.454917e-04
1.396368e+00  4.635288e-04
1.513561e+00  4.036006e-04
1.840772e+00  2.856379e-04
2.065380e+00  2.344844e-04
2.344229e+00  1.901260e-04
2.691535e+00  1.524056e-04
3.126079e+00  1.208997e-04
3.630781e+00  9.661729e-05
4.265795e+00  7.649435e-05
5.011872e+00  6.102714e-05
5.956621e+00  4.829439e-05
7.079458e+00  3.850622e-05
8.511380e+00  3.046870e-05
1.047129e+01  2.360217e-05
1.300000e+01  1.822700e-05
1.621810e+01  1.409785e-05
2.018366e+01  1.100143e-05
2.660725e+01  8.100567e-06
3.507519e+01  6.001520e-06
5.308844e+01  3.869420e-06
8.413951e+01  2.396941e-06
1.566751e+02  1.268300e-06
3.126079e+02  6.303904e-07
6.237348e+02  3.144872e-07
4.954502e+03  3.944416e-08
1.000000e+05  1.953000e-09
-1  -1
9.262000e-04  0.000000e+00
9.262000e-04  6.291123e+04
9.265000e-04  6.746160e+04
9.275000e-04  7.934100e+04
9.285000e-04  9.262200e+04
9.292000e-04  1.026258e+05
9.300000e-04  1.146894e+05
9.308000e-04  1.272576e+05
9.315000e-04  1.386006e+05
9.322000e-04  1.501662e+05
9.330000e-04  1.635090e+05
9.337000e-04  1.751592e+05
9.345000e-04  1.882998e+05
9.353000e-04  2.011086e+05
9.362000e-04  2.149518e+05
9.370000e-04  2.266218e+05
9.378000e-04  2.376150e+05
9.388000e-04  2.502996e+05
9.396000e-04  2.595546e+05
9.407000e-04  2.709852e+05
9.418000e-04  2.809500e+05
9.430000e-04  2.902710e+05
9.445000e-04  2.999190e+05
9.458000e-04  3.067398e+05
9.473000e-04  3.131874e+05
9.490000e-04  3.190350e+05
9.515000e-04  3.256638e+05
9.550000e-04  3.325332e+05
9.600000e-04  3.398466e+05
9.660509e-04  3.464729e+05
9.700000e-04  3.496284e+05
9.750000e-04  3.522678e+05
9.830000e-04  3.537564e+05
1.015000e-03  3.500592e+05
1.040000e-03  3.479802e+05
1.122018e-03  3.345987e+05
1.190000e-03  3.215340e+05
1.273503e-03  3.042081e+05
1.364583e-03  2.849752e+05
1.462177e-03  2.646855e+05
1.566751e-03  2.439411e+05
1.698244e-03  2.196713e+05
1.806000e-03  2.015431e+05
2.000000e-03  1.725474e+05
2.150000e-03  1.535874e+05
2.300000e-03  1.367496e+05
2.540973e-03  1.142396e+05
2.754229e-03  9.814803e+04
3.019952e-03  8.174457e+04
3.311311e-03  6.763815e+04
3.589219e-03  5.692924e+04
3.981072e-03  4.526139e+04
4.365158e-03  3.664091e+04
4.841724e-03  2.866441e+04
5.308844e-03  2.288173e+04
5.888437e-03  1.762851e+04
6.531306e-03  1.347471e+04
7.161434e-03  1.054537e+04
8.000000e-03  7.795320e+03
9.015711e-03  5.574878e+03
1.011579e-02  4.001348e+03
1.122018e-02  2.948233e+03
1.244515e-02  2.158789e+03
1.396368e-02  1.515714e+03
1.566751e-02  1.056231e+03
1.757924e-02  7.308057e+02
1.972423e-02  5.021539e+02
2.213095e-02  3.427919e+02
2.511886e-02  2.236480e+02
2.884032e-02  1.392190e+02
3.311311e-02  8.595447e+01
3.845918e-02  5.057287e+01
4.518559e-02  2.832923e+01
5.248075e-02  1.643006e+01
6.382635e-02  7.986587e+00
8.317638e-02  2.981063e+00
1.333521e-01  5.107686e-01
1.603245e-01  2.582694e-01
1.883649e-01  1.432480e-01
2.162719e-01  8.708200e-02
2.454709e-01  5.555462e-02
2.786121e-01  3.570405e-02
3.126079e-01  2.404205e-02
3.467369e-01  1.695612e-02
3.845918e-01  1.204770e-02
4.168694e-01  9.291922e-03
4.570882e-01  6.953148e-03
5.011872e-01  5.240000e-03
5.495409e-01  3.977751e-03
6.025596e-01  3.041389e-03
6.531306e-01  2.420829e-03
6.998420e-01  2.002246e-03
7.585776e-01  1.615797e-03
8.317638e-01  1.273774e-03
9.440609e-01  9.248171e-04
9.885531e-01  8.283422e-04
1.035142e+00  7.469692e-04
1.096478e+00  6.611635e-04
1.161449e+00  5.891519e-04
1.250000e+00  5.125720e-04
1.364583e+00  4.377735e-04
1.531087e+00  3.583475e-04
1.840772e+00  2.588460e-04
2.065380e+00  2.125119e-04
2.344229e+00  1.723095e-04
2.691535e+00  1.381211e-04
3.126079e+00  1.095670e-04
3.630781e+00  8.756255e-05
4.265795e+00  6.932662e-05
5.011872e+00  5.530886e-05
5.956621e+00  4.376887e-05
7.079458e+00  3.489828e-05
8.511380e+00  2.761408e-05
1.047129e+01  2.138990e-05
1.303167e+01  1.647163e-05
1.621810e+01  1.277650e-05
2.000000e+01  1.007400e-05
2.630268e+01  7.433807e-06
3.507519e+01  5.439198e-06
5.308844e+01  3.506798e-06
8.413951e+01  2.172330e-06
1.548817e+02  1.163003e-06
3.090295e+02  5.779957e-07
6.165950e+02  2.883314e-07
4.897788e+03  3.616269e-08
1.000000e+05  1.770000e-09
-1  -1
5.477300e-04  0.000000e+00
5.477300e-04  6.582119e+04
5.477600e-04  6.488280e+04
5.482000e-04  6.244200e+04
5.486500e-04  6.040740e+04
5.491000e-04  5.869728e+04
5.497000e-04  5.682912e+04
5.504000e-04  5.514672e+04
5.511000e-04  5.380956e+04
5.518000e-04  5.277288e+04
5.530000e-04  5.146620e+04
5.541000e-04  5.062116e+04
5.553000e-04  4.997586e+04
5.568000e-04  4.944408e+04
5.590000e-04  4.899684e+04
5.623413e-04  4.872999e+04
5.650000e-04  4.880400e+04
5.678000e-04  4.922454e+04
5.700000e-04  4.989588e+04
5.720000e-04  5.084340e+04
5.735000e-04  5.181444e+04
5.754399e-04  5.345296e+04
5.770000e-04  5.513112e+04
5.785000e-04  5.708712e+04
5.800000e-04  5.940822e+04
5.815000e-04  6.213960e+04
5.829400e-04  6.517799e+04
5.843000e-04  6.845700e+04
5.860000e-04  7.316940e+04
5.880000e-04  7.965480e+04
5.900000e-04  8.727240e+04
5.920000e-04  9.613800e+04
5.950000e-04  1.120020e+05
5.985000e-04  1.348098e+05
6.050000e-04  1.907556e+05
6.090000e-04  2.344152e+05
6.115000e-04  2.652360e+05
6.140000e-04  2.986926e+05
6.165950e-04  3.360963e+05
6.190000e-04  3.730686e+05
6.220000e-04  4.220916e+05
6.250000e-04  4.740582e+05
6.280000e-04  5.286276e+05
6.310000e-04  5.854404e+05
6.343000e-04  6.498540e+05
6.370000e-04  7.035960e+05
6.400000e-04  7.638120e+05
6.430000e-04  8.239380e+05
6.460000e-04  8.832360e+05
6.492500e-04  9.460231e+05
6.515000e-04  9.881820e+05
6.550000e-04  1.051074e+06
6.590000e-04  1.118352e+06
6.630000e-04  1.180242e+06
6.670000e-04  1.236546e+06
6.700000e-04  1.275180e+06
6.740000e-04  1.321932e+06
6.780000e-04  1.363584e+06
6.839116e-04  1.416369e+06
6.890000e-04  1.454256e+06
6.950000e-04  1.490718e+06
7.000000e-04  1.515018e+06
7.080000e-04  1.543710e+06
7.161434e-04  1.561641e+06
7.260000e-04  1.571550e+06
7.350000e-04  1.572156e+06
7.500000e-04  1.562094e+06
7.673615e-04  1.538924e+06
7.852356e-04  1.506433e+06
8.128305e-04  1.446712e+06
8.413951e-04  1.380133e+06
8.810489e-04  1.286590e+06
9.225714e-04  1.191531e+06
9.700000e-04  1.089126e+06
1.023293e-03  9.833322e+05
1.090000e-03  8.651760e+05
1.161449e-03  7.549276e+05
1.244515e-03  6.460091e+05
1.318257e-03  5.639637e+05
1.428894e-03  4.621133e+05
1.548817e-03  3.763361e+05
1.659587e-03  3.133783e+05
1.819701e-03  2.434606e+05
1.972423e-03  1.941476e+05
2.151200e-03  1.509266e+05
2.371374e-03  1.130391e+05
2.570396e-03  8.843463e+04
2.884032e-03  6.179475e+04
3.162278e-03  4.603872e+04
3.507519e-03  3.284877e+04
3.935501e-03  2.236439e+04
4.315191e-03  1.634125e+04
4.841724e-03  1.095376e+04
5.432503e-03  7.279799e+03
6.025596e-03  5.005070e+03
6.683439e-03  3.420111e+03
7.500000e-03  2.222664e+03
8.511380e-03  1.373080e+03
9.660509e-03  8.403274e+02
1.083927e-02  5.338354e+02
1.216186e-02  3.368290e+02
1.364583e-02  2.111743e+02
1.531087e-02  1.315935e+02
1.737801e-02  7.771149e+01
2.000000e-02  4.299162e+01
2.317395e-02  2.292891e+01
2.691535e-02  1.201530e+01
3.162278e-02  5.946662e+00
3.801894e-02  2.640794e+00
4.731513e-02  9.987477e-01
8.609938e-02  6.879161e-02
1.071519e-01  2.605491e-02
1.273503e-01  1.218719e-02
1.500000e-01  5.972369e-03
1.717908e-01  3.330085e-03
1.927525e-01  2.041411e-03
2.162719e-01  1.259711e-03
2.426610e-01  7.827193e-04
2.722701e-01  4.899361e-04
3.019952e-01  3.235477e-04
3.349654e-01  2.150940e-04
3.715352e-01  1.439881e-04
4.120975e-01  9.704756e-05
4.518559e-01  6.880181e-05
4.954502e-01  4.911309e-05
5.370318e-01  3.665566e-05
5.688529e-01  2.992944e-05
6.000000e-01  2.496790e-05
6.382635e-01  2.048015e-05
6.918310e-01  1.596487e-05
8.912509e-01  7.438661e-06
9.225714e-01  6.686863e-06
9.549926e-01  5.979480e-06
9.885531e-01  5.377183e-06
1.023293e+00  4.872463e-06
1.059254e+00  4.455263e-06
1.096478e+00  4.107443e-06
1.135011e+00  3.814039e-06
1.174898e+00  3.563330e-06
1.230269e+00  3.279638e-06
1.318257e+00  2.920941e-06
1.428894e+00  2.576899e-06
1.500000e+00  2.395095e-06
1.678804e+00  1.967054e-06
1.949845e+00  1.510438e-06
2.187762e+00  1.243912e-06
2.511886e+00  9.932475e-07
2.884032e+00  7.990883e-07
3.349654e+00  6.360689e-07
3.890451e+00  5.100285e-07
4.570882e+00  4.051412e-07
5.370318e+00  3.242469e-07
6.382635e+00  2.573942e-07
7.673615e+00  2.028108e-07
9.332543e+00  1.586926e-07
1.148154e+01  1.233610e-07
1.445440e+01  9.402254e-08
1.862087e+01  7.033657e-08
2.426610e+01  5.235655e-08
3.349654e+01  3.682464e-08
5.069907e+01  2.371728e-08
8.128305e+01  1.450578e-08
1.513561e+02  7.671753e-09
3.019952e+02  3.812105e-09
6.025596e+02  1.901454e-09
4.786301e+03  2.384570e-10
1.000000e+05  1.140600e-11
-1  -1
5.309800e-04  0.000000e+00
5.309800e-04  1.016648e+05
5.312500e-04  9.779520e+04
5.316000e-04  9.355680e+04
5.319000e-04  9.048320e+04
5.323500e-04  8.660240e+04
5.328000e-04  8.344800e+04
5.333000e-04  8.055360e+04
5.337000e-04  7.863416e+04
5.342000e-04  7.659488e+04
5.348000e-04  7.457000e+04
5.354000e-04  7.292248e+04
5.361000e-04  7.137160e+04
5.370318e-04  6.977262e+04
5.380000e-04  6.851640e+04
5.395000e-04  6.714072e+04
5.407000e-04  6.639656e+04
5.423000e-04  6.573576e+04
5.440000e-04  6.532256e+04
5.466300e-04  6.510856e+04
5.490000e-04  6.531128e+04
5.515000e-04  6.598864e+04
5.535600e-04  6.699688e+04
5.550000e-04  6.799800e+04
5.565000e-04  6.934384e+04
5.585000e-04  7.169408e+04
5.600000e-04  7.393048e+04
5.615000e-04  7.662408e+04
5.630000e-04  7.982552e+04
5.645000e-04  8.358240e+04
5.660000e-04  8.795280e+04
5.678000e-04  9.408160e+04
5.696900e-04  1.016682e+05
5.710000e-04  1.076808e+05
5.730000e-04  1.181648e+05
5.754399e-04  1.332837e+05
5.780000e-04  1.521904e+05
5.821032e-04  1.897022e+05
5.888437e-04  2.725928e+05
5.920000e-04  3.208904e+05
5.950000e-04  3.723472e+05
5.978000e-04  4.250704e+05
6.000000e-04  4.695288e+05
6.030000e-04  5.342160e+05
6.050000e-04  5.797656e+05
6.080000e-04  6.514464e+05
6.100000e-04  7.012464e+05
6.130000e-04  7.785944e+05
6.162600e-04  8.655421e+05
6.190000e-04  9.403760e+05
6.220000e-04  1.023288e+06
6.250000e-04  1.106392e+06
6.280000e-04  1.188808e+06
6.310000e-04  1.269640e+06
6.335000e-04  1.335208e+06
6.370000e-04  1.423480e+06
6.400000e-04  1.495248e+06
6.430000e-04  1.563056e+06
6.460000e-04  1.626552e+06
6.500000e-04  1.704440e+06
6.540000e-04  1.774648e+06
6.580000e-04  1.837448e+06
6.630000e-04  1.906184e+06
6.685000e-04  1.970192e+06
6.740000e-04  2.023088e+06
6.800000e-04  2.069472e+06
6.860700e-04  2.105456e+06
6.930000e-04  2.134704e+06
7.000000e-04  2.153280e+06
7.080000e-04  2.163488e+06
7.190000e-04  2.163360e+06
7.328245e-04  2.147830e+06
7.500000e-04  2.113744e+06
7.673615e-04  2.067940e+06
7.943282e-04  1.983802e+06
8.222426e-04  1.890588e+06
8.609938e-04  1.759853e+06
9.015711e-04  1.627788e+06
9.549926e-04  1.465176e+06
1.011579e-03  1.309331e+06
1.071519e-03  1.162477e+06
1.135011e-03  1.025853e+06
1.230269e-03  8.537487e+05
1.303167e-03  7.439099e+05
1.412538e-03  6.081495e+05
1.531087e-03  4.941178e+05
1.640590e-03  4.107198e+05
1.819701e-03  3.083182e+05
1.972423e-03  2.449642e+05
2.187762e-03  1.806948e+05
2.371374e-03  1.417648e+05
2.650000e-03  1.006048e+05
2.900000e-03  7.564920e+04
3.235937e-03  5.307565e+04
3.548134e-03  3.913079e+04
3.935501e-03  2.759403e+04
4.415704e-03  1.854893e+04
4.841724e-03  1.341438e+04
5.370318e-03  9.259999e+03
6.095369e-03  5.832222e+03
6.918310e-03  3.638135e+03
7.852356e-03  2.248298e+03
9.000000e-03  1.325184e+03
1.023293e-02  7.981416e+02
1.150000e-02  4.995456e+02
1.288250e-02  3.146082e+02
1.450000e-02  1.930488e+02
1.621810e-02  1.208628e+02
1.862087e-02  6.732921e+01
2.113489e-02  3.912174e+01
2.426610e-02  2.147746e+01
2.818383e-02  1.113266e+01
3.311311e-02  5.444041e+00
3.981072e-02  2.384096e+00
5.011872e-02  8.414550e-01
8.128305e-02  9.329939e-02
1.096478e-01  2.418230e-02
1.288250e-01  1.176694e-02
1.500000e-01  6.004859e-03
1.717908e-01  3.321171e-03
1.949845e-01  1.923762e-03
2.187762e-01  1.179067e-03
2.426610e-01  7.639233e-04
2.691535e-01  4.984439e-04
2.985383e-01  3.276011e-04
3.273407e-01  2.273474e-04
3.548134e-01  1.663287e-04
3.845918e-01  1.225680e-04
4.168694e-01  9.098862e-05
4.466836e-01  7.092252e-05
4.841724e-01  5.342941e-05
5.233200e-01  4.096349e-05
5.623413e-01  3.228340e-05
6.095369e-01  2.490364e-05
6.606935e-01  1.934771e-05
7.244360e-01  1.460283e-05
7.852356e-01  1.149055e-05
9.015711e-01  7.684594e-06
9.440609e-01  6.758308e-06
9.772372e-01  6.168022e-06
1.011579e+00  5.659050e-06
1.047129e+00  5.218939e-06
1.096478e+00  4.717453e-06
1.148154e+00  4.293326e-06
1.216186e+00  3.846465e-06
1.303167e+00  3.397903e-06
1.428894e+00  2.905543e-06
1.513561e+00  2.639275e-06
1.905461e+00  1.759253e-06
2.137962e+00  1.446813e-06
2.426610e+00  1.175297e-06
2.786121e+00  9.438961e-07
3.235937e+00  7.500810e-07
3.758374e+00  6.004462e-07
4.415704e+00  4.761839e-07
5.188000e+00  3.805073e-07
6.165950e+00  3.015871e-07
7.328245e+00  2.408084e-07
8.912509e+00  1.880786e-07
1.100000e+01  1.453900e-07
1.380384e+01  1.110567e-07
1.800000e+01  8.181300e-08
2.344229e+01  6.089233e-08
3.126079e+01  4.441857e-08
4.265795e+01  3.186278e-08
6.382635e+01  2.086881e-08
9.885531e+01  1.327787e-08
1.757924e+02  7.377569e-09
3.507519e+02  3.669508e-09
6.998420e+02  1.831774e-09
5.559043e+03  2.298170e-10
1.000000e+05  1.276800e-11
-1  -1
4.115800e-04  0.000000e+00
4.115800e-04  4.358875e+04
5.370318e-04  3.412644e+04
5.888437e-04  3.142943e+04
7.585776e-04  2.444371e+04
8.317638e-04  2.214586e+04
9.772372e-04  1.845309e+04
1.083927e-03  1.629527e+04
1.258925e-03  1.348971e+04
1.412538e-03  1.158860e+04
1.659587e-03  9.292038e+03
1.972423e-03  7.257962e+03
2.344229e-03  5.622542e+03
2.754229e-03  4.401372e+03
3.311311e-03  3.304623e+03
4.000000e-03  2.445980e+03
4.897788e-03  1.758399e+03
5.956621e-03  1.267881e+03
7.161434e-03  9.251073e+02
8.609938e-03  6.699599e+02
1.035142e-02  4.815572e+02
1.244515e-02  3.436134e+02
1.500000e-02  2.422240e+02
1.798871e-02  1.710787e+02
2.162719e-02  1.193410e+02
2.600160e-02  8.261068e+01
3.126079e-02  5.673877e+01
3.758374e-02  3.866140e+01
4.466836e-02  2.678786e+01
5.370318e-02  1.797489e+01
6.456542e-02  1.196848e+01
7.762471e-02  7.909740e+00
9.440609e-02  5.056180e+00
1.174898e-01  3.041549e+00
1.531088e-01  1.629872e+00
2.722701e-01  4.170048e-01
3.388442e-01  2.500958e-01
4.027170e-01  1.681431e-01
4.786301e-01  1.139976e-01
5.623413e-01  7.992057e-02
6.456542e-01  5.934469e-02
7.498942e-01  4.330210e-02
8.810489e-01  3.108545e-02
1.000000e+00  2.412909e-02
1.216186e+00  1.646726e-02
1.364583e+00  1.323925e-02
1.531087e+00  1.071126e-02
1.737801e+00  8.551199e-03
2.000000e+00  6.711802e-03
2.264644e+00  5.453106e-03
2.600160e+00  4.362780e-03
3.000000e+00  3.490200e-03
3.467369e+00  2.803814e-03
4.027170e+00  2.251894e-03
4.731513e+00  1.791745e-03
5.559043e+00  1.436200e-03
6.606934e+00  1.141758e-03
7.943282e+00  9.009621e-04
9.660509e+00  7.059263e-04
1.188502e+01  5.494397e-04
1.479108e+01  4.249388e-04
1.883649e+01  3.222704e-04
2.426610e+01  2.430183e-04
3.349654e+01  1.709202e-04
5.069907e+01  1.100816e-04
8.128305e+01  6.732906e-05
1.513561e+02  3.560855e-05
3.019952e+02  1.769418e-05
6.025596e+02  8.825683e-06
4.786301e+03  1.106825e-06
1.000000e+05  5.294000e-08
-1  -1
3.378700e-04  0.000000e+00
3.378700e-04  1.487206e+05
3.381000e-04  1.474332e+05
3.388442e-04  1.416265e+05
3.395000e-04  1.375062e+05
3.403000e-04  1.334748e+05
3.410000e-04  1.305588e+05
3.422000e-04  1.265662e+05
3.433000e-04  1.236478e+05
3.448000e-04  1.205018e+05
3.470000e-04  1.169120e+05
3.500000e-04  1.130586e+05
3.650000e-04  9.794200e+04
3.820000e-04  8.330580e+04
4.100000e-04  6.563560e+04
4.365158e-04  5.431989e+04
4.623810e-04  4.592267e+04
4.850000e-04  4.017140e+04
5.011872e-04  3.681735e+04
5.188000e-04  3.376677e+04
5.400000e-04  3.075880e+04
5.650000e-04  2.791180e+04
5.900000e-04  2.561140e+04
6.200000e-04  2.337340e+04
6.500000e-04  2.157100e+04
6.760830e-04  2.028575e+04
7.079458e-04  1.899487e+04
7.500000e-04  1.763536e+04
8.035261e-04  1.627875e+04
8.709636e-04  1.494773e+04
9.549926e-04  1.367119e+04
1.380384e-03  9.786167e+03
1.584893e-03  8.567864e+03
1.800000e-03  7.527720e+03
2.065380e-03  6.491526e+03
2.344229e-03  5.617541e+03
2.660725e-03  4.825909e+03
3.019952e-03  4.116040e+03
3.467369e-03  3.430982e+03
3.935501e-03  2.882076e+03
4.500000e-03  2.377500e+03
5.069907e-03  1.989642e+03
5.754399e-03  1.634957e+03
6.531306e-03  1.333440e+03
7.413102e-03  1.079484e+03
8.511380e-03  8.499918e+02
9.660509e-03  6.775206e+02
1.096478e-02  5.363631e+02
1.244515e-02  4.215401e+02
1.412538e-02  3.289472e+02
1.621810e-02  2.490468e+02
1.862087e-02  1.870729e+02
2.113489e-02  1.429143e+02
2.426610e-02  1.057470e+02
2.786121e-02  7.766059e+01
3.198895e-02  5.661785e+01
3.715352e-02  3.988717e+01
4.315191e-02  2.788344e+01
5.011872e-02  1.935123e+01
5.888437e-02  1.296054e+01
7.000000e-02  8.363580e+00
8.511380e-02  5.053791e+00
1.047129e-01  2.939284e+00
2.426610e-01  3.168292e-01
2.985383e-01  1.841305e-01
3.548134e-01  1.179949e-01
4.120975e-01  8.079906e-02
4.731513e-01  5.736179e-02
5.370318e-01  4.218673e-02
6.095369e-01  3.125484e-02
6.839117e-01  2.396834e-02
7.673615e-01  1.850657e-02
8.709636e-01  1.401618e-02
9.549926e-01  1.153290e-02
1.035142e+00  9.792206e-03
1.174898e+00  7.628953e-03
1.303167e+00  6.260889e-03
1.479108e+00  4.959423e-03
1.698244e+00  3.873677e-03
1.949845e+00  3.048282e-03
2.213095e+00  2.463864e-03
2.540973e+00  1.968645e-03
2.917427e+00  1.584767e-03
3.388442e+00  1.262173e-03
3.935501e+00  1.012616e-03
4.623810e+00  8.048103e-04
5.432503e+00  6.444547e-04
6.456542e+00  5.118396e-04
7.762471e+00  4.034950e-04
9.440609e+00  3.158635e-04
1.161449e+01  2.456360e-04
1.445440e+01  1.898180e-04
1.862087e+01  1.419978e-04
2.400000e+01  1.070000e-04
3.235937e+01  7.716277e-05
4.731513e+01  5.149412e-05
7.413102e+01  3.221247e-05
1.333521e+02  1.762288e-05
2.660725e+02  8.746169e-06
5.308844e+02  4.359822e-06
4.216965e+03  5.464273e-07
1.000000e+05  2.302600e-08
-1  -1
2.515800e-04  0.000000e+00
2.515800e-04  3.363200e+05
2.645000e-04  3.084419e+05
2.730000e-04  2.931070e+05
2.850000e-04  2.763660e+05
3.054921e-04  2.499847e+05
3.548134e-04  2.088841e+05
3.801894e-04  1.937549e+05
5.308844e-04  1.374448e+05
6.165950e-04  1.169508e+05
7.000000e-04  1.012644e+05
8.000000e-04  8.633960e+04
9.120108e-04  7.323700e+04
1.035142e-03  6.200973e+04
1.188502e-03  5.129572e+04
1.364583e-03  4.209402e+04
1.566751e-03  3.428352e+04
1.800000e-03  2.769528e+04
2.089296e-03  2.185675e+04
2.426610e-03  1.710120e+04
2.851018e-03  1.302381e+04
3.311311e-03  1.003678e+04
3.845918e-03  7.678568e+03
4.466836e-03  5.829620e+03
5.128614e-03  4.489144e+03
5.956621e-03  3.355255e+03
6.800000e-03  2.574240e+03
7.762471e-03  1.961829e+03
8.810489e-03  1.502865e+03
1.011579e-02  1.115494e+03
1.161449e-02  8.216756e+02
1.333521e-02  6.006117e+02
1.531087e-02  4.356527e+02
1.757924e-02  3.136445e+02
2.018366e-02  2.240945e+02
2.317395e-02  1.588381e+02
2.660725e-02  1.117372e+02
3.054921e-02  7.803017e+01
3.507519e-02  5.410653e+01
4.073803e-02  3.610992e+01
4.731513e-02  2.390952e+01
5.559043e-02  1.521499e+01
6.456542e-02  9.930144e+00
7.673615e-02  6.024054e+00
9.332543e-02  3.392376e+00
1.122019e-01  1.962313e+00
2.018366e-01  3.377191e-01
2.483133e-01  1.825784e-01
2.951209e-01  1.101644e-01
3.427678e-01  7.162529e-02
3.935501e-01  4.849760e-02
4.466836e-01  3.417690e-02
5.011872e-01  2.503280e-02
5.623413e-01  1.846417e-02
6.237348e-01  1.413339e-02
6.918310e-01  1.089171e-02
7.673615e-01  8.449441e-03
8.709636e-01  6.225982e-03
9.332543e-01  5.303346e-03
9.885531e-01  4.666948e-03
1.059254e+00  4.034817e-03
1.148154e+00  3.432489e-03
1.250000e+00  2.917100e-03
1.380384e+00  2.431713e-03
1.757924e+00  1.582247e-03
2.000000e+00  1.266300e-03
2.264644e+00  1.028971e-03
2.600160e+00  8.232287e-04
3.000000e+00  6.585200e-04
3.467369e+00  5.290073e-04
4.027170e+00  4.248690e-04
4.731513e+00  3.380521e-04
5.559043e+00  2.709755e-04
6.606934e+00  2.154264e-04
7.943282e+00  1.699832e-04
9.660509e+00  1.331881e-04
1.188502e+01  1.036614e-04
1.479108e+01  8.017421e-05
1.883649e+01  6.080265e-05
2.454709e+01  4.526885e-05
3.388442e+01  3.185250e-05
5.128614e+01  2.051990e-05
8.128305e+01  1.270365e-05
1.531087e+02  6.640222e-06
3.054921e+02  3.299813e-06
6.095369e+02  1.646025e-06
4.841724e+03  2.064387e-07
1.000000e+05  9.988300e-09
-1  -1
1.424700e-04  0.000000e+00
1.424700e-04  5.582643e+05
1.428894e-04  5.829157e+05
1.436000e-04  6.243760e+05
1.462177e-04  8.156608e+05
1.471300e-04  8.898108e+05
1.480000e-04  9.609200e+05
1.487000e-04  1.017336e+06
1.496236e-04  1.089287e+06
1.505000e-04  1.153464e+06
1.513561e-04  1.211066e+06
1.520000e-04  1.250396e+06
1.528000e-04  1.293896e+06
1.535000e-04  1.326900e+06
1.545000e-04  1.365572e+06
1.555000e-04  1.394324e+06
1.565000e-04  1.413700e+06
1.575000e-04  1.424464e+06
1.585000e-04  1.427580e+06
1.595000e-04  1.424080e+06
1.610000e-04  1.408912e+06
1.627000e-04  1.380636e+06
1.645800e-04  1.340541e+06
1.670000e-04  1.281160e+06
1.698244e-04  1.207806e+06
1.740000e-04  1.100168e+06
1.780000e-04  1.002696e+06
1.840772e-04  8.677349e+05
1.900000e-04  7.513320e+05
1.972423e-04  6.287133e+05
2.190000e-04  3.760472e+05
2.290868e-04  3.032857e+05
2.380000e-04  2.543220e+05
2.454709e-04  2.216587e+05
2.540973e-04  1.913747e+05
2.620000e-04  1.692364e+05
2.691535e-04  1.529440e+05
2.754229e-04  1.410975e+05
2.818383e-04  1.309580e+05
2.884032e-04  1.223394e+05
2.951209e-04  1.150719e+05
3.019952e-04  1.089990e+05
3.090295e-04  1.039749e+05
3.162278e-04  9.986585e+04
3.240000e-04  9.638960e+04
3.320000e-04  9.365400e+04
3.390000e-04  9.182680e+04
3.470000e-04  9.025800e+04
3.550000e-04  8.913440e+04
3.672823e-04  8.807171e+04
3.801894e-04  8.758515e+04
3.981072e-04  8.761097e+04
4.265795e-04  8.850363e+04
4.786301e-04  9.032790e+04
5.150000e-04  9.094560e+04
5.500000e-04  9.091840e+04
5.821032e-04  9.035471e+04
6.200000e-04  8.912120e+04
6.606934e-04  8.729501e+04
7.000000e-04  8.516800e+04
7.500000e-04  8.208640e+04
8.035261e-04  7.853957e+04
8.609938e-04  7.462373e+04
9.225714e-04  7.041125e+04
1.000000e-03  6.528960e+04
1.071519e-03  6.080334e+04
1.161449e-03  5.556179e+04
1.258925e-03  5.041436e+04
1.380384e-03  4.473366e+04
1.500000e-03  3.987608e+04
1.650000e-03  3.467876e+04
1.800000e-03  3.030540e+04
1.972423e-03  2.612982e+04
2.187762e-03  2.191051e+04
2.426610e-03  1.821889e+04
2.691535e-03  1.502854e+04
2.951209e-03  1.258169e+04
3.235937e-03  1.047060e+04
3.548134e-03  8.662039e+03
3.900000e-03  7.085440e+03
4.315191e-03  5.675791e+03
4.786301e-03  4.488997e+03
5.308844e-03  3.524246e+03
5.888437e-03  2.746361e+03
6.531306e-03  2.124758e+03
7.244360e-03  1.632107e+03
8.035261e-03  1.244965e+03
9.000000e-03  9.188160e+02
1.000000e-02  6.878800e+02
1.109175e-02  5.141334e+02
1.244515e-02  3.691995e+02
1.412538e-02  2.545735e+02
1.659587e-02  1.573345e+02
1.854900e-02  1.120306e+02
2.041738e-02  8.282620e+01
2.290868e-02  5.719861e+01
2.600160e-02  3.775873e+01
3.019952e-02  2.300148e+01
3.507519e-02  1.390711e+01
4.073803e-02  8.344945e+00
4.786301e-02  4.772829e+00
5.754399e-02  2.499456e+00
7.000000e-02  1.245676e+00
9.440609e-02  4.260232e-01
1.396368e-01  1.043786e-01
1.737801e-01  4.787711e-02
2.089296e-01  2.502236e-02
2.426610e-01  1.486914e-02
2.786121e-01  9.261490e-03
3.162278e-01  6.043227e-03
3.548134e-01  4.126796e-03
3.981072e-01  2.838093e-03
4.415705e-01  2.039606e-03
4.897788e-01  1.475943e-03
5.432503e-01  1.075891e-03
5.956621e-01  8.181690e-04
6.456542e-01  6.488239e-04
7.079458e-01  5.014479e-04
8.035261e-01  3.555883e-04
8.609938e-01  2.940400e-04
9.120108e-01  2.525757e-04
9.549926e-01  2.249426e-04
1.000000e+00  2.016000e-04
1.047129e+00  1.819083e-04
1.109175e+00  1.611411e-04
1.174898e+00  1.437352e-04
1.258925e+00  1.262395e-04
1.364583e+00  1.093050e-04
1.531087e+00  8.955943e-05
1.862087e+00  6.340843e-05
2.089296e+00  5.208994e-05
2.371374e+00  4.226255e-05
2.722701e+00  3.389813e-05
3.162278e+00  2.690544e-05
3.672823e+00  2.151366e-05
4.315191e+00  1.704276e-05
5.069907e+00  1.360443e-05
6.025596e+00  1.077182e-05
7.161434e+00  8.592533e-06
8.709636e+00  6.704889e-06
1.071519e+01  5.198344e-06
1.333521e+01  4.006125e-06
1.717908e+01  2.988909e-06
2.264644e+01  2.191344e-06
2.818383e+01  1.723512e-06
3.507519e+01  1.359256e-06
5.308844e+01  8.763483e-07
8.413951e+01  5.428585e-07
1.566751e+02  2.872488e-07
3.126079e+02  1.427719e-07
6.237348e+02  7.122549e-08
4.954502e+03  8.933349e-09
1.000000e+05  4.423100e-10
-1  -1
1.296600e-04  0.000000e+00
1.296600e-04  8.537046e+05
1.299000e-04  8.899680e+05
1.308000e-04  1.009326e+06
1.314000e-04  1.092450e+06
1.320000e-04  1.177482e+06
1.327000e-04  1.277328e+06
1.335000e-04  1.391208e+06
1.343000e-04  1.503348e+06
1.350000e-04  1.598598e+06
1.358000e-04  1.702734e+06
1.365000e-04  1.788588e+06
1.373000e-04  1.879566e+06
1.380384e-04  1.955766e+06
1.387000e-04  2.017146e+06
1.396368e-04  2.092086e+06
1.403000e-04  2.136378e+06
1.412538e-04  2.187264e+06
1.423000e-04  2.226126e+06
1.433000e-04  2.247702e+06
1.445000e-04  2.255544e+06
1.458000e-04  2.244990e+06
1.472000e-04  2.215854e+06
1.485000e-04  2.176224e+06
1.500000e-04  2.119812e+06
1.520000e-04  2.033496e+06
1.540000e-04  1.940928e+06
1.570000e-04  1.800126e+06
1.620000e-04  1.577880e+06
1.678804e-04  1.347416e+06
1.740000e-04  1.142040e+06
1.800000e-04  9.707820e+05
2.018366e-04  5.509580e+05
2.089296e-04  4.667682e+05
2.162719e-04  3.980229e+05
2.220000e-04  3.547230e+05
2.280000e-04  3.171828e+05
2.344229e-04  2.842400e+05
2.400000e-04  2.606322e+05
2.454709e-04  2.412251e+05
2.511886e-04  2.242826e+05
2.570396e-04  2.099190e+05
2.630268e-04  1.978332e+05
2.691535e-04  1.877569e+05
2.754229e-04  1.794495e+05
2.818383e-04  1.726954e+05
2.884032e-04  1.673002e+05
2.951209e-04  1.630845e+05
3.030000e-04  1.594992e+05
3.100000e-04  1.572936e+05
3.200000e-04  1.553568e+05
3.320000e-04  1.543764e+05
3.467369e-04  1.544357e+05
3.700000e-04  1.559484e+05
4.216965e-04  1.602375e+05
4.518559e-04  1.615947e+05
4.841724e-04  1.617575e+05
5.150000e-04  1.607826e+05
5.500000e-04  1.585668e+05
5.821032e-04  1.557040e+05
6.200000e-04  1.515768e+05
6.606934e-04  1.465685e+05
7.079458e-04  1.402980e+05
7.585776e-04  1.333123e+05
8.200000e-04  1.248876e+05
8.810489e-04  1.167369e+05
9.549926e-04  1.074002e+05
1.035142e-03  9.807967e+04
1.122018e-03  8.890773e+04
1.216186e-03  8.007079e+04
1.333521e-03  7.047133e+04
1.450000e-03  6.231780e+04
1.603245e-03  5.334025e+04
1.778279e-03  4.501942e+04
1.950000e-03  3.842976e+04
2.137962e-03  3.260701e+04
2.371374e-03  2.689568e+04
2.630268e-03  2.201115e+04
2.917427e-03  1.787717e+04
3.235937e-03  1.441046e+04
3.600000e-03  1.145448e+04
4.000000e-03  9.058440e+03
4.466836e-03  7.025064e+03
4.954502e-03  5.493241e+03
5.495409e-03  4.263515e+03
6.095369e-03  3.284801e+03
6.795000e-03  2.479223e+03
7.498942e-03  1.907518e+03
8.317638e-03  1.438590e+03
9.225714e-03  1.077568e+03
1.023293e-02  8.016496e+02
1.148154e-02  5.723425e+02
1.288250e-02  4.056340e+02
1.462177e-02  2.757032e+02
1.659587e-02  1.864346e+02
1.840772e-02  1.344875e+02
2.018366e-02  9.974794e+01
2.238721e-02  7.075281e+01
2.511886e-02  4.795510e+01
3.000000e-02  2.610769e+01
3.467369e-02  1.577987e+01
4.027170e-02  9.303239e+00
4.677351e-02  5.438619e+00
5.559043e-02  2.903944e+00
6.456542e-02  1.674989e+00
8.222426e-02  6.820189e-01
1.273503e-01  1.333267e-01
1.548817e-01  6.465317e-02
1.819701e-01  3.586246e-02
2.113489e-01  2.089612e-02
2.398833e-01  1.331789e-02
2.691535e-01  8.900360e-03
3.019952e-01  5.990642e-03
3.349654e-01  4.224004e-03
3.715352e-01  2.999604e-03
4.073803e-01  2.227106e-03
4.466836e-01  1.664485e-03
4.897788e-01  1.252603e-03
5.370318e-01  9.495161e-04
5.888437e-01  7.252849e-04
6.382635e-01  5.770683e-04
6.998420e-01  4.478541e-04
7.673615e-01  3.502709e-04
8.709636e-01  2.511297e-04
9.225714e-01  2.172906e-04
9.660509e-01  1.945781e-04
1.011579e+00  1.752479e-04
1.071519e+00  1.548895e-04
1.135011e+00  1.377633e-04
1.216186e+00  1.205332e-04
1.318257e+00  1.039168e-04
1.659587e+00  6.919682e-05
1.927525e+00  5.326569e-05
2.187762e+00  4.301557e-05
2.483133e+00  3.498653e-05
2.851018e+00  2.813201e-05
3.311311e+00  2.238056e-05
3.845918e+00  1.793575e-05
4.518559e+00  1.423974e-05
5.308844e+00  1.139065e-05
6.309573e+00  9.037407e-06
7.585776e+00  7.117417e-06
9.225714e+00  5.566692e-06
1.135011e+01  4.325284e-06
1.428894e+01  3.295288e-06
1.862087e+01  2.432493e-06
2.426610e+01  1.810612e-06
3.349654e+01  1.273447e-06
5.069907e+01  8.202107e-07
8.128305e+01  5.016528e-07
1.513561e+02  2.653103e-07
3.019952e+02  1.318348e-07
6.025596e+02  6.575827e-08
4.786301e+03  8.246656e-09
1.000000e+05  3.944400e-10
-1  -1
1.078000e-05  0.000000e+00
1.078000e-05  1.331047e+06
1.083927e-05  1.306690e+06
1.087000e-05  1.296470e+06
1.100000e-05  1.264083e+06
1.148154e-05  1.163135e+06
1.190000e-05  1.093769e+06
1.230269e-05  1.040421e+06
1.273503e-05  9.946237e+05
1.318257e-05  9.585966e+05
1.364583e-05  9.310979e+05
1.410000e-05  9.124577e+05
1.450000e-05  9.021848e+05
1.496236e-05  8.967046e+05
1.550000e-05  8.978820e+05
1.603245e-05  9.061934e+05
1.659587e-05  9.217663e+05
1.717908e-05  9.447059e+05
1.778279e-05  9.751394e+05
1.840772e-05  1.013286e+06
1.905461e-05  1.059436e+06
1.980000e-05  1.120507e+06
2.070000e-05  1.204992e+06
2.162719e-05  1.303372e+06
2.290868e-05  1.457395e+06
2.426610e-05  1.641807e+06
2.650000e-05  1.988141e+06
3.090295e-05  2.794991e+06
3.311311e-05  3.238070e+06
3.507519e-05  3.638211e+06
3.715352e-05  4.060729e+06
3.900000e-05  4.428253e+06
4.120975e-05  4.850494e+06
4.365158e-05  5.291285e+06
4.623810e-05  5.728716e+06
4.900000e-05  6.160322e+06
5.188000e-05  6.572517e+06
5.500000e-05  6.979750e+06
5.821032e-05  7.351976e+06
6.165950e-05  7.691523e+06
6.500000e-05  7.955778e+06
6.800000e-05  8.130163e+06
7.079458e-05  8.233420e+06
7.328245e-05  8.277511e+06
7.585776e-05  8.276826e+06
7.852356e-05  8.227061e+06
8.150000e-05  8.115506e+06
8.413951e-05  7.973133e+06
8.709636e-05  7.772409e+06
9.015711e-05  7.524630e+06
9.332543e-05  7.231074e+06
9.660509e-05  6.895533e+06
1.000000e-04  6.524136e+06
1.030000e-04  6.180165e+06
1.060000e-04  5.824537e+06
1.090000e-04  5.462437e+06
1.122018e-04  5.075296e+06
1.150000e-04  4.740252e+06
1.180000e-04  4.386981e+06
1.205000e-04  4.099316e+06
1.240000e-04  3.711091e+06
1.273503e-04  3.359400e+06
1.303167e-04  3.066027e+06
1.340000e-04  2.725913e+06
1.365000e-04  2.510663e+06
1.400000e-04  2.231085e+06
1.440000e-04  1.942549e+06
1.480000e-04  1.685184e+06
1.520000e-04  1.456413e+06
1.560000e-04  1.254179e+06
1.600000e-04  1.076549e+06
1.640590e-04  9.189854e+05
1.678804e-04  7.891527e+05
1.720000e-04  6.671350e+05
1.760000e-04  5.647023e+05
1.800000e-04  4.763610e+05
1.840772e-04  3.990227e+05
1.880000e-04  3.351858e+05
1.915000e-04  2.859649e+05
1.955000e-04  2.376397e+05
1.995262e-04  1.965164e+05
2.020000e-04  1.745510e+05
2.060000e-04  1.437024e+05
2.100000e-04  1.179487e+05
2.150000e-04  9.191862e+04
2.240900e-04  5.875431e+04
2.280000e-04  4.896424e+04
2.307000e-04  4.348667e+04
2.330000e-04  3.955860e+04
2.350000e-04  3.664835e+04
2.373000e-04  3.383538e+04
2.390000e-04  3.209547e+04
2.407000e-04  3.062273e+04
2.426610e-04  2.923253e+04
2.445000e-04  2.820751e+04
2.458000e-04  2.763447e+04
2.473000e-04  2.711954e+04
2.490000e-04  2.671369e+04
2.505000e-04  2.650227e+04
2.520000e-04  2.641943e+04
2.540000e-04  2.649494e+04
2.560000e-04  2.676644e+04
2.580000e-04  2.721722e+04
2.600160e-04  2.783713e+04
2.620000e-04  2.859520e+04
2.650000e-04  2.999118e+04
2.680000e-04  3.165113e+04
2.722701e-04  3.439486e+04
2.851018e-04  4.447707e+04
2.917427e-04  5.033224e+04
2.980000e-04  5.603223e+04
3.030000e-04  6.062394e+04
3.090295e-04  6.611793e+04
3.157400e-04  7.211213e+04
3.221870e-04  7.771235e+04
3.273407e-04  8.205171e+04
3.349654e-04  8.820207e+04
3.427678e-04  9.411442e+04
3.507519e-04  9.972327e+04
3.589219e-04  1.049727e+05
3.672823e-04  1.098177e+05
3.758374e-04  1.142249e+05
3.845918e-04  1.181732e+05
3.935501e-04  1.216530e+05
4.107600e-04  1.273252e+05
4.216965e-04  1.301995e+05
4.365158e-04  1.330864e+05
4.518559e-04  1.349848e+05
4.677351e-04  1.359469e+05
4.841724e-04  1.360486e+05
5.069907e-04  1.351271e+05
5.248075e-04  1.338579e+05
5.495409e-04  1.312292e+05
5.754399e-04  1.276786e+05
6.025596e-04  1.233860e+05
6.309573e-04  1.185829e+05
6.606934e-04  1.133097e+05
7.000000e-04  1.062170e+05
7.413102e-04  9.888649e+04
7.852356e-04  9.138739e+04
8.317638e-04  8.391306e+04
8.810489e-04  7.658335e+04
9.440609e-04  6.811567e+04
1.011579e-03  6.011936e+04
1.083927e-03  5.268578e+04
1.161449e-03  4.585721e+04
1.244515e-03  3.965602e+04
1.348963e-03  3.321557e+04
1.462177e-03  2.760539e+04
1.584893e-03  2.278787e+04
1.717908e-03  1.868506e+04
1.862087e-03  1.521952e+04
2.041738e-03  1.194755e+04
2.238721e-03  9.310220e+03
2.454709e-03  7.200702e+03
2.691535e-03  5.528672e+03
2.951209e-03  4.214979e+03
3.235937e-03  3.191993e+03
3.548134e-03  2.401145e+03
3.890451e-03  1.794344e+03
4.315191e-03  1.283172e+03
4.731513e-03  9.459502e+02
5.248075e-03  6.648925e+02
5.821032e-03  4.638470e+02
6.531306e-03  3.085936e+02
7.244360e-03  2.123601e+02
8.035261e-03  1.451452e+02
8.912509e-03  9.852000e+01
1.000000e-02  6.357013e+01
1.122018e-02  4.066003e+01
1.273503e-02  2.467356e+01
1.479108e-02  1.355676e+01
1.698244e-02  7.765584e+00
1.883649e-02  5.081472e+00
2.089296e-02  3.294228e+00
2.344229e-02  2.019955e+00
2.660725e-02  1.170733e+00
3.507519e-02  3.512155e-01
4.315191e-02  1.412148e-01
5.559043e-02  4.599364e-02
9.332543e-02  4.601269e-03
1.188502e-01  1.579618e-03
1.380384e-01  8.205408e-04
1.548817e-01  4.987905e-04
1.778279e-01  2.768073e-04
2.041738e-01  1.548123e-04
2.317395e-01  9.142560e-05
2.600160e-01  5.702701e-05
2.917427e-01  3.583665e-05
3.235937e-01  2.376621e-05
3.589219e-01  1.587732e-05
3.981072e-01  1.068886e-05
4.365158e-01  7.570028e-06
4.786301e-01  5.398236e-06
5.308844e-01  3.719829e-06
5.754399e-01  2.805050e-06
6.025596e-01  2.396794e-06
6.456542e-01  1.912007e-06
6.998420e-01  1.480837e-06
8.035261e-01  9.678308e-07
8.511380e-01  8.027997e-07
8.912509e-01  6.947808e-07
9.332543e-01  6.052921e-07
9.660509e-01  5.488514e-07
1.000000e+00  5.005000e-07
1.035142e+00  4.593001e-07
1.071519e+00  4.239032e-07
1.109175e+00  3.932304e-07
1.161449e+00  3.582031e-07
1.216186e+00  3.284204e-07
1.303167e+00  2.906348e-07
1.412538e+00  2.540885e-07
1.500000e+00  2.305900e-07
1.927525e+00  1.483277e-07
2.162719e+00  1.220627e-07
2.454709e+00  9.921755e-08
2.818383e+00  7.973198e-08
3.273407e+00  6.339628e-08
3.801894e+00  5.077770e-08
4.466836e+00  4.029137e-08
5.248075e+00  3.221265e-08
6.237348e+00  2.554459e-08
7.498942e+00  2.010802e-08
9.120108e+00  1.571951e-08
1.122018e+01  1.220863e-08
1.428894e+01  9.173994e-09
1.840772e+01  6.860238e-09
2.371374e+01  5.170761e-09
3.162278e+01  3.772673e-09
4.415704e+01  2.641723e-09
6.683439e+01  1.710714e-09
1.071519e+02  1.051269e-09
1.883649e+02  5.915770e-10
3.758374e+02  2.943510e-10
1.496236e+03  7.354690e-11
2.371374e+04  4.630860e-12
1.000000e+05  1.098100e-12
-1  -1
9.020000e-06  0.000000e+00
9.020000e-06  2.306733e+06
9.120108e-06  2.230974e+06
9.440609e-06  2.062287e+06
9.772372e-06  1.920075e+06
1.011579e-05  1.800750e+06
1.047129e-05  1.701585e+06
1.085000e-05  1.617710e+06
1.122018e-05  1.553534e+06
1.161449e-05  1.501767e+06
1.202264e-05  1.462992e+06
1.244515e-05  1.436090e+06
1.290000e-05  1.420058e+06
1.333521e-05  1.415529e+06
1.380384e-05  1.420925e+06
1.428894e-05  1.436402e+06
1.480000e-05  1.462224e+06
1.531087e-05  1.496758e+06
1.592100e-05  1.548248e+06
1.659587e-05  1.616816e+06
1.737801e-05  1.710032e+06
1.819701e-05  1.822080e+06
1.905461e-05  1.953960e+06
2.018366e-05  2.148431e+06
2.150000e-05  2.402408e+06
2.317395e-05  2.764151e+06
2.917427e-05  4.321500e+06
3.150000e-05  4.983341e+06
3.350000e-05  5.551964e+06
3.570000e-05  6.164519e+06
3.758374e-05  6.666388e+06
3.981072e-05  7.225479e+06
4.220000e-05  7.784634e+06
4.466836e-05  8.314310e+06
4.731513e-05  8.829204e+06
5.069907e-05  9.421009e+06
5.400000e-05  9.923322e+06
5.754399e-05  1.038034e+07
6.095369e-05  1.073413e+07
6.400000e-05  1.096424e+07
6.683439e-05  1.110346e+07
6.918310e-05  1.116244e+07
7.161434e-05  1.116570e+07
7.413102e-05  1.110821e+07
7.673615e-05  1.099002e+07
7.943282e-05  1.081088e+07
8.222426e-05  1.056776e+07
8.511380e-05  1.026087e+07
8.810489e-05  9.898850e+06
9.120108e-05  9.486029e+06
9.440609e-05  9.021750e+06
9.772372e-05  8.511919e+06
1.010000e-04  7.992292e+06
1.040000e-04  7.507491e+06
1.071519e-04  6.991974e+06
1.100000e-04  6.527148e+06
1.128000e-04  6.077662e+06
1.161449e-04  5.554962e+06
1.190000e-04  5.123101e+06
1.220000e-04  4.686861e+06
1.250000e-04  4.272872e+06
1.280000e-04  3.883677e+06
1.315000e-04  3.461111e+06
1.350000e-04  3.072014e+06
1.390000e-04  2.669128e+06
1.430000e-04  2.310356e+06
1.465000e-04  2.029864e+06
1.500000e-04  1.777841e+06
1.540000e-04  1.522458e+06
1.580000e-04  1.299424e+06
1.620000e-04  1.105172e+06
1.650000e-04  9.762293e+05
1.690000e-04  8.244520e+05
1.720000e-04  7.245263e+05
1.760000e-04  6.079262e+05
1.798871e-04  5.106390e+05
1.835000e-04  4.325889e+05
1.865000e-04  3.758963e+05
1.900000e-04  3.181488e+05
1.940000e-04  2.619751e+05
1.980000e-04  2.148710e+05
2.020000e-04  1.755704e+05
2.065380e-04  1.391405e+05
2.190000e-04  7.389091e+04
2.220000e-04  6.405491e+04
2.250000e-04  5.600221e+04
2.270000e-04  5.152810e+04
2.290868e-04  4.755510e+04
2.308600e-04  4.469452e+04
2.323000e-04  4.269563e+04
2.340000e-04  4.068483e+04
2.358000e-04  3.893997e+04
2.373000e-04  3.776706e+04
2.390000e-04  3.672534e+04
2.407000e-04  3.596837e+04
2.423000e-04  3.549791e+04
2.440000e-04  3.523705e+04
2.458000e-04  3.520997e+04
2.473000e-04  3.536923e+04
2.490000e-04  3.573517e+04
2.511886e-04  3.647378e+04
2.530000e-04  3.729363e+04
2.550000e-04  3.839820e+04
2.573000e-04  3.990214e+04
2.600160e-04  4.196261e+04
2.640000e-04  4.545603e+04
2.754229e-04  5.749777e+04
2.818383e-04  6.500104e+04
2.884032e-04  7.312007e+04
2.951209e-04  8.180600e+04
3.000000e-04  8.829549e+04
3.054921e-04  9.502672e+04
3.090295e-04  9.929650e+04
3.162278e-04  1.077703e+05
3.235937e-04  1.160691e+05
3.311311e-04  1.240933e+05
3.388442e-04  1.317516e+05
3.467369e-04  1.389635e+05
3.548134e-04  1.456613e+05
3.630781e-04  1.517916e+05
3.715352e-04  1.573160e+05
3.801894e-04  1.622114e+05
3.890451e-04  1.664694e+05
4.073803e-04  1.735576e+05
4.216965e-04  1.777741e+05
4.365158e-04  1.806269e+05
4.518559e-04  1.821748e+05
4.677351e-04  1.825108e+05
4.841724e-04  1.817550e+05
5.128614e-04  1.787441e+05
5.370318e-04  1.750512e+05
5.623413e-04  1.701561e+05
5.888437e-04  1.642896e+05
6.165950e-04  1.577269e+05
6.456542e-04  1.505986e+05
6.839116e-04  1.410918e+05
7.244360e-04  1.311930e+05
7.673615e-04  1.211327e+05
8.128305e-04  1.111083e+05
8.609938e-04  1.012972e+05
9.120108e-04  9.181849e+04
9.772372e-04  8.102582e+04
1.047129e-03  7.102392e+04
1.122018e-03  6.183838e+04
1.202264e-03  5.349183e+04
1.288250e-03  4.598496e+04
1.396368e-03  3.825929e+04
1.513561e-03  3.159538e+04
1.640590e-03  2.591367e+04
1.798871e-03  2.050348e+04
1.972423e-03  1.609924e+04
2.162719e-03  1.256487e+04
2.344229e-03  1.005334e+04
2.511886e-03  8.258797e+03
2.722701e-03  6.520911e+03
2.951209e-03  5.116043e+03
3.235937e-03  3.848858e+03
3.548134e-03  2.874528e+03
3.890451e-03  2.132415e+03
4.315191e-03  1.512711e+03
4.897788e-03  9.862300e+02
5.432503e-03  6.900778e+02
6.025596e-03  4.793695e+02
6.606934e-03  3.445441e+02
7.328245e-03  2.359326e+02
8.128305e-03  1.604278e+02
9.015711e-03  1.083489e+02
1.000000e-02  7.269797e+01
1.122018e-02  4.626447e+01
1.273503e-02  2.791465e+01
1.462177e-02  1.596241e+01
1.678804e-02  9.091464e+00
1.862087e-02  5.922139e+00
2.065380e-02  3.815422e+00
2.317395e-02  2.321814e+00
2.951209e-02  8.061903e-01
3.548134e-02  3.574768e-01
4.168694e-02  1.743156e-01
5.188000e-02  6.513134e-02
9.772372e-02  3.710111e-03
1.161449e-01  1.709214e-03
1.348963e-01  8.791357e-04
1.531088e-01  5.041766e-04
1.737801e-01  2.912884e-04
1.972423e-01  1.695585e-04
2.213095e-01  1.043775e-04
2.454709e-01  6.789340e-05
2.722701e-01  4.447607e-05
3.000000e-01  3.014900e-05
3.273407e-01  2.141004e-05
3.548134e-01  1.570430e-05
3.845918e-01  1.159154e-05
4.216965e-01  8.255859e-06
4.570882e-01  6.178707e-06
4.954502e-01  4.657347e-06
5.370318e-01  3.536220e-06
5.754399e-01  2.810830e-06
6.095369e-01  2.333975e-06
6.531306e-01  1.882028e-06
7.079458e-01  1.475906e-06
7.673615e-01  1.166142e-06
8.035261e-01  1.021518e-06
8.511380e-01  8.616295e-07
9.015711e-01  7.316332e-07
9.440609e-01  6.460740e-07
9.885531e-01  5.746017e-07
1.035142e+00  5.152655e-07
1.083927e+00  4.655142e-07
1.135011e+00  4.232602e-07
1.202264e+00  3.786044e-07
1.303167e+00  3.270787e-07
1.428894e+00  2.792060e-07
1.513561e+00  2.533546e-07
1.883649e+00  1.722736e-07
2.113489e+00  1.416080e-07
2.398833e+00  1.149680e-07
2.754229e+00  9.226835e-08
3.198895e+00  7.327534e-08
3.715352e+00  5.862496e-08
4.365158e+00  4.646684e-08
5.128614e+00  3.711070e-08
6.095369e+00  2.939842e-08
7.244360e+00  2.346256e-08
8.810489e+00  1.831722e-08
1.083927e+01  1.420709e-08
1.364583e+01  1.080634e-08
1.800000e+01  7.854300e-09
2.344229e+01  5.845890e-09
3.126079e+01  4.264299e-09
4.265795e+01  3.058966e-09
6.382635e+01  2.003442e-09
9.885531e+01  1.274666e-09
1.757924e+02  7.082750e-10
3.507519e+02  3.522820e-10
6.998420e+02  1.758550e-10
5.559043e+03  2.206280e-11
1.000000e+05  1.225800e-12
-1  -1
6.088000e-05  0.000000e+00
6.088000e-05  4.480620e+05
6.165950e-05  4.378579e+05
6.290000e-05  4.155120e+05
6.450000e-05  3.859800e+05
6.683439e-05  3.445859e+05
7.500000e-05  2.340460e+05
7.852356e-05  2.018501e+05
8.222426e-05  1.752633e+05
8.609938e-05  1.533682e+05
9.015711e-05  1.352164e+05
9.500000e-05  1.181304e+05
1.000000e-04  1.042348e+05
1.060000e-04  9.110100e+04
1.122018e-04  8.044446e+04
1.190000e-04  7.126080e+04
1.260000e-04  6.384200e+04
1.333521e-04  5.770093e+04
1.412538e-04  5.247590e+04
1.500000e-04  4.787400e+04
1.620000e-04  4.292620e+04
1.778279e-04  3.793052e+04
1.995262e-04  3.281006e+04
2.238721e-04  2.859145e+04
3.507519e-04  1.699353e+04
4.168694e-04  1.383219e+04
5.069907e-04  1.088044e+04
6.095369e-04  8.606650e+03
7.161434e-04  6.967009e+03
8.609938e-04  5.428571e+03
1.023293e-03  4.263481e+03
1.230269e-03  3.269614e+03
1.496236e-03  2.445237e+03
1.832530e-03  1.794568e+03
2.264644e-03  1.288889e+03
2.851018e-03  8.922000e+02
3.630781e-03  6.017026e+02
4.623810e-03  4.026125e+02
5.754399e-03  2.778026e+02
7.079458e-03  1.940015e+02
8.609938e-03  1.371721e+02
1.047129e-02  9.626459e+01
1.273503e-02  6.703599e+01
1.548817e-02  4.631579e+01
1.862087e-02  3.246496e+01
2.238721e-02  2.259152e+01
2.818383e-02  1.422433e+01
3.273407e-02  1.046115e+01
3.935501e-02  7.110250e+00
4.731513e-02  4.794712e+00
5.688529e-02  3.207738e+00
6.918310e-02  2.075881e+00
8.317638e-02  1.368191e+00
1.035142e-01  8.262979e-01
1.333521e-01  4.569547e-01
1.678804e-01  2.650471e-01
2.570396e-01  9.644823e-02
3.198895e-01  5.775660e-02
3.890451e-01  3.677969e-02
4.623810e-01  2.487888e-02
5.308844e-01  1.831302e-02
6.165950e-01  1.323453e-02
7.161434e-01  9.633049e-03
8.413951e-01  6.897893e-03
9.549926e-01  5.340738e-03
1.161449e+00  3.637295e-03
1.303167e+00  2.916583e-03
1.479108e+00  2.304439e-03
1.678804e+00  1.835876e-03
1.927525e+00  1.444159e-03
2.187762e+00  1.166433e-03
2.483133e+00  9.487015e-04
2.851018e+00  7.628496e-04
3.311311e+00  6.068987e-04
3.845918e+00  4.863706e-04
4.518559e+00  3.861429e-04
5.308844e+00  3.088795e-04
6.309573e+00  2.450650e-04
7.585776e+00  1.930011e-04
9.225714e+00  1.509560e-04
1.135011e+01  1.172924e-04
1.428894e+01  8.935858e-05
1.840772e+01  6.682202e-05
2.371374e+01  5.036593e-05
3.162278e+01  3.674733e-05
4.415704e+01  2.573211e-05
6.683439e+01  1.666324e-05
1.083927e+02  1.011951e-05
1.905461e+02  5.695420e-06
3.801894e+02  2.833999e-06
1.513561e+03  7.081669e-07
2.398833e+04  4.458951e-08
1.000000e+05  1.069600e-08
-1  -1
3.879000e-05  0.000000e+00
3.879000e-05  1.088150e+07
3.910000e-05  1.034850e+07
3.940000e-05  9.894760e+06
4.000000e-05  9.103400e+06
4.073803e-05  8.306277e+06
4.150000e-05  7.631960e+06
4.229500e-05  7.039295e+06
4.330000e-05  6.416680e+06
4.450000e-05  5.805100e+06
4.598600e-05  5.183617e+06
4.800000e-05  4.508060e+06
5.128614e-05  3.669946e+06
6.025596e-05  2.241031e+06
7.762471e-05  1.020723e+06
8.709636e-05  7.187057e+05
1.059254e-04  4.005206e+05
1.462177e-04  1.539740e+05
1.720000e-04  9.578180e+04
1.972423e-04  6.462929e+04
2.220000e-04  4.634120e+04
2.454709e-04  3.516733e+04
2.691535e-04  2.749887e+04
2.917427e-04  2.233553e+04
3.126079e-04  1.880475e+04
3.350000e-04  1.592746e+04
3.600000e-04  1.349312e+04
3.850000e-04  1.163874e+04
4.120975e-04  1.009724e+04
4.365158e-04  9.007497e+03
4.677351e-04  7.911823e+03
5.011872e-04  7.000483e+03
5.370318e-04  6.241371e+03
5.754399e-04  5.603538e+03
6.237348e-04  4.981477e+03
6.760830e-04  4.460442e+03
7.413102e-04  3.961286e+03
8.317638e-04  3.444871e+03
9.660509e-04  2.899458e+03
1.412538e-03  1.892840e+03
1.678804e-03  1.549342e+03
1.972423e-03  1.276390e+03
2.290868e-03  1.058368e+03
2.660725e-03  8.712973e+02
3.090295e-03  7.119919e+02
3.589219e-03  5.773497e+02
4.120975e-03  4.723669e+02
4.731513e-03  3.836976e+02
5.432503e-03  3.093280e+02
6.237348e-03  2.474451e+02
7.079458e-03  2.002447e+02
8.035261e-03  1.609058e+02
9.120108e-03  1.284280e+02
1.035142e-02  1.018061e+02
1.174898e-02  8.015915e+01
1.348963e-02  6.128828e+01
1.621810e-02  4.240686e+01
1.840772e-02  3.273499e+01
2.089296e-02  2.500890e+01
2.398833e-02  1.849533e+01
2.754229e-02  1.357530e+01
3.235937e-02  9.383551e+00
3.758374e-02  6.607835e+00
4.365158e-02  4.617433e+00
5.128614e-02  3.113399e+00
6.025596e-02  2.083348e+00
7.161434e-02  1.343902e+00
8.709636e-02  8.111204e-01
1.071519e-01  4.715627e-01
1.462177e-01  2.068918e-01
2.317395e-01  6.086693e-02
2.851018e-01  3.532035e-02
3.388442e-01  2.259047e-02
3.981072e-01  1.499491e-02
4.570882e-01  1.062676e-02
5.248075e-01  7.587582e-03
5.956621e-01  5.613408e-03
6.683439e-01  4.298916e-03
7.498942e-01  3.314707e-03
8.609938e-01  2.445608e-03
9.440609e-01  2.010425e-03
1.023293e+00  1.705268e-03
1.161449e+00  1.327617e-03
1.288250e+00  1.088788e-03
1.462177e+00  8.618284e-04
1.678804e+00  6.727884e-04
1.927525e+00  5.290937e-04
2.187762e+00  4.273575e-04
2.511886e+00  3.412370e-04
2.884032e+00  2.745474e-04
3.349654e+00  2.185421e-04
3.890451e+00  1.752358e-04
4.570882e+00  1.391950e-04
5.370318e+00  1.114031e-04
6.382635e+00  8.843528e-05
7.673615e+00  6.968083e-05
9.332543e+00  5.452384e-05
1.148154e+01  4.238339e-05
1.445440e+01  3.230380e-05
1.862087e+01  2.416635e-05
2.400000e+01  1.821000e-05
3.235937e+01  1.313215e-05
4.731513e+01  8.763613e-06
7.413102e+01  5.482089e-06
1.333521e+02  2.999088e-06
2.660725e+02  1.488505e-06
5.308844e+02  7.419797e-07
4.216965e+03  9.299463e-08
1.000000e+05  3.918700e-09
-1  -1
2.510000e-05  0.000000e+00
2.510000e-05  3.073736e+07
2.520000e-05  2.968632e+07
2.560000e-05  2.680976e+07
2.600160e-05  2.441502e+07
2.630268e-05  2.285756e+07
2.690000e-05  2.025952e+07
2.750000e-05  1.813308e+07
2.818383e-05  1.614632e+07
2.900000e-05  1.421504e+07
2.985383e-05  1.257254e+07
3.090295e-05  1.093842e+07
3.230000e-05  9.228000e+06
3.400000e-05  7.639600e+06
3.630781e-05  6.050710e+06
3.935501e-05  4.581397e+06
4.500000e-05  2.911524e+06
5.128614e-05  1.884310e+06
5.623413e-05  1.395337e+06
6.095369e-05  1.079543e+06
6.531306e-05  8.717311e+05
7.000000e-05  7.080480e+05
7.500000e-05  5.798240e+05
8.000000e-05  4.845160e+05
8.511380e-05  4.106912e+05
9.015711e-05  3.545582e+05
9.549926e-05  3.080931e+05
1.011579e-04  2.694836e+05
1.071519e-04  2.372589e+05
1.135011e-04  2.101951e+05
1.216186e-04  1.831322e+05
1.303167e-04  1.607574e+05
1.400000e-04  1.414732e+05
1.500000e-04  1.259328e+05
1.621810e-04  1.112374e+05
1.757924e-04  9.862350e+04
1.927525e-04  8.661350e+04
2.162719e-04  7.423751e+04
2.483133e-04  6.219221e+04
2.985383e-04  4.957856e+04
4.315191e-04  3.167914e+04
5.308844e-04  2.444859e+04
6.382635e-04  1.927133e+04
7.521360e-04  1.547596e+04
8.810489e-04  1.243686e+04
1.035142e-03  9.878811e+03
1.216186e-03  7.785699e+03
1.412538e-03  6.194056e+03
1.659587e-03  4.805548e+03
1.949845e-03  3.700643e+03
2.290868e-03  2.828852e+03
2.691535e-03  2.146445e+03
3.198895e-03  1.583936e+03
3.758374e-03  1.183702e+03
4.365158e-03  8.966762e+02
5.069907e-03  6.742738e+02
5.888437e-03  5.031322e+02
6.795000e-03  3.773619e+02
7.852356e-03  2.798948e+02
9.015711e-03  2.088951e+02
1.071519e-02  1.436298e+02
1.230269e-02  1.056951e+02
1.412538e-02  7.718818e+01
1.584893e-02  5.900341e+01
1.798871e-02  4.359526e+01
2.065380e-02  3.109808e+01
2.371374e-02  2.201412e+01
2.722701e-02  1.546744e+01
3.126079e-02  1.078890e+01
3.589219e-02  7.472647e+00
4.120975e-02  5.140490e+00
4.786301e-02  3.401947e+00
5.623413e-02  2.163765e+00
6.531306e-02  1.411454e+00
7.852356e-02  8.275026e-01
9.660509e-02  4.500108e-01
1.230269e-01  2.189802e-01
2.018366e-01  4.974050e-02
2.483133e-01  2.689710e-02
2.951209e-01  1.623125e-02
3.427678e-01  1.055440e-02
3.935501e-01  7.147120e-03
4.466836e-01  5.036850e-03
5.011872e-01  3.689422e-03
5.623413e-01  2.721680e-03
6.237348e-01  2.083629e-03
6.918310e-01  1.605997e-03
7.673615e-01  1.246111e-03
8.709636e-01  9.184333e-04
9.332543e-01  7.824260e-04
9.885531e-01  6.885873e-04
1.059254e+00  5.953486e-04
1.148154e+00  5.064825e-04
1.250000e+00  4.304300e-04
1.380384e+00  3.588038e-04
1.757924e+00  2.334638e-04
2.000000e+00  1.868400e-04
2.264644e+00  1.518156e-04
2.600160e+00  1.214610e-04
3.000000e+00  9.716300e-05
3.467369e+00  7.805392e-05
4.027170e+00  6.268858e-05
4.731513e+00  4.987877e-05
5.559043e+00  3.998174e-05
6.606934e+00  3.178515e-05
7.943282e+00  2.508172e-05
9.660509e+00  1.965192e-05
1.188502e+01  1.529525e-05
1.479108e+01  1.182911e-05
1.883649e+01  8.971284e-06
2.454709e+01  6.679286e-06
3.388442e+01  4.699685e-06
5.128614e+01  3.027696e-06
8.128305e+01  1.874359e-06
1.513561e+02  9.912843e-07
3.019952e+02  4.925724e-07
6.025596e+02  2.456874e-07
4.786301e+03  3.081160e-08
1.000000e+05  1.473700e-09
-1  -1
5.710000e-06  0.000000e+00
5.710000e-06  1.054726e+07
5.860000e-06  9.788720e+06
6.700000e-06  6.461880e+06
7.700000e-06  4.229880e+06
8.810489e-06  2.828501e+06
1.011579e-05  1.886556e+06
1.161449e-05  1.267085e+06
1.364583e-05  8.032434e+05
1.584893e-05  5.300430e+05
1.862087e-05  3.412765e+05
2.150000e-05  2.321280e+05
2.426610e-05  1.688621e+05
2.754229e-05  1.219508e+05
3.054921e-05  9.406424e+04
3.388442e-05  7.309028e+04
3.715352e-05  5.881319e+04
4.073803e-05  4.762834e+04
4.466836e-05  3.884476e+04
4.900000e-05  3.188260e+04
5.432503e-05  2.579016e+04
5.956621e-05  2.149320e+04
6.531306e-05  1.804254e+04
7.244360e-05  1.493258e+04
7.943282e-05  1.271270e+04
8.810489e-05  1.069013e+04
9.800000e-05  9.008300e+03
1.122018e-04  7.315609e+03
1.244515e-04  6.272815e+03
1.412538e-04  5.234204e+03
1.566751e-04  4.544854e+03
1.798871e-04  3.794497e+03
2.113489e-04  3.088144e+03
2.786121e-04  2.146367e+03
4.073803e-04  1.296808e+03
5.011872e-04  9.889802e+02
6.382635e-04  7.103362e+02
8.222426e-04  5.002355e+02
9.660509e-04  3.968575e+02
1.230269e-03  2.780198e+02
1.513561e-03  2.034566e+02
1.883649e-03  1.450333e+02
2.371374e-03  1.007327e+02
2.861270e-03  7.441200e+01
3.126079e-03  6.407014e+01
5.069907e-03  2.862494e+01
6.095369e-03  2.094674e+01
7.498942e-03  1.458756e+01
9.225714e-03  1.008114e+01
1.122018e-02  7.057327e+00
1.364583e-02  4.902791e+00
1.659587e-02  3.379567e+00
1.995262e-02  2.363818e+00
2.398833e-02  1.641457e+00
2.884032e-02  1.131359e+00
3.467369e-02  7.730175e-01
4.168694e-02  5.240858e-01
5.011872e-02  3.525245e-01
6.025596e-02  2.353390e-01
7.328245e-02  1.518765e-01
9.015711e-02  9.474682e-02
1.071519e-01  6.354541e-02
1.396368e-01  3.412188e-02
2.691535e-01  7.211051e-03
3.349654e-01  4.324027e-03
4.000000e-01  2.875500e-03
4.731513e-01  1.970437e-03
5.495409e-01  1.416687e-03
6.309573e-01  1.051659e-03
7.328245e-01  7.674661e-04
8.413951e-01  5.780038e-04
9.660509e-01  4.384408e-04
1.202264e+00  2.860308e-04
1.364583e+00  2.248436e-04
1.531087e+00  1.818242e-04
1.737801e+00  1.451422e-04
2.000000e+00  1.139400e-04
2.264644e+00  9.258808e-05
2.600160e+00  7.407375e-05
3.000000e+00  5.925100e-05
3.467369e+00  4.759847e-05
4.027170e+00  3.822868e-05
4.731513e+00  3.041661e-05
5.559043e+00  2.438129e-05
6.606934e+00  1.938324e-05
7.943282e+00  1.529504e-05
9.660509e+00  1.198435e-05
1.188502e+01  9.327371e-06
1.479108e+01  7.213810e-06
1.883649e+01  5.470809e-06
2.454709e+01  4.073167e-06
3.388442e+01  2.865976e-06
5.128614e+01  1.846356e-06
8.222427e+01  1.129477e-06
1.531087e+02  5.974663e-07
3.054921e+02  2.969113e-07
6.095369e+02  1.481056e-07
4.841724e+03  1.857436e-08
1.000000e+05  8.987100e-10
-1  -1
-2  0.0
-2  -2
