1.071900e-01  0.000000e+00
1.071900e-01  1.528142e+03
1.097000e-01  1.444904e+03
1.107000e-01  1.411058e+03
1.123000e-01  1.365718e+03
1.153000e-01  1.274512e+03
1.205000e-01  1.145450e+03
1.333521e-01  8.839425e+02
1.531088e-01  6.233218e+02
2.398833e-01  1.968016e+02
2.884032e-01  1.233144e+02
3.388442e-01  8.248695e+01
3.935501e-01  5.719452e+01
4.466836e-01  4.226911e+01
5.069907e-01  3.144857e+01
5.754399e-01  2.356220e+01
6.456542e-01  1.824482e+01
7.328245e-01  1.387149e+01
8.413951e-01  1.037132e+01
9.440609e-01  8.195571e+00
1.096478e+00  6.094675e+00
1.258925e+00  4.660774e+00
1.428894e+00  3.674861e+00
1.603245e+00  2.980964e+00
1.819701e+00  2.386178e+00
2.065380e+00  1.924772e+00
2.371374e+00  1.533801e+00
2.722701e+00  1.230854e+00
3.126079e+00  9.948064e-01
3.630781e+00  7.961510e-01
4.265795e+00  6.313929e-01
5.011872e+00  5.045803e-01
5.956621e+00  3.999997e-01
7.161434e+00  3.146892e-01
8.609938e+00  2.494844e-01
1.047129e+01  1.963730e-01
1.333521e+01  1.473711e-01
1.678804e+01  1.130547e-01
2.113489e+01  8.727087e-02
2.818383e+01  6.361734e-02
3.935501e+01  4.445213e-02
5.754399e+01  2.979648e-02
9.120108e+01  1.849375e-02
1.737801e+02  9.579982e-03
3.467369e+02  4.764077e-03
1.380384e+03  1.189735e-03
1.000000e+05  1.639600e-05
-1  -1
1.984800e-02  0.000000e+00
1.984800e-02  5.337079e+03
2.000000e-02  5.251920e+03
2.120000e-02  4.756220e+03
2.162719e-02  4.587279e+03
2.264644e-02  4.252417e+03
2.511886e-02  3.523216e+03
2.754229e-02  2.987883e+03
3.126079e-02  2.349582e+03
3.935501e-02  1.487345e+03
4.415704e-02  1.171694e+03
5.069907e-02  8.760562e+02
6.095369e-02  5.866753e+02
7.161434e-02  4.089219e+02
8.222426e-02  2.981573e+02
9.549926e-02  2.104247e+02
1.135011e-01  1.397490e+02
1.380384e-01  8.722995e+01
2.818383e-01  1.523416e+01
3.427678e-01  9.503112e+00
4.073803e-01  6.310940e+00
4.677351e-01  4.577907e+00
5.432503e-01  3.258333e+00
6.237348e-01  2.397727e+00
7.161434e-01  1.777220e+00
8.128305e-01  1.359824e+00
9.225714e-01  1.048418e+00
1.047129e+00  8.148951e-01
1.230269e+00  5.948939e-01
1.380384e+00  4.785023e-01
1.548817e+00  3.873865e-01
1.757924e+00  3.094523e-01
2.000000e+00  2.480847e-01
2.290868e+00  1.981013e-01
2.630268e+00  1.586981e-01
3.019952e+00  1.280370e-01
3.507519e+00  1.022872e-01
4.073803e+00  8.232093e-02
4.786301e+00  6.564626e-02
5.623413e+00  5.273593e-02
6.760830e+00  4.138737e-02
8.128305e+00  3.273250e-02
1.000000e+01  2.535300e-02
1.273503e+01  1.899457e-02
1.584893e+01  1.474356e-02
2.018366e+01  1.121723e-02
2.722701e+01  8.066115e-03
3.801894e+01  5.631721e-03
5.559043e+01  3.772335e-03
8.912509e+01  2.312513e-03
1.640590e+02  1.240338e-03
3.273407e+02  6.165533e-04
1.303167e+03  1.539243e-04
1.000000e+05  2.002300e-06
-1  -1
1.916300e-02  0.000000e+00
1.916300e-02  1.085177e+04
1.934000e-02  1.068137e+04
1.960000e-02  1.036700e+04
2.018366e-02  9.660800e+03
2.080000e-02  8.960700e+03
2.162719e-02  8.149000e+03
2.454709e-02  5.907400e+03
2.691535e-02  4.665300e+03
3.000000e-02  3.504800e+03
3.672823e-02  2.038100e+03
4.623810e-02  1.081600e+03
5.800000e-02  5.726000e+02
7.328245e-02  2.940700e+02
9.772372e-02  1.283800e+02
1.603245e-01  3.068300e+01
2.018366e-01  1.586300e+01
2.371374e-01  1.005100e+01
2.818383e-01  6.206300e+00
3.311311e-01  3.994440e+00
3.801894e-01  2.758281e+00
4.315191e-01  1.978309e+00
4.897788e-01  1.429317e+00
5.495409e-01  1.070906e+00
6.165950e-01  8.080711e-01
6.918310e-01  6.144197e-01
7.762471e-01  4.703617e-01
8.511380e-01  3.822880e-01
9.332543e-01  3.129874e-01
1.011579e+00  2.645356e-01
1.109175e+00  2.198539e-01
1.230269e+00  1.798482e-01
1.380384e+00  1.449941e-01
1.603245e+00  1.105875e-01
1.819701e+00  8.852411e-02
2.065380e+00  7.139519e-02
2.371374e+00  5.689837e-02
2.722701e+00  4.567081e-02
3.126079e+00  3.691996e-02
3.630781e+00  2.954746e-02
4.265795e+00  2.343261e-02
5.011872e+00  1.872616e-02
5.956621e+00  1.484575e-02
7.161434e+00  1.167901e-02
8.609938e+00  9.259183e-03
1.047129e+01  7.287853e-03
1.333521e+01  5.469306e-03
1.678804e+01  4.195812e-03
2.113489e+01  3.238907e-03
2.818383e+01  2.361063e-03
3.935501e+01  1.649748e-03
5.754399e+01  1.105842e-03
9.225714e+01  6.782766e-04
1.757924e+02  3.514177e-04
3.507519e+02  1.747713e-04
1.396368e+03  4.364841e-05
1.000000e+05  6.085200e-07
-1  -1
1.588300e-02  0.000000e+00
1.588300e-02  2.569338e+04
1.602000e-02  2.529570e+04
1.675000e-02  2.249576e+04
1.717908e-02  2.095093e+04
1.800000e-02  1.846888e+04
2.089296e-02  1.216233e+04
2.317395e-02  9.076048e+03
2.570396e-02  6.722483e+03
3.054921e-02  4.059255e+03
3.845918e-02  2.039532e+03
4.800000e-02  1.037868e+03
5.888437e-02  5.513121e+02
7.328245e-02  2.778181e+02
9.549926e-02  1.202143e+02
1.566751e-01  2.494473e+01
1.905461e-01  1.347072e+01
2.290868e-01  7.595850e+00
2.660725e-01  4.802744e+00
3.054921e-01  3.168565e+00
3.467369e-01  2.179740e+00
3.890451e-01  1.562071e+00
4.315191e-01  1.164940e+00
4.841724e-01  8.472582e-01
5.370318e-01  6.405771e-01
5.956621e-01  4.876487e-01
6.606935e-01  3.738731e-01
8.035261e-01  2.299377e-01
8.709636e-01  1.896729e-01
9.332543e-01  1.619428e-01
9.885531e-01  1.427976e-01
1.071519e+00  1.208137e-01
1.161449e+00  1.029061e-01
1.273503e+00  8.629678e-02
1.412538e+00  7.137388e-02
1.717908e+00  5.034537e-02
1.949845e+00  4.044199e-02
2.238721e+00  3.212167e-02
2.570396e+00  2.570099e-02
2.951209e+00  2.071051e-02
3.427678e+00  1.652569e-02
4.000000e+00  1.319600e-02
4.677351e+00  1.058310e-02
5.495409e+00  8.493069e-03
6.606934e+00  6.658766e-03
7.943282e+00  5.261161e-03
9.772372e+00  4.071451e-03
1.230269e+01  3.089641e-03
1.531087e+01  2.394970e-03
1.972423e+01  1.797159e-03
2.691535e+01  1.275442e-03
3.758374e+01  8.902728e-04
5.495409e+01  5.961986e-04
8.810489e+01  3.654195e-04
1.621810e+02  1.959692e-04
3.235937e+02  9.740644e-05
1.288250e+03  2.431421e-05
1.000000e+05  3.126700e-07
-1  -1
4.974300e-03  0.000000e+00
4.974300e-03  1.401677e+04
5.370318e-03  1.269091e+04
5.500000e-03  1.233448e+04
5.956621e-03  1.103166e+04
6.500000e-03  9.805460e+03
6.918310e-03  8.936164e+03
7.585776e-03  7.760503e+03
8.128305e-03  6.999780e+03
8.709636e-03  6.269258e+03
1.071519e-02  4.449536e+03
1.188502e-02  3.716409e+03
1.380384e-02  2.849614e+03
1.603245e-02  2.162853e+03
1.800000e-02  1.739384e+03
2.150000e-02  1.233134e+03
2.570396e-02  8.636557e+02
3.054921e-02  6.063943e+02
3.630781e-02  4.219934e+02
4.300000e-02  2.934400e+02
5.069907e-02  2.044318e+02
5.956621e-02  1.425288e+02
7.079458e-02  9.610270e+01
8.511380e-02  6.263414e+01
1.047129e-01  3.838647e+01
1.258925e-01  2.462801e+01
2.570396e-01  4.305684e+00
3.235937e-01  2.468320e+00
3.890451e-01  1.592692e+00
4.570882e-01  1.093593e+00
5.248075e-01  7.977555e-01
6.025596e-01  5.860695e-01
6.918310e-01  4.338019e-01
7.943282e-01  3.235609e-01
9.015711e-01  2.488266e-01
1.000000e+00  2.019995e-01
1.202264e+00  1.407794e-01
1.348963e+00  1.130750e-01
1.531087e+00  8.953548e-02
1.737801e+00  7.147339e-02
1.972423e+00  5.748896e-02
2.264644e+00  4.569286e-02
2.600160e+00  3.658161e-02
3.000000e+00  2.927600e-02
3.467369e+00  2.355003e-02
4.027170e+00  1.894340e-02
4.731513e+00  1.509848e-02
5.559043e+00  1.212308e-02
6.683439e+00  9.509261e-03
8.035261e+00  7.517001e-03
9.885531e+00  5.819760e-03
1.258925e+01  4.358378e-03
1.584893e+01  3.337295e-03
2.018366e+01  2.539012e-03
2.722701e+01  1.825842e-03
3.758374e+01  1.290541e-03
5.495409e+01  8.642495e-04
8.810489e+01  5.297037e-04
1.621810e+02  2.840741e-04
3.235937e+02  1.411928e-04
1.288250e+03  3.524560e-05
1.000000e+05  4.532500e-07
-1  -1
4.654700e-03  0.000000e+00
4.654700e-03  2.253965e+04
4.900000e-03  2.143220e+04
5.128614e-03  2.036739e+04
5.800000e-03  1.743350e+04
6.025596e-03  1.654147e+04
6.683439e-03  1.418306e+04
7.413102e-03  1.207955e+04
8.128305e-03  1.039345e+04
9.549926e-03  7.831168e+03
1.023293e-02  6.892507e+03
1.190000e-02  5.148480e+03
1.288250e-02  4.392829e+03
1.496236e-02  3.218057e+03
1.640590e-02  2.640645e+03
1.900000e-02  1.908720e+03
2.150000e-02  1.438840e+03
2.400000e-02  1.112862e+03
2.786121e-02  7.783479e+02
3.235937e-02  5.386007e+02
3.800000e-02  3.592700e+02
4.415704e-02  2.440587e+02
5.188000e-02  1.598676e+02
6.095369e-02  1.039487e+02
7.413102e-02  6.115271e+01
8.709636e-02  3.927304e+01
1.135011e-01  1.880145e+01
1.927525e-01  4.276280e+00
2.426610e-01  2.260030e+00
2.884032e-01  1.410281e+00
3.388442e-01  9.146163e-01
3.890451e-01  6.353483e-01
4.415705e-01  4.580551e-01
5.011872e-01  3.325906e-01
5.688529e-01  2.433507e-01
6.382635e-01  1.845022e-01
7.161434e-01  1.409124e-01
8.035261e-01  1.084557e-01
8.810489e-01  8.837643e-02
9.549926e-01  7.432329e-02
1.035142e+00  6.292102e-02
1.148154e+00  5.120441e-02
1.273503e+00  4.198115e-02
1.428894e+00  3.391857e-02
1.659587e+00  2.591476e-02
1.883649e+00  2.078234e-02
2.137962e+00  1.679277e-02
2.454709e+00  1.340456e-02
2.818383e+00  1.077587e-02
3.235937e+00  8.725354e-03
3.758374e+00  6.995047e-03
4.415704e+00  5.556870e-03
5.188000e+00  4.447953e-03
6.165950e+00  3.531329e-03
7.413102e+00  2.782175e-03
8.912509e+00  2.208844e-03
1.083927e+01  1.740713e-03
1.364583e+01  1.325649e-03
1.757924e+01  9.913266e-04
2.238721e+01  7.565905e-04
2.985383e+01  5.522785e-04
4.216965e+01  3.817023e-04
6.309573e+01  2.501150e-04
1.011579e+02  1.536466e-04
2.018366e+02  7.605319e-05
4.027170e+02  3.785917e-05
1.603245e+03  9.463488e-06
1.000000e+05  1.515000e-07
-1  -1
3.903900e-03  0.000000e+00
3.903900e-03  7.886838e+04
3.970000e-03  7.747617e+04
4.027170e-03  7.602821e+04
4.315191e-03  6.800553e+04
4.954502e-03  5.367693e+04
5.500000e-03  4.428440e+04
6.309573e-03  3.413434e+04
6.918310e-03  2.847482e+04
8.222426e-03  1.999424e+04
8.912509e-03  1.682255e+04
1.047129e-02  1.180020e+04
1.150000e-02  9.530760e+03
1.318257e-02  6.933027e+03
1.479108e-02  5.257852e+03
1.659587e-02  3.965184e+03
1.905461e-02  2.801119e+03
2.150000e-02  2.052552e+03
2.426610e-02  1.493625e+03
2.800000e-02  1.017304e+03
3.235937e-02  6.841925e+02
3.758374e-02  4.501370e+02
4.365158e-02  2.938215e+02
5.069907e-02  1.903753e+02
5.956621e-02  1.184202e+02
7.079458e-02  7.065003e+01
8.511380e-02  4.043048e+01
1.059254e-01  2.067054e+01
1.798871e-01  4.034578e+00
2.264644e-01  1.996159e+00
2.660725e-01  1.227995e+00
3.090295e-01  7.878716e-01
3.507519e-01  5.448659e-01
3.981072e-01  3.796323e-01
4.466836e-01  2.754465e-01
5.011872e-01  2.013303e-01
5.623413e-01  1.482857e-01
6.237348e-01  1.134113e-01
6.918310e-01  8.735981e-02
7.673615e-01  6.777190e-02
8.709636e-01  4.999358e-02
9.332543e-01  4.261708e-02
9.885531e-01  3.752054e-02
1.059254e+00  3.244638e-02
1.148154e+00  2.760073e-02
1.250000e+00  2.344795e-02
1.380384e+00  1.953389e-02
1.717908e+00  1.322521e-02
1.949845e+00  1.062281e-02
2.238721e+00  8.437687e-03
2.570396e+00  6.751177e-03
2.951209e+00  5.440168e-03
3.427678e+00  4.340781e-03
4.000000e+00  3.466100e-03
4.677351e+00  2.779853e-03
5.495409e+00  2.230890e-03
6.606934e+00  1.749028e-03
7.943282e+00  1.381907e-03
9.772372e+00  1.069446e-03
1.230269e+01  8.115612e-04
1.531087e+01  6.290808e-04
2.000000e+01  4.647900e-04
2.722701e+01  3.308555e-04
3.801894e+01  2.309961e-04
5.559043e+01  1.547349e-04
8.912509e+01  9.485456e-05
1.640590e+02  5.087586e-05
3.273407e+02  2.528949e-05
1.303167e+03  6.313264e-06
1.000000e+05  8.213000e-08
-1  -1
3.379600e-03  0.000000e+00
3.379600e-03  2.024983e+05
3.600000e-03  1.772015e+05
3.920000e-03  1.425264e+05
4.216965e-03  1.172367e+05
4.800000e-03  8.205280e+04
5.370318e-03  5.982063e+04
5.956621e-03  4.438382e+04
6.683439e-03  3.160511e+04
7.244360e-03  2.477403e+04
8.609938e-03  1.457377e+04
9.885531e-03  9.419646e+03
1.096478e-02  6.763129e+03
1.300000e-02  3.876772e+03
1.462177e-02  2.620432e+03
1.659587e-02  1.708996e+03
1.950000e-02  9.823240e+02
2.264644e-02  5.827722e+02
2.660725e-02  3.292980e+02
3.126079e-02  1.846320e+02
3.715352e-02  9.856874e+01
4.500000e-02  4.872840e+01
4.954502e-02  3.415198e+01
5.888437e-02  1.795809e+01
1.161449e-01  1.407797e+00
1.445440e-01  6.240326e-01
1.737801e-01  3.166359e-01
2.018366e-01  1.836694e-01
2.317395e-01  1.118590e-01
2.630268e-01  7.147337e-02
2.985383e-01  4.600027e-02
3.349654e-01  3.100251e-02
3.715352e-01  2.189069e-02
4.027170e-01  1.679273e-02
4.466836e-01  1.205203e-02
5.011872e-01  8.405648e-03
5.559043e-01  6.110750e-03
6.165950e-01  4.475018e-03
6.760830e-01  3.416324e-03
7.328245e-01  2.714634e-03
8.511380e-01  1.794744e-03
9.015711e-01  1.540911e-03
9.440609e-01  1.371778e-03
9.885531e-01  1.228674e-03
1.035142e+00  1.107967e-03
1.096478e+00  9.805933e-04
1.161449e+00  8.736449e-04
1.250000e+00  7.598695e-04
1.364583e+00  6.486886e-04
1.531087e+00  5.307385e-04
1.819701e+00  3.911852e-04
2.044000e+00  3.207253e-04
2.344229e+00  2.558543e-04
2.691535e+00  2.052097e-04
3.090295e+00  1.657697e-04
3.589219e+00  1.325882e-04
4.216965e+00  1.050903e-04
4.954502e+00  8.393968e-05
5.888437e+00  6.650807e-05
7.079458e+00  5.229766e-05
8.511380e+00  4.144128e-05
1.047129e+01  3.215589e-05
1.333521e+01  2.413144e-05
1.678804e+01  1.851308e-05
2.113489e+01  1.429088e-05
2.818383e+01  1.041769e-05
3.935501e+01  7.279118e-06
5.754399e+01  4.879173e-06
9.225714e+01  2.992751e-06
1.757924e+02  1.550563e-06
3.507519e+02  7.711260e-07
1.396368e+03  1.925873e-07
1.000000e+05  2.684900e-09
-1  -1
3.224100e-03  0.000000e+00
3.224100e-03  3.252441e+05
3.467369e-03  2.708811e+05
3.715352e-03  2.261889e+05
4.027170e-03  1.815879e+05
4.518559e-03  1.315909e+05
5.069907e-03  9.472709e+04
5.688529e-03  6.763762e+04
6.309573e-03  4.958071e+04
6.918310e-03  3.739943e+04
8.317638e-03  2.101520e+04
9.225714e-03  1.506411e+04
1.047129e-02  9.979194e+03
1.202264e-02  6.305963e+03
1.350000e-02  4.264026e+03
1.548817e-02  2.661084e+03
1.778279e-02  1.642853e+03
2.041738e-02  1.006499e+03
2.344229e-02  6.122124e+02
2.691535e-02  3.698945e+02
3.126079e-02  2.128152e+02
3.672823e-02  1.164852e+02
4.415704e-02  5.801058e+01
5.248075e-02  2.999476e+01
6.839116e-02  1.079720e+01
1.122019e-01  1.588419e+00
1.380384e-01  7.167967e-01
1.640590e-01  3.719829e-01
1.883649e-01  2.215752e-01
2.137962e-01  1.387644e-01
2.398833e-01  9.129873e-02
2.691535e-01  6.051055e-02
3.000060e-01  4.137111e-02
3.311311e-01  2.946239e-02
3.630781e-01  2.161105e-02
3.981072e-01  1.596830e-02
4.365158e-01  1.190733e-02
4.786301e-01  8.944783e-03
5.308844e-01  6.532833e-03
5.821032e-01  4.976189e-03
6.309573e-01  3.948243e-03
6.918310e-01  3.054534e-03
7.585776e-01  2.381491e-03
8.709636e-01  1.651141e-03
9.225714e-01  1.426982e-03
9.660509e-01  1.276805e-03
1.011579e+00  1.149219e-03
1.071519e+00  1.015126e-03
1.135011e+00  9.025550e-04
1.216186e+00  7.894971e-04
1.318257e+00  6.805695e-04
1.840772e+00  3.778230e-04
2.065380e+00  3.106231e-04
2.371374e+00  2.475049e-04
2.722701e+00  1.986270e-04
3.126079e+00  1.605436e-04
3.630781e+00  1.284829e-04
4.265795e+00  1.018948e-04
5.011872e+00  8.143139e-05
5.956621e+00  6.455444e-05
7.161434e+00  5.078608e-05
8.609938e+00  4.026293e-05
1.047129e+01  3.169085e-05
1.333521e+01  2.378311e-05
1.678804e+01  1.824531e-05
2.113489e+01  1.408391e-05
2.818383e+01  1.026679e-05
3.935501e+01  7.173927e-06
5.754399e+01  4.808662e-06
9.225714e+01  2.949511e-06
1.757924e+02  1.528098e-06
3.507519e+02  7.599755e-07
1.396368e+03  1.898035e-07
1.000000e+05  2.646100e-09
-1  -1
1.249500e-03  0.000000e+00
1.249500e-03  3.128190e+04
1.479108e-03  2.665273e+04
1.548817e-03  2.545457e+04
1.800000e-03  2.147860e+04
1.864900e-03  2.063237e+04
2.187762e-03  1.699617e+04
2.371374e-03  1.529487e+04
2.900000e-03  1.159534e+04
3.198895e-03  1.005527e+04
3.801894e-03  7.758581e+03
4.466836e-03  6.023598e+03
5.015000e-03  4.997209e+03
6.000000e-03  3.707060e+03
7.161434e-03  2.734226e+03
8.511380e-03  2.013838e+03
1.023293e-02  1.440348e+03
1.216186e-02  1.043491e+03
1.445440e-02  7.504066e+02
1.737801e-02  5.237494e+02
2.089296e-02  3.625718e+02
2.483133e-02  2.549342e+02
2.951209e-02  1.779435e+02
3.507519e-02  1.232972e+02
4.168694e-02  8.480710e+01
5.000000e-02  5.674720e+01
6.000000e-02  3.762360e+01
7.161434e-02  2.506331e+01
8.609938e-02  1.630116e+01
1.081000e-01  9.502200e+00
1.380384e-01  5.253684e+00
2.540973e-01  1.181779e+00
3.235937e-01  6.589397e-01
3.890451e-01  4.252275e-01
4.570882e-01  2.919943e-01
5.248075e-01  2.130087e-01
6.025596e-01  1.564837e-01
6.918310e-01  1.158217e-01
7.943282e-01  8.638104e-02
9.015711e-01  6.641884e-02
1.000000e+00  5.391600e-02
1.202264e+00  3.757518e-02
1.348963e+00  3.018091e-02
1.531087e+00  2.389798e-02
1.737801e+00  1.907487e-02
1.972423e+00  1.534381e-02
2.264644e+00  1.219828e-02
2.600160e+00  9.765662e-03
3.000000e+00  7.814200e-03
3.467369e+00  6.285847e-03
4.027170e+00  5.056221e-03
4.731513e+00  4.029823e-03
5.559043e+00  3.235637e-03
6.683439e+00  2.538137e-03
8.035261e+00  2.006397e-03
9.885531e+00  1.553385e-03
1.244515e+01  1.179290e-03
1.548817e+01  9.145097e-04
2.000000e+01  6.846400e-04
2.722701e+01  4.873429e-04
3.801894e+01  3.402589e-04
5.559043e+01  2.279194e-04
8.912509e+01  1.397155e-04
1.659587e+02  7.406853e-05
3.311311e+02  3.682107e-05
1.318257e+03  9.192945e-06
1.000000e+05  1.209800e-07
-1  -1
1.104800e-03  0.000000e+00
1.104800e-03  2.742545e+04
1.210000e-03  2.724792e+04
1.333521e-03  2.662423e+04
1.420000e-03  2.600860e+04
1.531087e-03  2.508321e+04
1.650000e-03  2.407080e+04
1.770000e-03  2.299720e+04
1.883649e-03  2.194316e+04
2.018366e-03  2.073691e+04
2.187762e-03  1.923361e+04
2.454709e-03  1.713226e+04
2.650000e-03  1.574902e+04
2.917427e-03  1.404049e+04
3.235937e-03  1.232773e+04
3.548134e-03  1.089082e+04
4.000000e-03  9.194440e+03
4.400000e-03  7.975600e+03
4.954502e-03  6.630092e+03
5.500000e-03  5.592060e+03
6.165950e-03  4.611007e+03
7.000000e-03  3.688000e+03
7.800000e-03  3.027800e+03
8.810489e-03  2.407800e+03
1.000000e-02  1.882160e+03
1.135011e-02  1.459713e+03
1.288250e-02  1.123653e+03
1.462177e-02  8.586462e+02
1.659587e-02  6.514940e+02
1.883649e-02  4.909039e+02
2.150000e-02  3.626580e+02
2.483133e-02  2.586377e+02
2.851018e-02  1.855746e+02
3.273407e-02  1.322056e+02
3.758374e-02  9.354025e+01
4.365158e-02  6.383741e+01
5.128614e-02  4.198184e+01
6.095369e-02  2.660340e+01
7.328245e-02  1.620764e+01
9.015711e-02  9.208595e+00
1.135011e-01  4.877118e+00
1.995262e-01  1.015456e+00
2.483133e-01  5.559321e-01
2.951209e-01  3.479035e-01
3.427678e-01  2.333535e-01
3.935501e-01  1.624758e-01
4.518559e-01  1.139558e-01
5.128614e-01  8.291753e-02
5.821032e-01  6.079381e-02
6.531306e-01  4.617996e-02
7.328245e-01  3.533916e-02
8.317638e-01  2.655382e-02
9.120108e-01  2.170240e-02
9.885531e-01  1.830690e-02
1.083927e+00  1.518897e-02
1.202264e+00  1.240332e-02
1.348963e+00  9.983093e-03
1.548817e+00  7.762361e-03
1.757924e+00  6.201197e-03
2.000000e+00  4.970022e-03
2.290868e+00  3.968610e-03
2.630268e+00  3.179174e-03
3.019952e+00  2.564898e-03
3.507519e+00  2.049061e-03
4.073803e+00  1.649086e-03
4.786301e+00  1.315047e-03
5.623413e+00  1.056443e-03
6.760830e+00  8.291074e-04
8.128305e+00  6.557303e-04
1.000000e+01  5.078900e-04
1.273503e+01  3.805181e-04
1.600000e+01  2.921800e-04
2.041738e+01  2.218500e-04
2.754229e+01  1.595734e-04
3.845918e+01  1.114473e-04
5.623413e+01  7.466781e-05
9.015711e+01  4.578178e-05
1.678804e+02  2.427361e-05
3.349654e+02  1.206846e-05
1.333521e+03  3.013075e-06
1.000000e+05  4.011200e-08
-1  -1
9.114400e-04  0.000000e+00
9.114400e-04  1.662785e+05
9.700000e-04  1.599286e+05
1.122018e-03  1.390839e+05
1.230269e-03  1.255378e+05
1.380384e-03  1.100102e+05
1.479108e-03  1.010455e+05
1.659587e-03  8.689478e+04
1.905461e-03  7.157749e+04
2.113489e-03  6.158604e+04
2.344229e-03  5.251670e+04
2.660725e-03  4.296344e+04
2.951209e-03  3.618122e+04
3.349654e-03  2.914326e+04
3.801894e-03  2.326751e+04
4.265795e-03  1.884165e+04
4.897788e-03  1.450155e+04
5.559043e-03  1.131514e+04
6.237348e-03  8.972854e+03
7.079458e-03  6.904113e+03
8.128305e-03  5.143474e+03
9.332543e-03  3.798974e+03
1.080000e-02  2.732440e+03
1.244515e-02  1.966406e+03
1.412538e-02  1.455034e+03
1.603245e-02  1.069255e+03
1.819701e-02  7.804429e+02
2.065380e-02  5.658876e+02
2.371374e-02  3.954793e+02
2.722701e-02  2.742222e+02
3.126079e-02  1.887456e+02
3.589219e-02  1.289856e+02
4.168694e-02  8.473678e+01
4.841724e-02  5.524669e+01
5.688529e-02  3.458139e+01
6.760830e-02  2.076655e+01
8.128305e-02  1.195757e+01
1.011580e-01  6.156387e+00
1.905461e-01  8.837036e-01
2.344229e-01  4.711993e-01
2.754229e-01  2.908548e-01
3.235937e-01  1.809345e-01
3.672823e-01  1.254824e-01
4.120975e-01  9.059892e-02
4.623810e-01  6.591551e-02
5.188000e-01  4.831001e-02
5.754399e-01  3.676292e-02
6.382635e-01  2.816800e-02
7.079458e-01  2.173725e-02
7.852356e-01  1.689635e-02
8.709636e-01  1.317749e-02
9.332543e-01  1.123875e-02
9.885531e-01  9.902845e-03
1.071519e+00  8.374816e-03
1.161449e+00  7.132076e-03
1.273503e+00  5.981017e-03
1.412538e+00  4.948178e-03
1.737801e+00  3.421384e-03
1.972423e+00  2.750134e-03
2.264644e+00  2.185757e-03
2.600160e+00  1.749942e-03
3.000000e+00  1.400500e-03
3.467369e+00  1.126574e-03
4.027170e+00  9.061881e-04
4.731513e+00  7.222379e-04
5.559043e+00  5.799057e-04
6.683439e+00  4.548823e-04
8.035261e+00  3.595801e-04
9.885531e+00  2.783979e-04
1.244515e+01  2.113425e-04
1.566751e+01  1.617593e-04
2.018366e+01  1.214571e-04
2.722701e+01  8.734154e-05
3.801894e+01  6.098136e-05
5.559043e+01  4.084816e-05
8.912509e+01  2.504067e-05
1.659587e+02  1.327424e-05
3.311311e+02  6.599189e-06
1.318257e+03  1.647560e-06
1.000000e+05  2.168200e-08
-1  -1
6.755100e-04  0.000000e+00
6.755100e-04  2.044726e+05
7.350000e-04  2.129361e+05
7.673615e-04  2.167506e+05
8.128305e-04  2.193116e+05
8.511380e-04  2.198821e+05
8.912509e-04  2.189599e+05
9.350000e-04  2.163376e+05
9.700000e-04  2.133088e+05
1.015000e-03  2.086836e+05
1.071519e-03  2.019018e+05
1.135011e-03  1.933495e+05
1.202264e-03  1.838330e+05
1.288250e-03  1.716400e+05
1.350000e-03  1.629392e+05
1.462177e-03  1.479794e+05
1.548817e-03  1.372452e+05
1.650000e-03  1.254076e+05
1.800000e-03  1.098580e+05
1.927525e-03  9.844999e+04
2.070000e-03  8.718960e+04
2.264644e-03  7.423681e+04
2.454709e-03  6.386920e+04
2.660725e-03  5.452851e+04
2.917427e-03  4.521641e+04
3.162278e-03  3.812923e+04
3.507519e-03  3.037387e+04
3.801894e-03  2.529228e+04
4.216965e-03  1.983216e+04
4.650000e-03  1.564596e+04
5.128614e-03  1.224962e+04
5.688529e-03  9.384574e+03
6.309573e-03  7.136931e+03
7.000000e-03  5.384880e+03
7.762471e-03  4.040003e+03
8.609938e-03  3.009257e+03
9.660509e-03  2.152688e+03
1.096478e-02  1.475844e+03
1.230269e-02  1.039011e+03
1.380384e-02  7.262219e+02
1.548817e-02  5.041154e+02
1.737801e-02  3.476399e+02
1.949845e-02  2.382453e+02
2.214200e-02  1.558734e+02
2.540973e-02  9.767443e+01
2.917427e-02  6.063572e+01
3.388442e-02  3.589576e+01
3.981072e-02  2.024620e+01
4.731513e-02  1.087397e+01
5.754399e-02  5.331422e+00
7.413102e-02  2.100211e+00
1.273503e-01  2.841413e-01
1.678804e-01  1.031535e-01
1.905461e-01  6.522510e-02
2.344229e-01  3.117837e-02
2.691535e-01  1.920381e-02
3.090295e-01  1.192561e-02
3.427678e-01  8.391174e-03
3.801894e-01  5.945600e-03
4.120975e-01  4.576111e-03
4.570882e-01  3.295586e-03
5.188000e-01  2.225219e-03
5.754399e-01  1.623522e-03
6.382635e-01  1.192903e-03
6.998420e-01  9.134041e-04
7.585776e-01  7.278471e-04
8.511380e-01  5.302495e-04
9.015711e-01  4.554311e-04
9.440609e-01  4.055552e-04
9.885531e-01  3.633311e-04
1.035142e+00  3.276907e-04
1.096478e+00  2.900558e-04
1.161449e+00  2.584351e-04
1.250000e+00  2.247758e-04
1.364583e+00  1.918664e-04
1.531087e+00  1.569506e-04
1.819701e+00  1.156725e-04
2.041738e+00  9.502298e-05
2.344229e+00  7.566899e-05
2.691535e+00  6.068799e-05
3.090295e+00  4.902075e-05
3.589219e+00  3.920867e-05
4.216965e+00  3.107743e-05
4.954502e+00  2.482294e-05
5.888437e+00  1.966763e-05
7.079458e+00  1.546596e-05
8.511380e+00  1.225491e-05
1.035142e+01  9.641834e-06
1.318257e+01  7.232858e-06
1.659587e+01  5.546987e-06
2.089296e+01  4.280377e-06
2.818383e+01  3.080636e-06
3.981072e+01  2.126387e-06
5.888437e+01  1.408592e-06
9.332543e+01  8.746032e-07
1.798871e+02  4.479355e-07
3.589219e+02  2.228074e-07
1.428894e+03  5.565331e-08
1.000000e+05  7.939900e-10
-1  -1
6.396200e-04  0.000000e+00
6.396200e-04  3.670973e+05
7.328245e-04  3.706853e+05
7.900000e-04  3.708528e+05
8.222426e-04  3.689472e+05
8.609938e-04  3.644986e+05
9.015711e-04  3.577958e+05
9.500000e-04  3.480636e+05
1.000000e-03  3.365472e+05
1.059254e-03  3.217790e+05
1.130000e-03  3.033090e+05
1.202264e-03  2.843947e+05
1.273503e-03  2.663263e+05
1.396368e-03  2.369046e+05
1.479108e-03  2.190048e+05
1.570000e-03  2.005722e+05
1.717908e-03  1.739985e+05
1.862087e-03  1.522182e+05
2.000000e-03  1.342122e+05
2.220000e-03  1.105998e+05
2.400000e-03  9.505680e+04
2.650000e-03  7.771560e+04
2.884032e-03  6.500977e+04
3.162278e-03  5.310942e+04
3.467369e-03  4.310788e+04
3.845918e-03  3.378094e+04
4.216965e-03  2.701679e+04
4.731513e-03  2.024242e+04
5.188000e-03  1.595044e+04
5.754399e-03  1.211760e+04
6.500000e-03  8.686740e+03
7.328245e-03  6.198188e+03
8.128305e-03  4.595567e+03
8.912509e-03  3.503545e+03
9.885531e-03  2.566017e+03
1.120000e-02  1.747998e+03
1.258925e-02  1.210219e+03
1.412538e-02  8.364600e+02
1.584893e-02  5.740281e+02
1.778279e-02  3.912770e+02
2.018366e-02  2.547757e+02
2.290868e-02  1.646250e+02
2.600160e-02  1.055981e+02
2.985383e-02  6.455834e+01
3.672823e-02  3.005521e+01
5.011872e-02  9.624466e+00
6.095369e-02  4.599026e+00
8.035261e-02  1.606392e+00
1.230269e-01  3.161190e-01
1.500000e-01  1.493286e-01
1.757924e-01  8.246272e-02
2.041738e-01  4.744720e-02
2.317395e-01  2.991854e-02
2.600160e-01  1.980928e-02
2.884032e-01  1.375858e-02
3.198895e-01  9.625023e-03
3.507519e-01  7.052935e-03
3.845918e-01  5.203648e-03
4.168694e-01  4.014151e-03
4.570882e-01  3.005933e-03
5.069907e-01  2.188663e-03
5.559043e-01  1.661580e-03
6.025596e-01  1.313872e-03
6.531306e-01  1.046676e-03
7.079458e-01  8.391814e-04
7.762471e-01  6.568270e-04
8.609938e-01  5.002137e-04
9.120108e-01  4.323869e-04
9.660509e-01  3.764440e-04
1.011579e+00  3.390698e-04
1.071519e+00  2.996691e-04
1.135011e+00  2.665048e-04
1.216186e+00  2.331222e-04
1.318257e+00  2.009043e-04
1.819701e+00  1.136959e-04
2.044000e+00  9.323371e-05
2.344229e+00  7.437924e-05
2.691535e+00  5.965392e-05
3.090295e+00  4.818636e-05
3.589219e+00  3.854154e-05
4.216965e+00  3.054875e-05
4.954502e+00  2.440067e-05
5.888437e+00  1.933342e-05
7.079458e+00  1.520281e-05
8.511380e+00  1.204690e-05
1.047129e+01  9.347385e-06
1.333521e+01  7.014920e-06
1.678804e+01  5.381563e-06
2.113489e+01  4.154178e-06
2.818383e+01  3.028305e-06
3.935501e+01  2.115930e-06
5.754399e+01  1.418383e-06
9.225714e+01  8.699614e-07
1.757924e+02  4.507198e-07
3.507519e+02  2.241542e-07
1.396368e+03  5.598301e-08
1.000000e+05  7.804800e-10
-1  -1
3.289000e-04  0.000000e+00
3.289000e-04  7.226400e+04
3.290000e-04  7.259880e+04
3.296000e-04  7.374600e+04
3.304000e-04  7.490820e+04
3.316000e-04  7.622400e+04
3.330000e-04  7.745940e+04
3.350000e-04  7.879680e+04
3.400000e-04  8.116380e+04
3.420000e-04  8.248020e+04
3.435000e-04  8.397840e+04
3.450000e-04  8.607060e+04
3.465000e-04  8.887860e+04
3.480000e-04  9.250140e+04
3.495000e-04  9.701460e+04
3.510000e-04  1.025088e+05
3.525000e-04  1.090626e+05
3.540000e-04  1.167546e+05
3.555000e-04  1.256790e+05
3.570000e-04  1.359048e+05
3.590000e-04  1.516482e+05
3.665000e-04  2.321436e+05
3.690000e-04  2.655882e+05
3.715352e-04  3.020960e+05
3.740000e-04  3.396522e+05
3.765000e-04  3.794628e+05
3.790000e-04  4.209546e+05
3.815000e-04  4.638918e+05
3.845918e-04  5.190759e+05
3.880000e-04  5.822556e+05
3.915000e-04  6.492360e+05
3.950000e-04  7.174440e+05
3.981072e-04  7.783277e+05
4.015000e-04  8.444160e+05
4.050000e-04  9.110940e+05
4.080000e-04  9.667080e+05
4.120975e-04  1.040042e+06
4.150000e-04  1.089918e+06
4.190000e-04  1.155810e+06
4.240000e-04  1.233888e+06
4.280000e-04  1.292604e+06
4.335000e-04  1.367904e+06
4.390000e-04  1.436034e+06
4.450000e-04  1.501968e+06
4.500000e-04  1.549848e+06
4.550000e-04  1.591710e+06
4.623810e-04  1.643767e+06
4.700000e-04  1.686972e+06
4.794100e-04  1.728759e+06
4.897788e-04  1.761409e+06
5.000000e-04  1.780896e+06
5.128614e-04  1.790771e+06
5.248075e-04  1.788604e+06
5.400000e-04  1.774410e+06
5.580000e-04  1.744668e+06
5.754399e-04  1.706355e+06
5.956621e-04  1.654364e+06
6.200000e-04  1.584966e+06
6.500000e-04  1.494366e+06
6.839116e-04  1.390540e+06
7.161434e-04  1.293986e+06
7.500000e-04  1.196466e+06
7.852356e-04  1.101900e+06
8.222426e-04  1.008373e+06
8.810489e-04  8.757684e+05
9.332543e-04  7.744611e+05
9.885530e-04  6.805650e+05
1.059254e-03  5.783011e+05
1.150000e-03  4.728486e+05
1.230269e-03  3.982340e+05
1.333521e-03  3.218003e+05
1.450000e-03  2.562462e+05
1.570000e-03  2.049294e+05
1.737801e-03  1.528174e+05
1.905461e-03  1.161739e+05
2.089296e-03  8.772139e+04
2.300000e-03  6.496200e+04
2.540973e-03  4.722737e+04
2.800000e-03  3.436824e+04
3.090295e-03  2.471462e+04
3.467369e-03  1.667475e+04
3.845918e-03  1.161186e+04
4.216965e-03  8.371561e+03
4.731513e-03  5.519370e+03
5.308844e-03  3.610069e+03
6.000000e-03  2.278872e+03
6.760830e-03  1.442653e+03
7.585776e-03  9.213249e+02
8.500000e-03  5.872590e+02
9.440609e-03  3.853819e+02
1.059254e-02  2.413231e+02
1.202264e-02  1.431293e+02
1.364583e-02  8.427267e+01
1.548817e-02  4.927382e+01
1.778279e-02  2.723182e+01
2.041738e-02  1.493843e+01
2.371374e-02  7.731343e+00
2.786121e-02  3.774699e+00
3.388442e-02  1.567448e+00
4.265795e-02  5.525899e-01
8.035261e-02  3.084291e-02
1.011580e-01  1.085946e-02
1.216186e-01  4.742706e-03
1.428894e-01  2.313918e-03
1.644310e-01  1.246881e-03
1.862087e-01  7.259082e-04
2.065380e-01  4.653025e-04
2.317395e-01  2.859971e-04
2.600160e-01  1.771198e-04
2.917427e-01  1.105541e-04
3.273407e-01  6.933432e-05
3.507519e-01  5.273160e-05
3.722400e-01  4.189165e-05
4.027170e-01  3.116940e-05
4.466836e-01  2.125829e-05
4.897788e-01  1.522952e-05
5.370318e-01  1.098314e-05
5.888437e-01  7.976316e-06
6.456542e-01  5.827663e-06
6.998420e-01  4.460956e-06
7.943282e-01  2.962648e-06
8.413951e-01  2.475215e-06
8.810489e-01  2.156664e-06
9.225714e-01  1.891533e-06
9.549926e-01  1.722901e-06
9.885531e-01  1.576879e-06
1.023293e+00  1.450872e-06
1.071519e+00  1.307568e-06
1.122018e+00  1.186578e-06
1.188502e+00  1.059507e-06
1.273503e+00  9.330770e-07
1.380384e+00  8.107052e-07
1.513561e+00  6.940607e-07
1.862087e+00  4.815858e-07
2.065380e+00  4.037639e-07
2.371374e+00  3.217194e-07
2.722701e+00  2.581726e-07
3.126079e+00  2.086661e-07
3.630781e+00  1.670021e-07
4.265795e+00  1.324404e-07
5.011872e+00  1.058361e-07
5.956621e+00  8.390507e-08
7.161434e+00  6.600980e-08
8.609938e+00  5.233226e-08
1.047129e+01  4.119025e-08
1.333521e+01  3.091195e-08
1.678804e+01  2.371487e-08
2.113489e+01  1.830612e-08
2.818383e+01  1.334486e-08
3.935501e+01  9.324379e-09
5.754399e+01  6.250014e-09
9.225714e+01  3.833603e-09
1.757924e+02  1.986172e-09
3.507519e+02  9.878000e-10
1.396368e+03  2.467010e-10
1.000000e+05  3.439300e-12
-1  -1
3.197400e-04  0.000000e+00
3.197400e-04  1.045928e+05
3.250000e-04  1.068864e+05
3.300000e-04  1.095376e+05
3.322000e-04  1.113744e+05
3.335000e-04  1.129944e+05
3.350000e-04  1.155584e+05
3.365000e-04  1.190352e+05
3.375300e-04  1.220282e+05
3.390000e-04  1.272432e+05
3.400000e-04  1.314760e+05
3.415000e-04  1.389512e+05
3.430000e-04  1.478808e+05
3.445000e-04  1.583856e+05
3.458000e-04  1.688536e+05
3.472000e-04  1.816344e+05
3.490000e-04  2.004696e+05
3.515000e-04  2.312664e+05
3.565000e-04  3.086544e+05
3.590000e-04  3.543112e+05
3.610000e-04  3.935672e+05
3.635000e-04  4.454608e+05
3.657000e-04  4.933288e+05
3.680000e-04  5.453248e+05
3.700000e-04  5.920120e+05
3.730000e-04  6.644752e+05
3.758374e-04  7.355898e+05
3.790000e-04  8.175280e+05
3.815000e-04  8.839440e+05
3.850000e-04  9.785120e+05
3.880000e-04  1.060176e+06
3.915000e-04  1.154840e+06
3.950000e-04  1.247752e+06
3.981072e-04  1.327953e+06
4.016400e-04  1.415985e+06
4.050000e-04  1.496464e+06
4.090000e-04  1.588056e+06
4.130000e-04  1.675112e+06
4.180000e-04  1.777464e+06
4.235600e-04  1.882560e+06
4.280000e-04  1.959392e+06
4.335000e-04  2.045192e+06
4.390000e-04  2.120168e+06
4.450000e-04  2.190232e+06
4.518559e-04  2.256620e+06
4.600000e-04  2.319720e+06
4.680000e-04  2.367928e+06
4.780000e-04  2.411896e+06
4.850000e-04  2.432768e+06
4.970000e-04  2.450664e+06
5.080000e-04  2.451968e+06
5.230000e-04  2.436560e+06
5.400000e-04  2.400784e+06
5.623413e-04  2.332903e+06
5.821032e-04  2.260385e+06
6.025596e-04  2.178552e+06
6.285300e-04  2.068278e+06
6.531306e-04  1.962259e+06
6.850000e-04  1.826096e+06
7.161434e-04  1.697832e+06
7.585776e-04  1.534399e+06
8.000000e-04  1.386472e+06
8.511380e-04  1.222139e+06
9.120108e-04  1.054538e+06
9.700000e-04  9.180080e+05
1.035142e-03  7.871674e+05
1.110000e-03  6.636336e+05
1.190000e-03  5.560688e+05
1.300000e-03  4.404136e+05
1.412538e-03  3.512175e+05
1.548817e-03  2.708810e+05
1.690000e-03  2.103904e+05
1.862087e-03  1.575330e+05
2.018366e-03  1.231917e+05
2.238721e-03  8.907019e+04
2.426610e-03  6.883204e+04
2.722701e-03  4.722810e+04
3.019952e-03  3.335723e+04
3.300000e-03  2.463208e+04
3.672823e-03  1.696254e+04
4.168694e-03  1.080126e+04
4.731513e-03  6.808142e+03
5.370318e-03  4.248996e+03
6.095369e-03  2.626456e+03
6.839116e-03  1.682352e+03
7.673615e-03  1.069415e+03
8.709636e-03  6.443363e+02
9.772372e-03  4.034839e+02
1.096478e-02  2.511691e+02
1.244515e-02  1.479351e+02
1.412538e-02  8.646375e+01
1.621810e-02  4.774396e+01
1.862087e-02  2.615618e+01
2.113489e-02  1.496297e+01
2.454709e-02  7.672234e+00
2.884032e-02  3.707784e+00
3.467369e-02  1.602571e+00
4.315191e-02  5.869173e-01
5.821032e-02  1.470564e-01
7.413102e-02  4.798264e-02
1.011580e-01  1.143737e-02
1.288250e-01  3.781004e-03
1.462177e-01  2.132355e-03
1.640590e-01  1.275957e-03
1.798871e-01  8.517358e-04
2.018366e-01  5.179905e-04
2.264644e-01  3.175365e-04
2.511886e-01  2.057937e-04
2.786121e-01  1.343730e-04
3.090295e-01  8.841889e-05
3.349654e-01  6.421388e-05
3.630781e-01  4.695281e-05
3.845918e-01  3.773605e-05
4.168694e-01  2.801029e-05
4.518559e-01  2.095794e-05
4.897788e-01  1.580115e-05
5.308844e-01  1.200406e-05
5.754399e-01  9.191717e-06
6.165950e-01  7.361911e-06
6.683439e-01  5.726906e-06
7.328245e-01  4.332880e-06
8.035261e-01  3.295398e-06
8.709636e-01  2.609763e-06
9.660509e-01  1.949413e-06
1.000000e+00  1.777669e-06
1.035142e+00  1.632084e-06
1.071519e+00  1.506703e-06
1.109175e+00  1.397817e-06
1.161449e+00  1.273197e-06
1.216186e+00  1.167017e-06
1.303167e+00  1.032145e-06
1.412538e+00  9.016461e-07
1.513561e+00  8.050242e-07
1.883649e+00  5.476091e-07
2.089296e+00  4.593292e-07
2.398833e+00  3.661975e-07
2.754229e+00  2.940490e-07
3.162278e+00  2.378165e-07
3.672823e+00  1.904406e-07
4.315191e+00  1.511140e-07
5.069907e+00  1.208261e-07
6.025596e+00  9.583536e-08
7.244360e+00  7.543162e-08
8.709636e+00  5.983007e-08
1.059254e+01  4.711178e-08
1.348963e+01  3.537111e-08
1.698244e+01  2.714416e-08
2.137962e+01  2.096002e-08
2.851018e+01  1.528342e-08
4.000000e+01  1.062800e-08
5.888437e+01  7.076186e-09
9.440609e+01  4.341972e-09
1.840772e+02  2.198226e-09
3.672823e+02  1.093568e-09
1.462177e+03  2.731990e-10
1.000000e+05  3.988600e-12
-1  -1
2.741000e-04  0.000000e+00
2.741000e-04  5.542298e+04
3.100000e-04  5.168498e+04
3.850000e-04  4.512500e+04
4.027170e-04  4.374377e+04
4.731513e-04  3.825462e+04
5.128614e-04  3.559566e+04
5.559043e-04  3.285970e+04
6.382635e-04  2.837233e+04
7.000000e-04  2.555500e+04
7.943282e-04  2.193050e+04
8.912509e-04  1.896391e+04
1.035142e-03  1.554603e+04
1.174898e-03  1.305482e+04
1.396368e-03  1.020002e+04
1.678804e-03  7.770594e+03
2.041738e-03  5.768189e+03
2.483133e-03  4.248934e+03
3.019952e-03  3.105795e+03
3.630781e-03  2.296318e+03
4.365158e-03  1.685833e+03
5.248075e-03  1.228417e+03
6.309573e-03  8.884248e+02
7.585776e-03  6.378557e+02
9.120108e-03  4.546643e+02
1.096478e-02  3.217999e+02
1.318257e-02  2.261263e+02
1.599000e-02  1.550133e+02
1.927525e-02  1.067424e+02
2.317395e-02  7.334252e+01
2.786121e-02  5.001055e+01
3.311311e-02  3.467752e+01
3.981072e-02  2.328559e+01
4.786301e-02  1.551228e+01
5.754399e-02  1.025334e+01
6.918310e-02  6.724409e+00
8.317638e-02  4.377272e+00
1.023293e-01  2.678567e+00
1.273503e-01  1.582406e+00
1.603245e-01  9.040494e-01
2.570396e-01  2.846489e-01
3.198895e-01  1.676875e-01
3.845918e-01  1.081572e-01
4.518559e-01  7.422720e-02
5.188000e-01  5.411632e-02
6.000000e-01  3.909933e-02
6.918310e-01  2.866808e-02
7.943282e-01  2.138025e-02
9.015711e-01  1.643914e-02
1.000000e+00  1.334405e-02
1.202264e+00  9.299420e-03
1.348963e+00  7.469514e-03
1.531087e+00  5.914741e-03
1.737801e+00  4.721535e-03
1.972423e+00  3.797723e-03
2.264644e+00  3.018514e-03
2.600160e+00  2.416625e-03
3.000000e+00  1.934000e-03
3.467369e+00  1.555735e-03
4.027170e+00  1.251404e-03
4.731513e+00  9.973767e-04
5.559043e+00  8.008238e-04
6.683439e+00  6.281755e-04
8.035261e+00  4.965718e-04
9.885531e+00  3.844515e-04
1.244515e+01  2.918532e-04
1.566751e+01  2.233777e-04
2.018366e+01  1.677326e-04
2.722701e+01  1.206139e-04
3.758374e+01  8.525019e-05
5.495409e+01  5.709167e-05
8.810489e+01  3.499196e-05
1.621810e+02  1.876561e-05
3.235937e+02  9.327495e-06
1.288250e+03  2.328264e-06
1.000000e+05  2.994100e-08
-1  -1
2.187900e-04  0.000000e+00
2.187900e-04  1.817182e+05
2.270000e-04  1.667872e+05
2.305000e-04  1.598484e+05
2.350000e-04  1.502624e+05
2.500000e-04  1.206556e+05
2.700000e-04  9.403680e+04
2.917427e-04  7.466980e+04
3.054921e-04  6.546739e+04
3.162278e-04  5.960442e+04
3.282400e-04  5.419246e+04
3.390000e-04  5.018220e+04
3.507519e-04  4.650707e+04
3.672823e-04  4.226791e+04
3.850000e-04  3.860220e+04
4.050000e-04  3.527080e+04
4.216965e-04  3.300796e+04
4.430000e-04  3.066040e+04
4.677351e-04  2.850009e+04
4.954502e-04  2.656823e+04
5.308844e-04  2.458857e+04
5.754399e-04  2.262586e+04
6.456542e-04  2.028209e+04
8.810489e-04  1.524601e+04
1.011579e-03  1.333630e+04
1.150000e-03  1.170148e+04
1.318257e-03  1.010454e+04
1.500000e-03  8.727200e+03
1.717908e-03  7.424898e+03
1.950000e-03  6.339240e+03
2.213095e-03  5.375470e+03
2.511886e-03  4.527136e+03
2.851018e-03  3.785823e+03
3.246000e-03  3.129280e+03
3.672823e-03  2.591947e+03
4.168694e-03  2.121354e+03
4.688000e-03  1.750194e+03
5.300000e-03  1.421742e+03
6.000000e-03  1.144364e+03
6.839116e-03  9.032242e+02
7.762471e-03  7.132451e+02
8.810489e-03  5.593098e+02
1.000000e-02  4.354940e+02
1.135011e-02  3.367623e+02
1.288250e-02  2.586528e+02
1.479108e-02  1.924707e+02
1.698244e-02  1.420892e+02
1.949845e-02  1.040840e+02
2.238721e-02  7.565795e+01
2.570396e-02  5.458723e+01
2.951209e-02  3.910306e+01
3.427678e-02  2.702899e+01
3.935501e-02  1.909112e+01
4.897788e-02  1.083760e+01
5.888437e-02  6.681403e+00
7.079458e-02  4.084749e+00
8.709636e-02  2.329776e+00
1.096478e-01  1.238752e+00
2.041738e-01  2.203929e-01
2.511886e-01  1.247240e-01
3.000000e-01  7.710155e-02
3.507519e-01  5.084420e-02
4.027170e-01  3.543195e-02
4.570882e-01  2.562207e-02
5.188000e-01  1.865973e-02
5.888437e-01  1.369439e-02
6.606935e-01  1.041171e-02
7.413102e-01  7.974579e-03
8.413951e-01  5.996639e-03
9.225714e-01  4.905171e-03
1.000000e+00  4.141384e-03
1.096478e+00  3.438906e-03
1.216186e+00  2.810519e-03
1.364583e+00  2.263924e-03
1.584893e+00  1.725263e-03
1.798871e+00  1.379821e-03
2.018366e+00  1.133782e-03
2.344229e+00  8.858333e-04
2.691535e+00  7.103791e-04
3.090295e+00  5.737088e-04
3.589219e+00  4.588757e-04
4.216965e+00  3.637145e-04
4.954502e+00  2.905157e-04
5.888437e+00  2.301786e-04
7.079458e+00  1.810049e-04
8.511380e+00  1.434315e-04
1.047129e+01  1.112898e-04
1.333521e+01  8.351977e-05
1.678804e+01  6.407291e-05
2.113489e+01  4.945939e-05
2.818383e+01  3.605488e-05
3.935501e+01  2.519333e-05
5.754399e+01  1.688696e-05
9.225714e+01  1.035770e-05
1.757924e+02  5.366339e-06
3.507519e+02  2.668845e-06
1.396368e+03  6.665445e-07
1.000000e+05  9.292500e-09
-1  -1
1.746600e-04  0.000000e+00
1.746600e-04  4.159825e+05
1.985000e-04  3.372644e+05
2.050000e-04  3.181212e+05
2.162719e-04  2.921719e+05
2.371374e-04  2.558906e+05
2.500000e-04  2.388460e+05
2.650000e-04  2.232596e+05
3.090295e-04  1.897466e+05
4.120975e-04  1.415414e+05
4.731513e-04  1.222118e+05
5.432503e-04  1.047196e+05
6.200000e-04  8.962480e+04
7.079458e-04  7.607438e+04
8.128305e-04  6.360728e+04
9.332543e-04  5.276751e+04
1.071519e-03  4.345482e+04
1.244515e-03  3.493229e+04
1.450000e-03  2.773272e+04
1.698244e-03  2.166461e+04
1.995262e-03  1.670271e+04
2.317395e-03  1.301771e+04
2.660725e-03  1.027409e+04
3.054921e-03  8.054404e+03
3.467369e-03  6.404541e+03
4.027170e-03  4.847237e+03
4.623810e-03  3.718289e+03
5.248075e-03  2.895974e+03
6.025596e-03  2.189167e+03
6.918310e-03  1.641423e+03
7.943282e-03  1.221218e+03
9.120108e-03  9.015559e+02
1.047129e-02  6.603497e+02
1.202264e-02  4.798418e+02
1.380384e-02  3.459220e+02
1.584893e-02  2.474097e+02
1.819701e-02  1.755643e+02
2.001000e-02  1.381149e+02
2.238721e-02  1.061771e+02
2.398833e-02  8.940927e+01
2.570396e-02  7.478951e+01
2.786121e-02  6.028350e+01
3.054921e-02  4.674013e+01
3.388442e-02  3.482892e+01
4.073803e-02  2.043237e+01
4.841724e-02  1.248772e+01
5.754399e-02  7.572593e+00
6.683439e-02  4.871696e+00
8.035261e-02  2.808223e+00
1.000000e-01  1.447974e+00
1.862087e-01  2.154634e-01
2.317395e-01  1.108930e-01
2.722701e-01  6.843913e-02
3.162278e-01  4.403844e-02
3.589219e-01  3.053188e-02
4.027170e-01  2.202720e-02
4.518559e-01  1.600774e-02
5.069907e-01  1.171758e-02
5.688529e-01  8.642023e-03
6.309573e-01  6.616867e-03
6.998420e-01  5.101839e-03
7.762471e-01  3.962058e-03
8.709636e-01  3.005914e-03
9.332543e-01  2.563812e-03
9.885531e-01  2.259155e-03
1.071519e+00  1.910633e-03
1.161449e+00  1.627143e-03
1.273503e+00  1.364542e-03
1.412538e+00  1.128901e-03
1.737801e+00  7.805033e-04
1.972423e+00  6.273779e-04
2.264644e+00  4.986662e-04
2.600160e+00  3.992309e-04
3.000000e+00  3.194900e-04
3.467369e+00  2.570000e-04
4.027170e+00  2.067252e-04
4.731513e+00  1.647628e-04
5.559043e+00  1.322977e-04
6.683439e+00  1.037740e-04
8.035261e+00  8.203203e-05
9.885531e+00  6.351043e-05
1.244515e+01  4.821443e-05
1.548817e+01  3.739007e-05
2.000000e+01  2.799200e-05
2.722701e+01  1.992499e-05
3.801894e+01  1.391154e-05
5.559043e+01  9.318739e-06
8.912509e+01  5.712546e-06
1.659587e+02  3.028347e-06
3.311311e+02  1.505439e-06
1.318257e+03  3.758570e-07
1.000000e+05  4.946200e-09
-1  -1
9.282000e-05  0.000000e+00
9.282000e-05  1.717572e+06
9.287000e-05  1.761724e+06
9.310000e-05  1.896240e+06
9.332543e-05  2.024736e+06
9.355000e-05  2.149544e+06
9.385000e-05  2.311636e+06
9.415000e-05  2.467524e+06
9.450000e-05  2.643740e+06
9.485000e-05  2.812444e+06
9.520000e-05  2.972992e+06
9.565000e-05  3.168584e+06
9.610000e-05  3.351588e+06
9.650000e-05  3.502056e+06
9.700000e-05  3.673464e+06
9.750000e-05  3.824760e+06
9.800000e-05  3.956024e+06
9.850000e-05  4.067240e+06
9.900000e-05  4.157560e+06
9.950000e-05  4.228280e+06
1.000000e-04  4.279960e+06
1.007000e-04  4.322000e+06
1.012000e-04  4.332640e+06
1.020000e-04  4.320120e+06
1.027000e-04  4.283640e+06
1.035142e-04  4.218188e+06
1.045000e-04  4.113280e+06
1.055000e-04  3.988868e+06
1.071519e-04  3.763254e+06
1.096478e-04  3.418372e+06
1.220000e-04  2.146612e+06
1.260000e-04  1.855596e+06
1.303167e-04  1.584108e+06
1.364583e-04  1.265181e+06
1.566751e-04  6.353967e+05
1.800000e-04  3.200524e+05
1.883649e-04  2.570089e+05
1.950000e-04  2.186092e+05
2.018366e-04  1.873580e+05
2.080000e-04  1.649124e+05
2.137962e-04  1.477620e+05
2.190000e-04  1.350332e+05
2.240000e-04  1.247788e+05
2.300000e-04  1.146012e+05
2.350000e-04  1.076040e+05
2.400000e-04  1.017388e+05
2.454709e-04  9.641900e+04
2.511886e-04  9.189101e+04
2.570396e-04  8.817057e+04
2.635000e-04  8.495160e+04
2.691535e-04  8.276879e+04
2.754229e-04  8.091683e+04
2.830000e-04  7.932360e+04
2.917427e-04  7.816125e+04
3.019952e-04  7.746144e+04
3.150000e-04  7.725920e+04
3.311311e-04  7.762019e+04
3.981072e-04  8.062996e+04
4.265795e-04  8.122916e+04
4.570882e-04  8.125387e+04
4.850000e-04  8.074320e+04
5.150000e-04  7.970280e+04
5.500000e-04  7.802800e+04
5.821032e-04  7.615928e+04
6.237348e-04  7.339935e+04
6.700000e-04  7.011120e+04
7.161434e-04  6.672563e+04
7.673615e-04  6.297306e+04
8.222426e-04  5.906551e+04
8.912509e-04  5.439602e+04
9.660509e-04  4.972597e+04
1.047129e-03  4.513232e+04
1.135011e-03  4.068481e+04
1.244515e-03  3.586240e+04
1.364583e-03  3.135890e+04
1.496236e-03  2.721253e+04
1.621810e-03  2.390035e+04
1.778279e-03  2.046909e+04
1.972423e-03  1.705362e+04
2.200000e-03  1.394156e+04
2.454709e-03  1.128390e+04
2.722701e-03  9.161599e+03
3.019952e-03  7.378136e+03
3.311311e-03  6.045502e+03
3.672823e-03  4.795033e+03
4.073803e-03  3.773513e+03
4.518559e-03  2.947161e+03
5.011872e-03  2.284412e+03
5.559043e-03  1.757440e+03
6.165950e-03  1.342464e+03
6.839116e-03  1.018383e+03
7.585776e-03  7.672790e+02
8.511380e-03  5.558618e+02
9.549926e-03  3.995075e+02
1.059254e-02  2.947744e+02
1.188502e-02  2.087403e+02
1.333521e-02  1.467409e+02
1.500000e-02  1.016322e+02
1.603245e-02  8.227314e+01
1.778279e-02  5.841360e+01
1.905461e-02  4.678076e+01
2.001000e-02  4.016882e+01
2.162719e-02  3.201760e+01
2.214200e-02  2.983087e+01
2.317395e-02  2.570548e+01
2.426610e-02  2.196058e+01
2.600160e-02  1.718500e+01
3.019952e-02  9.972824e+00
3.388442e-02  6.634289e+00
4.027170e-02  3.629228e+00
4.786301e-02  1.953666e+00
5.821032e-02  9.601550e-01
7.413102e-02  3.957768e-01
1.303167e-01  4.946830e-02
1.640590e-01  2.131388e-02
1.949845e-01  1.141439e-02
2.264644e-01  6.690853e-03
2.600160e-01  4.116014e-03
2.951209e-01  2.655423e-03
3.311311e-01  1.793171e-03
3.672823e-01  1.267812e-03
4.027170e-01  9.376349e-04
4.466836e-01  6.741330e-04
5.011872e-01  4.709565e-04
5.559043e-01  3.427471e-04
6.095369e-01  2.600006e-04
6.683439e-01  1.986166e-04
7.328245e-01  1.528514e-04
8.511380e-01  1.010593e-04
9.015711e-01  8.669713e-05
9.440609e-01  7.713120e-05
9.885531e-01  6.904492e-05
1.035142e+00  6.223480e-05
1.096478e+00  5.506633e-05
1.161449e+00  4.906033e-05
1.250000e+00  4.268000e-05
1.364583e+00  3.644080e-05
1.531087e+00  2.982067e-05
1.819701e+00  2.197743e-05
2.018366e+00  1.840612e-05
2.317395e+00  1.464925e-05
2.660725e+00  1.174175e-05
3.054921e+00  9.478152e-06
3.548134e+00  7.576567e-06
4.120975e+00  6.100991e-06
4.841724e+00  4.867847e-06
5.754399e+00  3.852901e-06
6.918310e+00  3.026708e-06
8.317638e+00  2.396119e-06
1.023293e+01  1.857594e-06
1.303167e+01  1.392826e-06
1.640590e+01  1.067816e-06
2.065380e+01  8.237173e-07
2.786121e+01  5.926796e-07
3.890451e+01  4.140199e-07
5.688529e+01  2.774554e-07
9.120108e+01  1.701473e-07
1.717908e+02  8.917906e-08
3.427678e+02  4.434374e-08
1.364583e+03  1.107337e-08
1.000000e+05  1.508500e-10
-1  -1
8.638000e-05  0.000000e+00
8.638000e-05  3.036571e+06
8.642000e-05  3.102684e+06
8.660000e-05  3.282378e+06
8.680000e-05  3.474672e+06
8.700000e-05  3.659184e+06
8.720000e-05  3.837420e+06
8.750000e-05  4.091880e+06
8.780000e-05  4.333410e+06
8.815000e-05  4.599078e+06
8.850000e-05  4.850094e+06
8.885000e-05  5.085888e+06
8.920000e-05  5.306196e+06
8.970000e-05  5.595216e+06
9.020000e-05  5.854272e+06
9.070000e-05  6.082800e+06
9.130000e-05  6.315660e+06
9.190000e-05  6.502980e+06
9.250000e-05  6.645120e+06
9.300000e-05  6.730200e+06
9.350000e-05  6.786420e+06
9.420000e-05  6.820080e+06
9.500000e-05  6.801420e+06
9.580000e-05  6.731400e+06
9.680000e-05  6.587760e+06
9.772372e-05  6.414880e+06
9.900000e-05  6.136860e+06
1.000000e-04  5.902740e+06
1.020000e-04  5.428566e+06
1.161449e-04  3.025194e+06
1.205000e-04  2.548602e+06
1.244515e-04  2.181043e+06
1.303167e-04  1.733167e+06
1.479108e-04  9.101005e+05
1.603245e-04  6.083810e+05
1.698244e-04  4.591247e+05
1.760000e-04  3.874950e+05
1.820000e-04  3.323442e+05
1.880000e-04  2.885034e+05
1.930000e-04  2.589372e+05
1.980000e-04  2.345484e+05
2.020000e-04  2.181648e+05
2.065380e-04  2.024218e+05
2.113489e-04  1.885338e+05
2.162719e-04  1.768258e+05
2.213095e-04  1.670306e+05
2.264644e-04  1.589071e+05
2.317395e-04  1.522362e+05
2.371374e-04  1.468234e+05
2.430000e-04  1.422654e+05
2.500000e-04  1.382652e+05
2.570396e-04  1.354870e+05
2.650000e-04  1.335012e+05
2.730000e-04  1.324398e+05
2.830000e-04  1.320618e+05
2.951209e-04  1.324833e+05
3.589219e-04  1.379881e+05
3.850000e-04  1.391976e+05
4.100000e-04  1.393338e+05
4.365158e-04  1.385191e+05
4.623810e-04  1.369675e+05
4.897788e-04  1.346154e+05
5.248075e-04  1.308252e+05
5.623413e-04  1.261929e+05
6.025596e-04  1.207817e+05
6.500000e-04  1.141812e+05
7.000000e-04  1.072644e+05
7.585776e-04  9.939736e+04
8.222426e-04  9.138164e+04
8.912509e-04  8.337187e+04
9.660509e-04  7.553819e+04
1.059254e-03  6.693880e+04
1.161449e-03  5.882210e+04
1.260000e-03  5.213638e+04
1.380384e-03  4.523467e+04
1.531087e-03  3.816788e+04
1.698244e-03  3.192272e+04
1.862087e-03  2.704052e+04
2.018366e-03  2.326316e+04
2.213095e-03  1.946961e+04
2.426610e-03  1.619072e+04
2.691535e-03  1.305955e+04
2.951209e-03  1.071074e+04
3.273407e-03  8.506973e+03
3.630781e-03  6.704673e+03
4.027170e-03  5.242916e+03
4.466836e-03  4.067313e+03
4.954502e-03  3.131430e+03
5.495409e-03  2.393197e+03
6.095369e-03  1.815644e+03
6.760830e-03  1.367529e+03
7.498942e-03  1.022958e+03
8.317638e-03  7.601092e+02
9.225714e-03  5.610994e+02
1.023293e-02  4.115075e+02
1.148154e-02  2.893721e+02
1.288250e-02  2.019226e+02
1.445440e-02  1.398552e+02
1.603245e-02  9.985109e+01
1.778279e-02  7.026151e+01
1.905461e-02  5.590678e+01
2.001000e-02  4.777094e+01
2.162719e-02  3.775273e+01
2.214200e-02  3.508396e+01
2.317395e-02  3.009161e+01
2.426610e-02  2.559106e+01
2.600160e-02  1.989410e+01
2.851018e-02  1.412430e+01
3.019952e-02  1.138332e+01
3.427678e-02  7.177412e+00
4.027170e-02  4.014986e+00
4.677351e-02  2.306780e+00
5.559043e-02  1.207753e+00
6.918310e-02  5.276590e-01
1.202264e-01  6.430786e-02
1.479108e-01  2.939454e-02
1.737801e-01  1.608401e-02
2.000000e-01  9.574293e-03
2.264644e-01  6.093828e-03
2.540973e-01  4.036977e-03
2.851018e-01  2.694358e-03
3.198895e-01  1.812798e-03
3.507519e-01  1.329050e-03
3.845918e-01  9.810190e-04
4.120975e-01  7.853508e-04
4.518559e-01  5.879701e-04
4.954502e-01  4.432512e-04
5.432503e-01  3.361501e-04
5.956621e-01  2.567332e-04
6.456542e-01  2.041403e-04
6.998420e-01  1.633363e-04
7.585776e-01  1.315252e-04
8.511380e-01  9.723234e-05
9.015711e-01  8.405417e-05
9.549926e-01  7.315825e-05
1.000000e+00  6.585100e-05
1.059254e+00  5.816242e-05
1.135011e+00  5.050696e-05
1.216186e+00  4.417672e-05
1.318257e+00  3.805977e-05
1.819701e+00  2.152386e-05
2.044000e+00  1.765000e-05
2.344229e+00  1.408013e-05
2.691535e+00  1.129297e-05
3.090295e+00  9.122477e-06
3.589219e+00  7.296576e-06
4.216965e+00  5.783328e-06
4.954502e+00  4.619293e-06
5.888437e+00  3.660011e-06
7.079458e+00  2.878044e-06
8.511380e+00  2.280601e-06
1.047129e+01  1.769614e-06
1.333521e+01  1.328005e-06
1.678804e+01  1.018840e-06
2.113489e+01  7.864422e-07
2.818383e+01  5.732919e-07
3.935501e+01  4.005790e-07
5.754399e+01  2.685093e-07
9.225714e+01  1.646925e-07
1.737801e+02  8.632876e-08
3.467369e+02  4.293188e-08
1.380384e+03  1.072135e-08
1.000000e+05  1.477600e-10
-1  -1
4.517000e-05  0.000000e+00
4.517000e-05  3.096860e+05
4.590000e-05  2.907740e+05
4.800000e-05  2.413680e+05
4.954502e-05  2.125431e+05
5.128614e-05  1.863334e+05
5.248075e-05  1.714935e+05
5.400000e-05  1.556354e+05
5.559043e-05  1.419798e+05
5.730000e-05  1.299476e+05
5.900000e-05  1.201142e+05
6.095369e-05  1.108524e+05
6.309573e-05  1.026029e+05
6.531306e-05  9.564489e+04
6.800000e-05  8.878860e+04
7.079458e-05  8.298940e+04
7.413102e-05  7.734253e+04
7.800000e-05  7.203920e+04
8.222426e-05  6.736145e+04
8.709636e-05  6.304376e+04
9.225714e-05  5.941265e+04
9.900000e-05  5.569140e+04
1.096478e-04  5.120420e+04
1.273503e-04  4.538865e+04
1.445440e-04  4.066535e+04
1.698244e-04  3.509318e+04
1.900000e-04  3.145920e+04
2.150000e-04  2.765020e+04
2.511886e-04  2.332487e+04
2.851018e-04  2.016947e+04
3.427678e-04  1.616370e+04
3.935501e-04  1.360099e+04
4.731513e-04  1.071683e+04
5.623413e-04  8.498060e+03
6.606934e-04  6.797777e+03
7.852356e-04  5.313005e+03
9.332543e-04  4.123039e+03
1.122018e-03  3.124259e+03
1.396368e-03  2.229156e+03
1.778279e-03  1.522533e+03
2.317395e-03  9.944351e+02
2.917427e-03  6.816355e+02
3.630781e-03  4.727329e+02
4.466836e-03  3.317858e+02
5.432503e-03  2.357594e+02
6.606934e-03  1.662593e+02
7.943282e-03  1.188289e+02
9.660509e-03  8.238422e+01
1.023293e-02  7.376329e+01
1.584893e-02  3.107447e+01
1.840772e-02  2.326933e+01
2.214200e-02  1.649858e+01
2.398833e-02  1.408715e+01
2.630268e-02  1.166280e+01
2.917427e-02  9.358780e+00
3.311311e-02  7.091592e+00
3.981072e-02  4.689600e+00
4.954502e-02  2.888731e+00
6.025596e-02  1.858107e+00
7.244360e-02  1.215581e+00
8.912509e-02  7.481389e-01
1.096478e-01  4.570129e-01
1.412538e-01  2.471067e-01
2.511886e-01  6.044655e-02
3.198895e-01  3.369026e-02
3.845918e-01  2.172977e-02
4.518559e-01  1.491301e-02
5.188000e-01  1.087271e-02
6.000000e-01  7.855800e-03
6.918310e-01  5.760033e-03
7.943282e-01  4.295812e-03
9.015711e-01  3.303096e-03
1.000000e+00  2.681300e-03
1.202264e+00  1.868624e-03
1.348963e+00  1.500924e-03
1.531087e+00  1.188512e-03
1.737801e+00  9.487233e-04
1.972423e+00  7.630945e-04
2.264644e+00  6.065401e-04
2.600160e+00  4.855952e-04
3.000000e+00  3.886100e-04
3.467369e+00  3.126004e-04
4.027170e+00  2.514496e-04
4.731513e+00  2.004111e-04
5.559043e+00  1.609145e-04
6.683439e+00  1.262230e-04
8.035261e+00  9.977784e-05
9.885531e+00  7.725032e-05
1.244515e+01  5.864460e-05
1.566751e+01  4.488468e-05
2.018366e+01  3.370302e-05
2.722701e+01  2.423613e-05
3.758374e+01  1.713038e-05
5.495409e+01  1.147170e-05
8.810489e+01  7.031170e-06
1.621810e+02  3.770712e-06
3.235937e+02  1.874197e-06
1.288250e+03  4.678398e-07
1.000000e+05  6.016300e-09
-1  -1
2.931000e-05  0.000000e+00
2.931000e-05  7.523339e+06
3.019952e-05  7.024979e+06
3.126079e-05  6.453557e+06
3.311311e-05  5.564452e+06
3.507519e-05  4.774267e+06
3.730000e-05  4.025860e+06
3.981072e-05  3.334824e+06
4.265795e-05  2.709405e+06
4.677351e-05  2.035108e+06
5.559043e-05  1.183897e+06
6.237348e-05  8.310564e+05
7.413102e-05  4.943150e+05
1.000000e-04  2.023280e+05
1.150000e-04  1.341612e+05
1.300000e-04  9.424220e+04
1.428894e-04  7.224166e+04
1.580000e-04  5.486360e+04
1.720000e-04  4.377740e+04
1.862087e-04  3.568520e+04
2.000000e-04  2.988560e+04
2.150000e-04  2.516540e+04
2.300000e-04  2.158940e+04
2.454709e-04  1.873738e+04
2.630268e-04  1.623390e+04
2.818383e-04  1.416993e+04
3.000000e-04  1.261930e+04
3.200000e-04  1.126730e+04
3.430000e-04  1.004086e+04
3.715352e-04  8.861885e+03
4.000000e-04  7.954960e+03
4.365158e-04  7.054278e+03
4.850000e-04  6.155440e+03
5.500000e-04  5.281640e+03
6.500000e-04  4.350720e+03
9.225714e-04  2.918418e+03
1.109175e-03  2.349761e+03
1.318257e-03  1.903823e+03
1.548817e-03  1.553129e+03
1.819701e-03  1.257343e+03
2.113489e-03  1.026052e+03
2.454709e-03  8.312830e+02
2.818383e-03  6.797671e+02
3.235937e-03  5.519393e+02
3.630781e-03  4.612609e+02
4.168694e-03  3.684224e+02
4.786301e-03  2.919842e+02
5.432503e-03  2.342560e+02
6.165950e-03  1.866642e+02
7.000000e-03  1.476723e+02
8.000000e-03  1.145584e+02
9.225714e-03  8.661424e+01
1.161449e-02  5.457996e+01
1.333521e-02  4.109763e+01
1.513561e-02  3.145966e+01
1.603245e-02  2.777613e+01
1.819701e-02  2.081619e+01
1.972423e-02  1.742501e+01
2.238721e-02  1.338649e+01
2.398833e-02  1.148081e+01
2.570396e-02  9.779229e+00
2.786121e-02  8.049597e+00
3.054921e-02  6.391763e+00
3.388442e-02  4.892192e+00
3.981072e-02  3.195646e+00
4.841724e-02  1.928516e+00
5.821032e-02  1.189643e+00
6.918310e-02  7.499892e-01
8.511380e-02  4.275111e-01
1.083927e-01  2.200263e-01
2.018366e-01  3.915884e-02
2.511886e-01  2.146850e-02
3.000000e-01  1.327200e-02
3.507519e-01  8.752374e-03
4.027170e-01  6.099322e-03
4.570882e-01  4.410482e-03
5.188000e-01  3.211899e-03
5.888437e-01  2.357176e-03
6.606935e-01  1.792232e-03
7.413102e-01  1.372802e-03
8.413951e-01  1.032340e-03
9.225714e-01  8.444350e-04
1.000000e+00  7.129400e-04
1.096478e+00  5.920033e-04
1.216186e+00  4.838298e-04
1.364583e+00  3.897359e-04
1.584893e+00  2.970319e-04
1.798871e+00  2.375855e-04
2.044000e+00  1.910900e-04
2.344229e+00  1.524477e-04
2.691535e+00  1.222691e-04
3.090295e+00  9.876612e-05
3.589219e+00  7.899694e-05
4.216965e+00  6.261355e-05
4.954502e+00  5.001145e-05
5.888437e+00  3.962536e-05
7.079458e+00  3.115954e-05
8.413951e+00  2.504719e-05
1.035142e+01  1.942642e-05
1.318257e+01  1.457227e-05
1.659587e+01  1.117581e-05
2.089296e+01  8.623875e-06
2.800000e+01  6.251100e-06
3.890451e+01  4.390371e-06
5.688529e+01  2.942188e-06
9.120108e+01  1.804341e-06
1.717908e+02  9.456477e-07
3.427678e+02  4.702280e-07
1.364583e+03  1.174178e-07
1.000000e+05  1.599700e-09
-1  -1
2.195000e-05  0.000000e+00
2.195000e-05  1.668830e+07
2.511886e-05  1.087551e+07
3.054921e-05  5.878684e+06
3.427678e-05  4.065505e+06
4.265795e-05  2.001954e+06
4.677351e-05  1.494674e+06
5.069907e-05  1.164840e+06
5.432503e-05  9.462683e+05
5.821032e-05  7.735487e+05
6.237348e-05  6.366780e+05
6.683439e-05  5.279074e+05
7.161434e-05  4.412132e+05
7.585776e-05  3.822984e+05
8.128305e-05  3.242831e+05
8.709636e-05  2.771980e+05
9.332543e-05  2.386675e+05
1.000000e-04  2.069428e+05
1.071519e-04  1.807054e+05
1.150000e-04  1.584636e+05
1.230269e-04  1.407816e+05
1.330000e-04  1.237856e+05
1.450000e-04  1.082120e+05
1.603245e-04  9.329418e+04
1.778279e-04  8.062210e+04
2.000000e-04  6.887520e+04
2.371374e-04  5.536825e+04
3.981072e-04  2.897446e+04
4.897788e-04  2.221350e+04
5.888437e-04  1.740512e+04
7.000000e-04  1.373724e+04
8.222426e-04  1.094288e+04
9.660509e-04  8.650111e+03
1.135011e-03  6.788150e+03
1.333521e-03  5.286745e+03
1.584893e-03  4.013590e+03
1.862087e-03  3.081772e+03
2.213095e-03  2.303968e+03
2.600160e-03  1.742731e+03
3.019952e-03  1.335047e+03
3.507519e-03  1.015135e+03
4.027170e-03  7.827967e+02
4.623810e-03  5.994118e+02
5.308844e-03  4.556123e+02
6.095369e-03  3.437102e+02
7.000000e-03  2.572217e+02
8.035261e-03  1.912326e+02
9.225714e-03  1.410294e+02
1.071519e-02  1.005791e+02
1.230269e-02  7.307947e+01
1.412538e-02  5.269323e+01
1.599000e-02  3.902130e+01
1.798871e-02  2.889573e+01
1.927525e-02  2.436249e+01
2.001000e-02  2.227316e+01
2.162719e-02  1.869967e+01
2.214200e-02  1.770513e+01
2.317395e-02  1.578583e+01
2.426610e-02  1.397259e+01
2.600160e-02  1.154214e+01
2.985383e-02  7.922599e+00
3.467369e-02  5.228652e+00
4.073803e-02  3.314827e+00
4.841724e-02  2.017562e+00
5.888437e-02  1.140458e+00
7.161434e-02  6.395019e-01
8.317638e-02  4.085993e-01
1.047129e-01  2.029886e-01
1.883649e-01  3.364319e-02
2.344229e-01  1.732846e-02
2.754229e-01  1.070134e-02
3.198895e-01  6.891042e-03
3.630781e-01  4.781144e-03
4.073803e-01  3.452091e-03
4.570882e-01  2.510633e-03
5.128614e-01  1.839247e-03
5.754399e-01  1.357723e-03
6.382635e-01  1.040509e-03
7.079458e-01  8.030513e-04
7.852356e-01  6.242911e-04
8.709636e-01  4.870495e-04
9.332543e-01  4.154924e-04
9.885531e-01  3.661668e-04
1.071519e+00  3.097145e-04
1.161449e+00  2.637691e-04
1.273503e+00  2.211924e-04
1.412538e+00  1.829800e-04
1.737801e+00  1.265060e-04
1.972423e+00  1.016895e-04
2.264644e+00  8.082571e-05
2.600160e+00  6.470847e-05
3.000000e+00  5.178400e-05
3.467369e+00  4.165593e-05
4.027170e+00  3.350743e-05
4.731513e+00  2.670570e-05
5.559043e+00  2.144317e-05
6.683439e+00  1.681996e-05
8.035261e+00  1.329643e-05
1.000000e+01  1.015100e-05
1.273503e+01  7.605212e-06
1.603245e+01  5.826097e-06
2.041738e+01  4.433963e-06
2.754229e+01  3.189409e-06
3.845918e+01  2.227385e-06
5.688529e+01  1.474551e-06
9.120108e+01  9.042551e-07
1.717908e+02  4.739293e-07
3.427678e+02  2.356590e-07
1.364583e+03  5.884760e-08
1.000000e+05  8.017100e-10
-1  -1
4.490000e-06  0.000000e+00
4.490000e-06  3.536519e+06
4.570882e-06  3.608174e+06
4.770000e-06  3.746120e+06
4.954502e-06  3.850713e+06
5.200000e-06  3.961048e+06
5.500000e-06  4.058280e+06
5.821032e-06  4.125587e+06
6.200000e-06  4.171000e+06
6.600000e-06  4.184960e+06
7.000000e-06  4.171720e+06
7.500000e-06  4.127920e+06
8.035261e-06  4.054253e+06
8.609938e-06  3.949658e+06
9.120108e-06  3.839521e+06
9.700000e-06  3.699848e+06
1.023293e-05  3.561336e+06
1.083927e-05  3.393678e+06
1.150000e-05  3.205308e+06
1.216186e-05  3.014993e+06
1.273503e-05  2.849911e+06
1.333521e-05  2.680447e+06
1.412538e-05  2.464702e+06
1.500000e-05  2.239604e+06
1.584893e-05  2.037423e+06
1.690000e-05  1.810468e+06
1.800000e-05  1.600456e+06
1.927525e-05  1.390460e+06
2.089296e-05  1.169443e+06
2.300000e-05  9.433840e+05
2.540973e-05  7.497325e+05
2.851018e-05  5.704367e+05
3.126079e-05  4.554168e+05
3.427678e-05  3.610970e+05
3.715352e-05  2.925161e+05
4.000000e-05  2.396060e+05
4.315191e-05  1.936937e+05
4.650000e-05  1.560016e+05
5.069907e-05  1.204386e+05
5.500000e-05  9.374320e+04
6.025596e-05  7.035615e+04
6.683439e-05  5.038839e+04
7.328245e-05  3.714732e+04
7.852356e-05  2.936169e+04
8.413951e-05  2.306440e+04
9.015711e-05  1.798908e+04
9.660509e-05  1.393400e+04
1.047129e-04  1.026653e+04
1.161449e-04  6.870801e+03
1.348963e-04  3.829328e+03
1.428894e-04  3.072885e+03
1.500000e-04  2.567252e+03
1.548817e-04  2.296170e+03
1.603245e-04  2.046099e+03
1.659587e-04  1.833251e+03
1.717908e-04  1.651933e+03
1.781500e-04  1.489977e+03
1.840772e-04  1.365748e+03
1.905461e-04  1.253672e+03
1.972423e-04  1.158467e+03
2.000000e-04  1.124428e+03
2.065380e-04  1.066866e+03
2.137962e-04  1.015516e+03
2.213095e-04  9.732452e+02
2.290868e-04  9.385956e+02
2.371374e-04  9.103696e+02
2.470800e-04  8.837945e+02
2.570396e-04  8.641637e+02
2.691535e-04  8.472173e+02
2.851018e-04  8.329333e+02
3.273407e-04  8.106100e+02
3.935501e-04  7.891248e+02
4.120975e-04  7.802327e+02
4.466836e-04  7.596740e+02
4.841724e-04  7.345130e+02
5.128614e-04  7.133448e+02
5.559043e-04  6.795681e+02
6.025596e-04  6.423943e+02
6.531306e-04  6.027306e+02
7.079458e-04  5.614656e+02
7.673615e-04  5.194323e+02
8.317638e-04  4.771127e+02
9.015711e-04  4.352548e+02
9.885530e-04  3.890340e+02
1.083927e-03  3.450345e+02
1.188502e-03  3.037200e+02
1.303167e-03  2.654177e+02
1.428894e-03  2.303248e+02
1.584893e-03  1.948123e+02
1.737801e-03  1.667171e+02
1.905461e-03  1.417514e+02
2.113489e-03  1.172109e+02
2.371374e-03  9.409722e+01
2.600160e-03  7.836244e+01
2.851018e-03  6.480093e+01
3.162278e-03  5.191814e+01
3.548134e-03  4.022861e+01
3.935501e-03  3.174254e+01
4.365158e-03  2.486130e+01
4.841724e-03  1.932729e+01
5.370318e-03  1.491403e+01
5.956621e-03  1.142609e+01
6.606934e-03  8.691986e+00
7.328245e-03  6.566770e+00
8.128305e-03  4.928099e+00
9.120108e-03  3.555073e+00
1.023293e-02  2.544372e+00
1.148154e-02  1.806741e+00
1.288250e-02  1.273463e+00
1.445440e-02  8.912434e-01
1.603245e-02  6.424164e-01
1.778279e-02  4.562058e-01
1.905461e-02  3.654527e-01
2.001000e-02  3.138897e-01
2.162719e-02  2.503753e-01
2.214200e-02  2.333200e-01
2.317395e-02  2.010929e-01
2.426610e-02  1.718126e-01
2.600160e-02  1.344661e-01
2.818383e-02  1.004921e-01
3.019952e-02  7.798739e-02
3.507519e-02  4.568506e-02
5.069907e-02  1.242580e-02
6.237348e-02  5.844101e-03
8.222426e-02  2.117750e-03
1.333521e-01  3.563374e-04
1.640590e-01  1.671262e-04
1.949845e-01  8.955758e-05
2.264644e-01  5.250656e-05
2.600160e-01  3.230295e-05
2.951209e-01  2.084094e-05
3.311311e-01  1.407410e-05
3.672823e-01  9.950915e-06
4.027170e-01  7.359359e-06
4.466836e-01  5.290467e-06
5.011872e-01  3.696487e-06
5.559043e-01  2.692190e-06
6.165950e-01  1.975372e-06
6.760830e-01  1.510833e-06
7.328245e-01  1.202357e-06
8.413951e-01  8.218472e-07
8.912509e-01  7.049893e-07
9.332543e-01  6.269442e-07
9.772372e-01  5.607727e-07
1.023293e+00  5.049560e-07
1.083927e+00  4.463045e-07
1.148154e+00  3.971510e-07
1.230269e+00  3.478287e-07
1.333521e+00  3.002737e-07
1.496236e+00  2.456568e-07
1.819701e+00  1.738232e-07
2.044000e+00  1.425000e-07
2.344229e+00  1.136654e-07
2.691535e+00  9.116884e-08
3.090295e+00  7.365175e-08
3.589219e+00  5.891005e-08
4.216965e+00  4.669287e-08
4.954502e+00  3.729517e-08
5.888437e+00  2.955014e-08
7.079458e+00  2.323640e-08
8.511380e+00  1.841267e-08
1.047129e+01  1.428735e-08
1.318257e+01  1.086738e-08
1.659587e+01  8.334134e-09
2.089296e+01  6.431069e-09
2.800000e+01  4.661600e-09
3.890451e+01  3.274003e-09
5.754399e+01  2.167859e-09
9.120108e+01  1.345545e-09
1.737801e+02  6.970090e-10
3.467369e+02  3.466190e-10
1.380384e+03  8.656160e-11
1.000000e+05  1.192900e-12
-1  -1
4.000000e-06  0.000000e+00
4.000000e-06  6.855540e+06
4.168694e-06  7.000216e+06
4.365158e-06  7.114486e+06
4.570882e-06  7.191640e+06
4.841724e-06  7.241832e+06
5.200000e-06  7.241220e+06
5.559043e-06  7.185325e+06
6.025596e-06  7.062218e+06
6.500000e-06  6.897780e+06
7.000000e-06  6.694920e+06
7.585776e-06  6.434659e+06
8.200000e-06  6.145020e+06
8.810489e-06  5.846034e+06
9.440609e-06  5.532239e+06
1.000000e-05  5.251620e+06
1.059254e-05  4.954420e+06
1.122018e-05  4.645530e+06
1.188502e-05  4.325832e+06
1.258925e-05  4.001090e+06
1.333521e-05  3.674400e+06
1.412538e-05  3.349951e+06
1.500000e-05  3.020124e+06
1.584893e-05  2.729871e+06
1.690000e-05  2.409090e+06
1.819701e-05  2.069079e+06
1.950000e-05  1.782822e+06
2.113489e-05  1.488421e+06
2.317395e-05  1.202593e+06
2.580000e-05  9.304620e+05
2.851018e-05  7.281077e+05
3.162278e-05  5.603205e+05
3.427678e-05  4.538733e+05
3.672823e-05  3.769548e+05
3.981072e-05  3.011268e+05
4.265795e-05  2.468265e+05
4.650000e-05  1.908402e+05
5.011872e-05  1.514970e+05
5.432503e-05  1.174845e+05
6.025596e-05  8.400807e+04
6.683439e-05  5.956641e+04
7.328245e-05  4.352626e+04
7.852356e-05  3.419253e+04
8.413951e-05  2.670547e+04
9.120108e-05  1.985347e+04
9.885531e-05  1.464568e+04
1.244515e-04  6.038946e+03
1.318257e-04  4.869279e+03
1.380384e-04  4.123736e+03
1.428894e-04  3.657498e+03
1.479108e-04  3.259599e+03
1.500000e-04  3.115446e+03
1.548817e-04  2.838215e+03
1.603245e-04  2.582386e+03
1.659587e-04  2.364348e+03
1.717908e-04  2.178234e+03
1.781500e-04  2.011585e+03
1.840772e-04  1.883445e+03
1.905461e-04  1.767606e+03
1.972423e-04  1.669071e+03
2.000000e-04  1.633830e+03
2.065380e-04  1.573956e+03
2.137962e-04  1.521119e+03
2.213095e-04  1.478317e+03
2.290868e-04  1.443978e+03
2.398833e-04  1.409076e+03
2.511886e-04  1.384158e+03
2.660725e-04  1.363527e+03
3.019952e-04  1.339385e+03
3.589219e-04  1.280910e+03
3.935501e-04  1.241680e+03
4.265795e-04  1.199839e+03
4.623810e-04  1.151349e+03
5.011872e-04  1.096774e+03
5.432503e-04  1.035642e+03
5.888437e-04  9.706748e+02
6.382635e-04  9.033814e+02
6.918310e-04  8.353732e+02
7.498942e-04  7.674824e+02
8.128305e-04  7.004699e+02
8.810489e-04  6.350722e+02
9.660509e-04  5.635370e+02
1.059254e-03  4.963594e+02
1.161449e-03  4.340893e+02
1.273503e-03  3.770300e+02
1.396368e-03  3.253506e+02
1.531087e-03  2.787849e+02
1.678804e-03  2.370969e+02
1.862087e-03  1.960481e+02
2.089296e-03  1.573989e+02
2.317395e-03  1.283021e+02
2.570396e-03  1.038029e+02
2.818383e-03  8.541119e+01
3.126079e-03  6.806482e+01
3.467369e-03  5.382080e+01
3.845918e-03  4.222911e+01
4.265795e-03  3.288237e+01
4.731513e-03  2.541234e+01
5.248075e-03  1.949351e+01
5.821032e-03  1.484469e+01
6.456542e-03  1.122373e+01
7.161434e-03  8.426641e+00
8.000000e-03  6.156497e+00
8.912509e-03  4.499527e+00
9.885531e-03  3.308500e+00
1.109175e-02  2.332901e+00
1.244515e-02  1.632256e+00
1.396368e-02  1.133582e+00
1.566751e-02  7.816775e-01
1.603245e-02  7.247828e-01
1.778279e-02  5.098878e-01
1.905461e-02  4.058766e-01
2.001000e-02  3.470400e-01
2.162719e-02  2.748376e-01
2.214200e-02  2.555500e-01
2.317395e-02  2.192852e-01
2.426610e-02  1.865076e-01
2.600160e-02  1.449390e-01
2.851018e-02  1.028061e-01
3.019952e-02  8.280711e-02
3.427678e-02  5.224606e-02
4.027170e-02  2.922873e-02
4.731513e-02  1.611267e-02
5.688529e-02  8.092336e-03
6.998420e-02  3.697750e-03
1.216186e-01  4.517997e-04
1.500000e-01  2.047800e-04
1.757924e-01  1.132126e-04
2.018366e-01  6.805266e-05
2.290868e-01  4.298522e-05
2.570396e-01  2.850754e-05
2.851018e-01  1.982597e-05
3.198895e-01  1.334405e-05
3.507519e-01  9.786429e-06
3.845918e-01  7.227331e-06
4.120975e-01  5.789087e-06
4.518559e-01  4.338577e-06
4.954502e-01  3.274689e-06
5.432503e-01  2.486725e-06
5.956621e-01  1.902122e-06
6.456542e-01  1.514737e-06
6.998420e-01  1.214086e-06
7.585776e-01  9.796506e-07
8.511380e-01  7.274287e-07
9.015711e-01  6.304242e-07
9.549926e-01  5.498869e-07
1.000000e+00  4.956100e-07
1.059254e+00  4.382204e-07
1.135011e+00  3.808662e-07
1.230269e+00  3.260875e-07
1.348963e+00  2.752248e-07
1.757924e+00  1.720122e-07
1.972423e+00  1.410492e-07
2.264644e+00  1.121163e-07
2.600160e+00  8.976004e-08
3.000000e+00  7.183000e-08
3.467369e+00  5.778094e-08
4.027170e+00  4.647806e-08
4.731513e+00  3.704402e-08
5.559043e+00  2.974333e-08
6.683439e+00  2.333060e-08
8.035261e+00  1.844295e-08
9.885531e+00  1.427841e-08
1.258925e+01  1.069356e-08
1.584893e+01  8.188189e-09
2.018366e+01  6.229630e-09
2.722701e+01  4.479756e-09
3.801894e+01  3.127760e-09
5.559043e+01  2.095103e-09
8.912509e+01  1.284305e-09
1.640590e+02  6.888700e-10
3.273407e+02  3.424240e-10
1.303167e+03  8.548350e-11
1.000000e+05  1.112100e-12
-1  -1
5.410000e-06  0.000000e+00
5.410000e-06  8.818060e+06
5.754399e-06  7.173045e+06
7.000000e-06  3.684560e+06
8.609938e-06  1.835714e+06
1.050000e-05  9.484960e+05
1.216186e-05  5.855770e+05
1.380384e-05  3.889543e+05
1.531087e-05  2.802583e+05
1.678804e-05  2.109074e+05
1.819701e-05  1.655867e+05
1.950000e-05  1.354412e+05
2.089296e-05  1.116577e+05
2.230000e-05  9.375780e+04
2.371374e-05  8.012303e+04
2.511886e-05  6.965788e+04
2.660725e-05  6.099287e+04
2.818383e-05  5.379442e+04
2.985383e-05  4.779961e+04
3.162278e-05  4.278550e+04
3.350000e-05  3.855000e+04
3.589219e-05  3.429865e+04
3.845918e-05  3.073395e+04
4.168694e-05  2.724717e+04
4.518559e-05  2.433209e+04
5.069907e-05  2.087088e+04
5.800000e-05  1.758392e+04
7.328245e-05  1.321751e+04
9.225714e-05  1.006677e+04
1.083927e-04  8.395302e+03
1.462177e-04  6.091353e+03
1.603245e-04  5.482841e+03
1.778279e-04  4.834112e+03
2.113489e-04  3.872876e+03
2.630268e-04  2.904679e+03
3.715352e-04  1.829317e+03
4.265795e-04  1.512605e+03
6.000000e-04  9.369580e+02
7.943282e-04  6.206935e+02
9.332543e-04  4.877434e+02
1.216186e-03  3.241731e+02
1.548817e-03  2.216059e+02
2.000000e-03  1.470590e+02
2.630268e-03  9.400960e+01
2.786121e-03  8.533124e+01
4.731513e-03  3.419750e+01
5.956621e-03  2.283604e+01
7.244360e-03  1.605983e+01
8.810489e-03  1.121227e+01
1.011579e-02  8.657318e+00
1.364583e-02  4.826053e+00
1.698244e-02  3.154262e+00
1.927525e-02  2.479021e+00
2.238721e-02  1.876643e+00
2.454709e-02  1.566218e+00
2.722701e-02  1.268446e+00
3.054921e-02  9.932671e-01
3.467369e-02  7.527991e-01
4.027170e-02  5.378995e-01
4.954502e-02  3.345032e-01
6.237348e-02  1.983818e-01
7.585776e-02  1.263095e-01
8.912509e-02  8.650227e-02
1.109175e-01  5.132609e-02
1.445440e-01  2.705395e-02
2.570396e-01  6.614829e-03
3.198895e-01  3.898035e-03
3.801894e-01  2.584159e-03
4.466836e-01  1.773356e-03
5.128614e-01  1.292943e-03
5.888437e-01  9.495133e-04
6.760830e-01  7.026508e-04
7.673615e-01  5.369572e-04
8.709636e-01  4.132007e-04
9.885531e-01  3.203629e-04
1.216186e+00  2.135959e-04
1.380384e+00  1.679793e-04
1.548817e+00  1.359410e-04
1.757924e+00  1.085911e-04
2.000000e+00  8.706100e-05
2.290868e+00  6.951999e-05
2.630268e+00  5.569070e-05
3.019952e+00  4.492979e-05
3.507519e+00  3.589440e-05
4.073803e+00  2.888825e-05
4.786301e+00  2.303667e-05
5.623413e+00  1.850674e-05
6.760830e+00  1.452416e-05
8.128305e+00  1.148662e-05
1.000000e+01  8.897000e-06
1.273503e+01  6.665730e-06
1.600000e+01  5.118200e-06
2.041738e+01  3.886198e-06
2.754229e+01  2.795401e-06
3.845918e+01  1.952238e-06
5.623413e+01  1.308031e-06
9.015711e+01  8.019816e-07
1.678804e+02  4.252082e-07
3.349654e+02  2.113978e-07
1.333521e+03  5.278212e-08
1.000000e+05  7.026700e-10
-1  -1
-2  0.0
-2  -2
