2.208700e-02  0.000000e+00
2.208700e-02  9.689589e+03
2.235000e-02  9.441158e+03
2.265000e-02  9.146600e+03
2.300000e-02  8.765060e+03
2.371374e-02  8.132198e+03
2.550000e-02  6.722980e+03
2.851018e-02  5.045781e+03
3.349654e-02  3.289231e+03
4.265795e-02  1.704851e+03
5.308844e-02  9.283759e+02
6.606934e-02  5.000366e+02
8.222426e-02  2.669429e+02
1.059254e-01  1.279955e+02
1.927525e-01  2.225883e+01
2.371374e-01  1.222536e+01
2.800000e-01  7.616725e+00
3.235937e-01  5.081128e+00
3.672823e-01  3.589960e+00
4.120975e-01  2.635391e+00
4.570882e-01  2.007938e+00
5.069907e-01  1.540174e+00
5.623413e-01  1.189551e+00
6.165950e-01  9.514357e-01
6.839117e-01  7.456112e-01
7.585776e-01  5.888971e-01
8.413951e-01  4.686537e-01
9.225714e-01  3.851935e-01
1.000000e+00  3.264879e-01
1.148154e+00  2.480293e-01
1.250000e+00  2.108054e-01
1.428894e+00  1.643057e-01
1.584893e+00  1.362694e-01
1.757924e+00  1.137607e-01
1.949845e+00  9.565257e-02
2.264644e+00  7.529063e-02
2.630268e+00  5.969907e-02
3.019952e+00  4.853349e-02
3.507519e+00  3.914426e-02
4.120975e+00  3.131248e-02
4.841724e+00  2.523813e-02
5.754399e+00  2.019129e-02
7.000000e+00  1.579700e-02
8.609938e+00  1.229532e-02
1.059254e+01  9.635590e-03
1.348963e+01  7.306532e-03
1.778279e+01  5.370323e-03
2.426610e+01  3.829946e-03
3.548134e+01  2.557863e-03
5.821032e+01  1.526786e-03
1.071519e+02  8.172541e-04
2.137962e+02  4.059774e-04
4.265795e+02  2.025567e-04
1.698244e+03  5.070539e-05
1.000000e+05  8.601700e-07
-1  -1
3.203900e-03  0.000000e+00
3.203900e-03  4.092180e+04
3.450000e-03  3.640880e+04
3.935501e-03  2.936360e+04
4.216965e-03  2.600247e+04
5.248075e-03  1.760414e+04
5.688529e-03  1.512101e+04
6.800000e-03  1.073018e+04
7.673615e-03  8.417647e+03
8.709636e-03  6.497271e+03
1.000000e-02  4.851420e+03
1.122018e-02  3.784512e+03
1.318257e-02  2.647648e+03
1.531087e-02  1.883099e+03
1.737801e-02  1.402469e+03
2.000000e-02  1.004654e+03
2.317395e-02  7.029872e+02
2.691535e-02  4.854684e+02
3.150000e-02  3.264580e+02
3.672823e-02  2.200156e+02
4.315191e-02  1.443295e+02
5.128614e-02  9.115150e+01
6.095369e-02  5.712869e+01
7.328245e-02  3.444598e+01
9.015711e-02  1.933607e+01
1.135011e-01  1.009559e+01
2.187762e-01  1.557368e+00
2.630268e-01  9.264788e-01
3.090295e-01  5.923075e-01
3.548134e-01  4.064951e-01
4.027170e-01  2.898584e-01
4.518559e-01  2.145858e-01
5.069907e-01  1.600272e-01
5.623413e-01  1.237602e-01
6.237348e-01  9.638925e-02
6.839117e-01  7.770514e-02
7.585776e-01  6.147015e-02
8.413951e-01  4.897926e-02
9.440609e-01  3.831987e-02
1.023293e+00  3.249903e-02
1.148154e+00  2.583753e-02
1.244515e+00  2.214398e-02
1.428894e+00  1.712538e-02
1.603245e+00  1.391931e-02
1.778279e+00  1.162842e-02
1.972423e+00  9.784970e-03
2.290868e+00  7.706771e-03
2.660725e+00  6.113903e-03
3.054921e+00  4.973570e-03
3.548134e+00  4.013835e-03
4.168694e+00  3.212581e-03
4.897788e+00  2.590726e-03
5.821032e+00  2.073675e-03
7.079458e+00  1.623622e-03
8.810489e+00  1.246619e-03
1.100000e+01  9.612800e-04
1.400000e+01  7.302400e-04
1.840772e+01  5.388246e-04
2.511886e+01  3.846276e-04
3.672823e+01  2.570581e-04
6.165950e+01  1.499325e-04
1.202264e+02  7.575874e-05
2.398833e+02  3.767110e-05
9.549926e+02  9.404955e-06
6.025596e+04  1.487254e-07
1.000000e+05  8.964300e-08
-1  -1
2.971800e-03  0.000000e+00
2.971800e-03  9.086600e+04
3.015000e-03  8.861070e+04
3.070000e-03  8.534800e+04
3.120000e-03  8.171500e+04
3.180000e-03  7.823500e+04
3.467369e-03  6.286700e+04
3.758374e-03  5.079300e+04
4.623810e-03  2.897200e+04
5.011872e-03  2.321200e+04
6.000000e-03  1.398600e+04
7.244360e-03  8.087900e+03
8.035261e-03  5.952700e+03
9.549926e-03  3.542600e+03
1.150000e-02  2.003000e+03
1.364583e-02  1.173400e+03
1.584893e-02  7.296900e+02
1.840772e-02  4.510000e+02
2.162719e-02  2.668700e+02
2.570396e-02  1.510600e+02
3.090295e-02  8.175200e+01
3.801894e-02  4.066900e+01
4.841724e-02  1.786300e+01
6.760830e-02  5.681600e+00
1.047129e-01  1.263100e+00
1.318257e-01  5.761200e-01
1.584893e-01  3.095400e-01
1.862087e-01  1.809900e-01
2.213095e-01  1.026400e-01
2.483133e-01  7.076600e-02
2.754229e-01  5.096700e-02
3.235937e-01  3.094300e-02
3.630781e-01  2.181331e-02
4.027170e-01  1.603019e-02
4.466836e-01  1.185993e-02
4.954502e-01  8.838731e-03
5.495409e-01  6.636162e-03
6.095369e-01  5.020825e-03
6.683439e-01  3.944092e-03
7.328245e-01  3.118982e-03
8.317638e-01  2.280658e-03
8.912509e-01  1.932059e-03
9.549926e-01  1.648439e-03
1.011579e+00  1.453812e-03
1.096478e+00  1.229760e-03
1.174898e+00  1.072453e-03
1.288250e+00  9.020698e-04
1.445440e+00  7.326643e-04
1.698244e+00  5.513545e-04
1.883649e+00  4.622018e-04
2.089296e+00  3.904680e-04
2.426610e+00  3.083934e-04
2.818383e+00  2.454083e-04
3.162278e+00  2.071228e-04
3.672823e+00  1.674487e-04
4.315191e+00  1.342486e-04
5.069907e+00  1.084397e-04
6.095369e+00  8.566560e-05
7.328245e+00  6.815251e-05
9.120108e+00  5.239664e-05
1.148154e+01  4.006275e-05
1.479108e+01  3.006472e-05
1.949845e+01  2.215268e-05
2.660725e+01  1.583691e-05
3.845918e+01  1.072514e-05
6.456542e+01  6.261128e-06
1.273503e+02  3.128969e-06
2.540973e+02  1.556538e-06
1.011579e+03  3.887400e-07
6.382635e+04  6.148091e-09
1.000000e+05  3.925300e-09
-1  -1
2.838700e-03  0.000000e+00
2.838700e-03  1.960300e+05
2.842900e-03  1.952095e+05
2.843300e-03  1.959135e+05
2.990000e-03  1.705612e+05
3.054921e-03  1.620915e+05
3.311311e-03  1.316874e+05
3.589219e-03  1.059127e+05
4.466836e-03  5.793187e+04
4.900000e-03  4.467560e+04
5.800000e-03  2.754516e+04
6.918310e-03  1.635662e+04
7.673615e-03  1.198610e+04
9.120108e-03  7.071343e+03
1.083927e-02  4.127880e+03
1.258925e-02  2.567881e+03
1.445440e-02  1.646545e+03
1.678804e-02  1.010658e+03
1.972423e-02  5.930676e+02
2.344229e-02  3.323691e+02
2.786121e-02  1.848615e+02
3.311311e-02  1.021266e+02
4.027170e-02  5.173962e+01
5.011872e-02  2.400566e+01
6.531306e-02  9.395479e+00
1.148154e-01  1.261152e+00
1.412538e-01  6.071681e-01
1.698244e-01  3.192593e-01
1.949845e-01  1.984449e-01
2.213095e-01  1.291893e-01
2.511886e-01  8.472575e-02
2.818383e-01  5.817181e-02
3.126079e-01  4.175958e-02
3.467369e-01  3.019933e-02
3.801894e-01  2.279227e-02
4.168694e-01  1.731652e-02
4.570882e-01  1.325067e-02
5.011872e-01  1.021620e-02
5.495409e-01  7.936682e-03
5.956621e-01  6.404989e-03
6.531306e-01  5.052574e-03
7.161434e-01  4.016831e-03
8.128305e-01  2.960957e-03
8.810489e-01  2.455499e-03
9.440609e-01  2.105349e-03
1.011579e+00  1.818047e-03
1.109175e+00  1.507418e-03
1.202264e+00  1.287609e-03
1.333521e+00  1.060534e-03
1.500000e+00  8.575499e-04
1.698244e+00  6.887479e-04
1.883649e+00  5.774840e-04
2.089296e+00  4.878655e-04
2.426610e+00  3.852844e-04
2.818383e+00  3.065794e-04
3.162278e+00  2.587489e-04
3.672823e+00  2.091915e-04
4.315191e+00  1.677131e-04
5.069907e+00  1.354662e-04
6.095369e+00  1.070171e-04
7.328245e+00  8.513921e-05
9.120108e+00  6.545699e-05
1.148154e+01  5.004851e-05
1.479108e+01  3.755828e-05
1.949845e+01  2.767359e-05
2.660725e+01  1.978419e-05
3.890451e+01  1.323730e-05
6.531306e+01  7.729576e-06
1.288250e+02  3.863416e-06
2.570396e+02  1.922138e-06
1.023293e+03  4.800662e-07
6.456542e+04  7.592605e-09
1.000000e+05  4.903600e-09
-1  -1
5.740300e-04  0.000000e+00
5.740300e-04  1.262445e+05
6.550000e-04  1.101994e+05
7.852356e-04  8.896010e+04
8.128305e-04  8.524979e+04
9.885530e-04  6.540319e+04
1.071519e-03  5.824423e+04
1.273503e-03  4.490103e+04
1.412538e-03  3.814689e+04
1.659587e-03  2.934533e+04
1.905461e-03  2.324015e+04
2.187762e-03  1.829576e+04
2.570396e-03  1.372463e+04
3.019952e-03  1.021221e+04
3.548134e-03  7.539848e+03
4.168694e-03  5.525647e+03
4.897788e-03  4.019581e+03
5.754399e-03  2.902363e+03
6.760830e-03  2.079616e+03
7.943282e-03  1.478725e+03
9.332543e-03  1.043404e+03
1.096478e-02  7.306918e+02
1.288250e-02  5.077949e+02
1.513561e-02  3.502420e+02
1.778279e-02  2.396695e+02
2.089296e-02  1.627534e+02
2.454709e-02  1.096519e+02
2.884032e-02  7.331091e+01
3.388442e-02  4.864785e+01
4.000000e-02  3.165420e+01
4.731513e-02  2.033456e+01
5.623413e-02  1.280515e+01
6.760830e-02  7.759006e+00
8.222426e-02  4.520053e+00
1.000000e-01  2.614580e+00
1.364583e-01  1.084374e+00
2.317395e-01  2.411889e-01
2.786121e-01  1.439641e-01
3.273407e-01  9.235346e-02
3.758374e-01  6.359783e-02
4.265795e-01  4.552160e-02
4.786301e-01  3.383366e-02
5.308844e-01  2.607706e-02
5.888437e-01  2.023557e-02
6.531306e-01  1.581769e-02
7.244360e-01  1.245694e-02
8.035261e-01  9.884587e-03
8.810489e-01  8.094769e-03
9.660509e-01  6.677025e-03
1.109175e+00  5.060916e-03
1.202264e+00  4.325677e-03
1.396368e+00  3.267685e-03
1.566751e+00  2.651381e-03
1.737801e+00  2.211722e-03
1.927525e+00  1.858054e-03
2.213095e+00  1.488218e-03
2.570396e+00  1.178604e-03
2.951209e+00  9.569012e-04
3.388442e+00  7.834042e-04
3.935501e+00  6.355418e-04
4.623810e+00  5.111728e-04
5.432503e+00  4.141746e-04
6.606934e+00  3.233945e-04
8.000000e+00  2.559100e-04
9.885531e+00  1.990219e-04
1.258925e+01  1.505897e-04
1.640590e+01  1.118677e-04
2.213095e+01  8.061719e-05
3.126079e+01  5.571978e-05
4.623810e+01  3.695547e-05
7.079458e+01  2.378902e-05
1.380384e+02  1.204145e-05
2.754229e+02  5.993723e-06
1.096478e+03  1.497546e-06
1.000000e+05  1.639300e-08
-1  -1
4.820600e-04  0.000000e+00
4.820600e-04  1.104224e+05
4.826000e-04  1.155140e+05
4.831000e-04  1.198356e+05
4.836500e-04  1.240808e+05
4.844000e-04  1.291520e+05
4.852000e-04  1.337898e+05
4.860000e-04  1.379194e+05
4.870000e-04  1.424316e+05
4.885000e-04  1.481618e+05
4.900000e-04  1.530272e+05
4.918000e-04  1.579140e+05
4.940000e-04  1.627200e+05
4.960000e-04  1.661504e+05
4.980000e-04  1.688180e+05
5.000000e-04  1.708570e+05
5.030000e-04  1.728936e+05
5.060000e-04  1.739590e+05
5.100000e-04  1.742914e+05
5.150000e-04  1.736078e+05
5.900000e-04  1.596604e+05
6.606934e-04  1.462453e+05
6.918310e-04  1.403144e+05
7.328245e-04  1.325321e+05
7.852356e-04  1.228789e+05
8.511380e-04  1.117899e+05
9.015711e-04  1.037847e+05
9.885530e-04  9.127143e+04
1.071519e-03  8.110087e+04
1.150000e-03  7.265780e+04
1.273503e-03  6.142172e+04
1.400000e-03  5.219240e+04
1.531087e-03  4.440194e+04
1.698244e-03  3.656934e+04
1.862087e-03  3.056896e+04
2.089296e-03  2.422662e+04
2.300000e-03  1.981890e+04
2.570396e-03  1.559294e+04
2.851018e-03  1.238109e+04
3.198895e-03  9.510819e+03
3.589219e-03  7.249328e+03
4.027170e-03  5.485301e+03
4.518559e-03  4.120668e+03
5.069907e-03  3.073901e+03
5.688529e-03  2.277542e+03
6.382635e-03  1.676410e+03
7.244360e-03  1.187861e+03
8.222426e-03  8.354104e+02
9.332543e-03  5.833717e+02
1.059254e-02  4.046175e+02
1.216186e-02  2.694635e+02
1.396368e-02  1.781108e+02
1.603245e-02  1.169042e+02
1.840772e-02  7.619160e+01
2.137962e-02  4.756494e+01
2.511886e-02  2.841727e+01
2.985383e-02  1.623266e+01
3.589219e-02  8.860096e+00
4.365158e-02  4.620277e+00
5.495409e-02  2.130291e+00
7.585776e-02  7.138883e-01
1.148154e-01  1.746159e-01
1.428894e-01  8.356341e-02
1.717908e-01  4.520228e-02
1.972423e-01  2.870218e-02
2.290868e-01  1.768048e-02
2.600160e-01  1.181119e-02
2.951209e-01  7.945960e-03
3.349654e-01  5.385615e-03
3.758374e-01  3.809990e-03
4.168694e-01  2.809344e-03
4.623810e-01  2.085856e-03
5.128614e-01  1.559536e-03
5.688529e-01  1.174511e-03
6.237348e-01  9.188825e-04
6.839117e-01  7.235942e-04
7.498942e-01  5.735810e-04
8.609938e-01  4.086356e-04
9.225714e-01  3.472268e-04
9.772372e-01  3.049690e-04
1.047129e+00  2.631063e-04
1.122018e+00  2.284709e-04
1.202264e+00  1.996962e-04
1.333521e+00  1.648083e-04
1.566751e+00  1.236198e-04
1.757924e+00  1.011133e-04
1.949845e+00  8.496533e-05
2.238721e+00  6.809168e-05
2.600160e+00  5.395573e-05
3.000000e+00  4.351800e-05
3.467369e+00  3.532963e-05
4.027170e+00  2.869281e-05
4.731513e+00  2.310219e-05
5.623413e+00  1.846332e-05
6.839116e+00  1.443648e-05
8.413951e+00  1.122246e-05
1.035142e+01  8.788481e-06
1.318257e+01  6.659345e-06
1.737801e+01  4.891381e-06
2.344229e+01  3.529861e-06
3.388442e+01  2.384275e-06
5.308844e+01  1.491651e-06
8.222427e+01  9.509947e-07
1.584893e+02  4.878144e-07
3.162278e+02  2.430156e-07
1.258925e+03  6.076071e-08
1.000000e+05  7.638300e-10
-1  -1
4.592900e-04  0.000000e+00
4.592900e-04  3.392813e+05
4.631000e-04  3.501714e+05
4.722000e-04  3.672636e+05
4.830000e-04  3.822541e+05
4.954502e-04  3.906985e+05
5.080000e-04  3.940318e+05
5.128614e-04  3.939615e+05
5.248075e-04  3.910728e+05
5.432503e-04  3.816953e+05
5.720000e-04  3.661580e+05
6.456542e-04  3.266967e+05
6.850000e-04  3.066312e+05
7.328245e-04  2.835952e+05
8.035261e-04  2.527866e+05
8.511380e-04  2.339421e+05
9.225714e-04  2.081151e+05
1.023293e-03  1.776549e+05
1.109175e-03  1.559309e+05
1.216186e-03  1.332106e+05
1.350000e-03  1.106576e+05
1.479108e-03  9.335092e+04
1.650000e-03  7.558400e+04
1.819701e-03  6.211368e+04
2.018366e-03  5.011301e+04
2.238721e-03  4.014488e+04
2.500000e-03  3.146428e+04
2.800000e-03  2.430776e+04
3.126079e-03  1.877715e+04
3.507519e-03  1.423272e+04
3.935501e-03  1.070810e+04
4.415704e-03  7.998477e+03
4.954502e-03  5.933088e+03
5.559043e-03  4.371285e+03
6.309573e-03  3.099446e+03
7.161434e-03  2.180313e+03
8.128305e-03  1.522123e+03
9.225714e-03  1.054930e+03
1.047129e-02  7.260021e+02
1.200000e-02  4.820840e+02
1.380384e-02  3.139377e+02
1.584893e-02  2.041031e+02
1.819701e-02  1.317316e+02
2.113489e-02  8.134085e+01
2.454709e-02  4.984621e+01
2.884032e-02  2.918703e+01
3.388442e-02  1.696171e+01
4.073803e-02  9.048325e+00
4.954502e-02  4.603972e+00
6.237348e-02  2.061581e+00
1.258925e-01  1.738065e-01
1.531088e-01  8.775903e-02
1.798871e-01  5.032081e-02
2.065380e-01  3.143404e-02
2.344229e-01  2.056572e-02
2.630268e-01  1.408031e-02
2.951209e-01  9.711833e-03
3.273407e-01  7.001043e-03
3.630781e-01  5.084238e-03
4.000000e-01  3.797715e-03
4.365158e-01  2.938266e-03
4.786301e-01  2.257611e-03
5.188000e-01  1.803972e-03
5.688529e-01  1.406324e-03
6.165950e-01  1.138317e-03
6.760830e-01  9.007093e-04
7.413102e-01  7.182461e-04
8.317638e-01  5.463201e-04
9.015711e-01  4.539650e-04
9.660509e-01  3.900290e-04
1.035142e+00  3.375558e-04
1.135011e+00  2.803542e-04
1.230269e+00  2.399457e-04
1.364583e+00  1.979423e-04
1.584893e+00  1.513471e-04
1.778279e+00  1.238809e-04
1.972423e+00  1.042134e-04
2.290868e+00  8.207850e-05
2.660725e+00  6.511379e-05
3.054921e+00  5.296869e-05
3.548134e+00  4.274704e-05
4.168694e+00  3.421404e-05
4.897788e+00  2.759213e-05
5.821032e+00  2.208546e-05
7.079458e+00  1.729242e-05
8.709636e+00  1.346061e-05
1.083927e+01  1.041366e-05
1.380384e+01  7.901722e-06
1.819701e+01  5.811634e-06
2.483133e+01  4.147188e-06
3.630781e+01  2.770987e-06
6.095369e+01  1.615805e-06
1.188502e+02  8.163436e-07
2.371374e+02  4.058832e-07
9.440609e+02  1.013254e-07
5.956621e+04  1.602294e-09
1.000000e+05  9.547100e-10
-1  -1
2.945300e-04  0.000000e+00
2.945300e-04  8.056520e+04
2.958000e-04  8.019800e+04
2.970000e-04  8.047240e+04
2.978000e-04  8.107360e+04
2.986200e-04  8.213182e+04
2.993000e-04  8.343880e+04
3.000000e-04  8.525760e+04
3.007000e-04  8.761800e+04
3.013000e-04  9.013880e+04
3.020000e-04  9.374440e+04
3.026000e-04  9.747720e+04
3.032000e-04  1.018680e+05
3.037000e-04  1.060904e+05
3.042000e-04  1.108616e+05
3.047000e-04  1.162232e+05
3.054921e-04  1.260487e+05
3.061000e-04  1.347880e+05
3.069000e-04  1.480228e+05
3.077000e-04  1.633900e+05
3.085000e-04  1.810500e+05
3.123000e-04  2.994028e+05
3.135000e-04  3.487048e+05
3.145000e-04  3.937152e+05
3.154000e-04  4.368080e+05
3.165000e-04  4.923040e+05
3.172000e-04  5.288240e+05
3.183000e-04  5.874520e+05
3.190000e-04  6.252480e+05
3.200000e-04  6.794080e+05
3.210000e-04  7.332200e+05
3.220000e-04  7.861960e+05
3.230000e-04  8.379360e+05
3.240000e-04  8.881480e+05
3.250000e-04  9.366240e+05
3.265000e-04  1.005884e+06
3.280000e-04  1.070600e+06
3.295000e-04  1.131100e+06
3.311311e-04  1.192065e+06
3.328000e-04  1.249408e+06
3.349654e-04  1.317070e+06
3.370000e-04  1.373632e+06
3.390000e-04  1.423388e+06
3.410000e-04  1.467180e+06
3.430000e-04  1.505716e+06
3.450000e-04  1.539004e+06
3.477000e-04  1.576184e+06
3.507519e-04  1.607826e+06
3.540000e-04  1.631544e+06
3.580000e-04  1.648520e+06
3.630781e-04  1.655484e+06
3.680000e-04  1.651544e+06
3.758374e-04  1.633369e+06
3.890451e-04  1.590595e+06
4.050000e-04  1.532224e+06
4.191700e-04  1.473791e+06
4.315191e-04  1.418024e+06
4.518559e-04  1.322934e+06
4.786301e-04  1.204397e+06
5.011872e-04  1.112249e+06
5.248075e-04  1.021279e+06
5.580000e-04  9.039280e+05
5.900000e-04  8.037920e+05
6.350000e-04  6.839960e+05
6.760830e-04  5.920606e+05
7.328245e-04  4.873509e+05
8.035261e-04  3.872225e+05
8.709636e-04  3.142885e+05
9.700000e-04  2.357388e+05
1.059254e-03  1.852402e+05
1.190000e-03  1.334444e+05
1.303167e-03  1.027168e+05
1.462177e-03  7.311661e+04
1.603245e-03  5.538307e+04
1.800000e-03  3.876572e+04
2.000000e-03  2.781564e+04
2.238721e-03  1.936736e+04
2.540973e-03  1.278675e+04
2.884032e-03  8.370961e+03
3.235937e-03  5.654728e+03
3.630781e-03  3.794782e+03
4.073803e-03  2.529872e+03
4.623810e-03  1.607113e+03
5.188000e-03  1.056654e+03
5.888437e-03  6.613368e+02
6.606934e-03  4.291689e+02
7.500000e-03  2.647884e+02
8.609938e-03  1.553795e+02
1.000000e-02  8.642560e+01
1.148154e-02  4.992048e+01
1.333521e-02  2.733254e+01
1.548817e-02  1.485011e+01
1.819701e-02  7.636078e+00
2.162719e-02  3.714434e+00
2.630268e-02  1.627589e+00
3.349654e-02  5.821962e-01
5.011872e-02  1.037828e-01
7.079458e-02  2.361707e-02
8.810489e-02  9.310383e-03
1.059254e-01  4.281464e-03
1.244515e-01  2.184974e-03
1.445440e-01  1.178777e-03
1.659587e-01  6.718424e-04
1.883649e-01  4.042325e-04
2.113489e-01  2.565117e-04
2.371374e-01  1.639749e-04
2.660725e-01  1.056266e-04
2.951209e-01  7.159370e-05
3.273407e-01  4.883304e-05
3.589219e-01  3.497769e-05
3.935501e-01  2.522204e-05
4.315191e-01  1.832955e-05
4.731513e-01  1.341818e-05
5.248075e-01  9.523819e-06
5.754399e-01  7.072042e-06
6.309573e-01  5.290169e-06
6.918310e-01  3.987868e-06
7.585776e-01  3.029914e-06
8.222427e-01  2.399702e-06
8.709636e-01  2.041879e-06
9.225714e-01  1.749327e-06
9.660509e-01  1.555586e-06
1.011579e+00  1.392799e-06
1.059254e+00  1.256147e-06
1.109175e+00  1.140215e-06
1.174898e+00  1.017543e-06
1.258925e+00  8.943960e-07
1.364583e+00  7.749034e-07
1.531087e+00  6.355288e-07
1.778279e+00  4.893992e-07
1.949845e+00  4.191673e-07
2.238721e+00  3.359077e-07
2.600160e+00  2.661743e-07
3.000000e+00  2.146800e-07
3.467369e+00  1.742818e-07
4.027170e+00  1.415424e-07
4.731513e+00  1.139717e-07
5.623413e+00  9.108502e-08
6.839116e+00  7.121718e-08
8.317638e+00  5.613138e-08
1.035142e+01  4.335417e-08
1.318257e+01  3.285179e-08
1.717908e+01  2.443820e-08
2.317395e+01  1.763089e-08
3.349654e+01  1.190541e-08
5.188000e+01  7.536616e-09
7.852356e+01  4.917688e-09
1.513561e+02  2.521220e-09
3.019952e+02  1.255693e-09
1.202264e+03  3.138890e-10
1.000000e+05  3.768100e-12
-1  -1
2.900500e-04  0.000000e+00
2.900500e-04  1.145058e+05
2.912000e-04  1.147758e+05
2.923000e-04  1.156614e+05
2.933000e-04  1.172286e+05
2.942000e-04  1.194432e+05
2.950000e-04  1.222506e+05
2.958000e-04  1.260204e+05
2.965000e-04  1.302468e+05
2.971000e-04  1.346682e+05
2.976000e-04  1.389840e+05
2.983000e-04  1.461084e+05
2.990000e-04  1.546446e+05
2.997000e-04  1.647672e+05
3.004200e-04  1.770297e+05
3.011000e-04  1.905168e+05
3.019952e-04  2.113941e+05
3.030000e-04  2.395026e+05
3.040000e-04  2.728692e+05
3.073000e-04  4.255146e+05
3.085000e-04  4.976358e+05
3.097000e-04  5.779140e+05
3.107000e-04  6.502740e+05
3.115000e-04  7.111500e+05
3.126079e-04  7.988738e+05
3.135000e-04  8.715420e+05
3.145000e-04  9.542160e+05
3.154000e-04  1.028922e+06
3.165000e-04  1.119666e+06
3.176000e-04  1.208856e+06
3.185000e-04  1.280112e+06
3.197000e-04  1.372116e+06
3.210000e-04  1.467366e+06
3.225000e-04  1.571118e+06
3.240000e-04  1.668108e+06
3.255000e-04  1.758444e+06
3.273407e-04  1.860567e+06
3.293400e-04  1.961202e+06
3.311311e-04  2.042793e+06
3.335000e-04  2.139018e+06
3.360000e-04  2.226930e+06
3.388442e-04  2.310822e+06
3.410500e-04  2.364734e+06
3.440000e-04  2.422638e+06
3.470000e-04  2.466354e+06
3.507519e-04  2.502390e+06
3.550000e-04  2.522862e+06
3.600000e-04  2.526618e+06
3.650100e-04  2.515919e+06
3.740000e-04  2.478090e+06
3.890451e-04  2.397489e+06
4.050000e-04  2.302374e+06
4.168694e-04  2.223569e+06
4.315191e-04  2.118953e+06
4.518559e-04  1.971952e+06
4.841724e-04  1.756103e+06
5.080000e-04  1.610514e+06
5.308844e-04  1.478993e+06
5.623413e-04  1.314673e+06
6.100000e-04  1.102410e+06
6.531306e-04  9.441909e+05
7.000000e-04  8.004720e+05
7.673615e-04  6.375237e+05
8.317638e-04  5.187852e+05
9.120108e-04  4.064865e+05
1.000000e-03  3.165936e+05
1.110000e-03  2.366436e+05
1.230269e-03  1.763449e+05
1.364583e-03  1.302089e+05
1.513561e-03  9.547543e+04
1.678804e-03  6.953788e+04
1.883649e-03  4.850727e+04
2.089296e-03  3.484318e+04
2.344229e-03  2.395306e+04
2.660725e-03  1.572715e+04
3.000000e-03  1.047366e+04
3.349654e-03  7.162901e+03
3.715352e-03  4.984518e+03
4.168694e-03  3.310204e+03
4.731513e-03  2.093484e+03
5.370318e-03  1.313581e+03
6.025596e-03  8.540425e+02
6.760830e-03  5.518409e+02
7.585776e-03  3.544921e+02
8.609938e-03  2.165133e+02
1.000000e-02  1.198506e+02
1.148154e-02  6.890709e+01
1.318257e-02  3.933387e+01
1.513561e-02  2.229783e+01
1.757924e-02  1.196443e+01
2.065380e-02  6.072786e+00
2.454709e-02  2.913673e+00
3.019952e-02  1.196930e+00
3.890451e-02  4.000133e-01
7.585776e-02  2.193455e-02
9.332543e-02  8.961359e-03
1.096478e-01  4.498312e-03
1.318257e-01  2.062005e-03
1.500000e-01  1.202167e-03
1.678804e-01  7.566723e-04
1.862087e-01  4.974269e-04
2.065380e-01  3.292364e-04
2.290868e-01  2.195388e-04
2.511886e-01  1.541974e-04
2.754229e-01  1.090710e-04
3.000000e-01  7.963690e-05
3.273407e-01  5.821596e-05
3.548134e-01  4.388294e-05
3.845918e-01  3.330025e-05
4.120975e-01  2.643774e-05
4.518559e-01  1.959064e-05
4.954502e-01  1.462459e-05
5.432503e-01  1.096664e-05
5.888437e-01  8.587803e-06
6.095369e-01  7.761493e-06
6.531306e-01  6.389944e-06
6.998420e-01  5.296321e-06
7.585776e-01  4.284732e-06
8.035261e-01  3.694497e-06
8.609938e-01  3.082023e-06
9.120108e-01  2.665052e-06
9.660509e-01  2.320338e-06
1.011579e+00  2.089552e-06
1.071519e+00  1.845751e-06
1.135011e+00  1.640704e-06
1.202264e+00  1.467278e-06
1.318257e+00  1.238823e-06
1.737801e+00  7.625732e-07
1.927525e+00  6.400272e-07
2.187762e+00  5.219438e-07
2.540973e+00  4.131218e-07
2.917427e+00  3.352260e-07
3.311311e+00  2.788046e-07
3.845918e+00  2.259283e-07
4.518559e+00  1.815239e-07
5.308844e+00  1.469297e-07
6.456542e+00  1.146180e-07
7.762471e+00  9.139577e-08
9.660509e+00  7.041572e-08
1.230269e+01  5.323719e-08
1.603245e+01  3.952295e-08
2.162719e+01  2.846411e-08
3.019952e+01  1.990444e-08
4.466836e+01  1.319294e-08
6.918310e+01  8.388327e-09
1.348963e+02  4.244952e-09
2.691535e+02  2.112537e-09
1.071519e+03  5.277720e-10
1.000000e+05  5.645500e-12
-1  -1
8.214000e-05  0.000000e+00
8.214000e-05  1.724284e+05
8.413951e-05  1.765791e+05
8.609938e-05  1.796157e+05
8.912509e-05  1.828533e+05
9.332543e-05  1.855211e+05
9.900000e-05  1.874830e+05
1.080000e-04  1.887546e+05
1.174898e-04  1.886320e+05
1.260000e-04  1.871662e+05
1.333521e-04  1.848003e+05
1.412538e-04  1.811468e+05
1.496236e-04  1.762216e+05
1.584893e-04  1.701818e+05
1.690000e-04  1.624520e+05
1.819701e-04  1.527844e+05
2.000000e-04  1.400962e+05
2.220000e-04  1.263098e+05
2.426610e-04  1.148467e+05
2.650000e-04  1.037798e+05
2.917427e-04  9.218787e+04
3.311311e-04  7.817288e+04
3.758374e-04  6.581337e+04
4.216965e-04  5.585393e+04
4.841724e-04  4.549586e+04
5.623413e-04  3.618024e+04
6.606934e-04  2.801450e+04
7.852356e-04  2.114450e+04
9.660509e-04  1.494644e+04
1.188502e-03  1.047989e+04
1.462177e-03  7.293999e+03
1.778279e-03  5.143668e+03
2.137962e-03  3.677613e+03
2.540973e-03  2.666762e+03
3.054921e-03  1.878577e+03
3.672823e-03  1.312697e+03
4.415704e-03  9.100568e+02
5.308844e-03  6.259675e+02
6.309573e-03  4.375518e+02
7.498942e-03  3.035799e+02
8.810489e-03  2.142734e+02
1.035142e-02  1.501763e+02
1.216186e-02  1.044918e+02
1.428894e-02  7.217303e+01
1.678804e-02  4.948227e+01
1.972423e-02  3.367287e+01
2.317395e-02  2.274032e+01
2.722701e-02  1.524392e+01
3.198895e-02  1.014586e+01
3.758374e-02  6.702733e+00
4.466836e-02  4.265708e+00
5.248075e-02  2.778138e+00
6.309573e-02  1.688322e+00
7.673615e-02  9.868778e-01
9.225714e-02  5.906689e-01
1.202264e-01  2.798694e-01
2.264644e-01  4.642015e-02
2.722701e-01  2.769311e-02
3.198895e-01  1.774947e-02
3.672823e-01  1.220849e-02
4.168694e-01  8.726801e-03
4.677351e-01  6.477129e-03
5.188000e-01  4.985038e-03
5.754399e-01  3.862454e-03
6.382635e-01  3.014208e-03
7.079458e-01  2.369882e-03
7.852356e-01  1.877430e-03
8.709636e-01  1.497693e-03
9.549926e-01  1.234246e-03
1.071519e+00  9.787363e-04
1.188600e+00  7.981800e-04
1.380384e+00  6.026471e-04
1.548817e+00  4.886246e-04
1.717908e+00  4.073053e-04
1.905461e+00  3.418939e-04
2.137962e+00  2.838322e-04
2.483133e+00  2.244051e-04
2.851018e+00  1.818774e-04
3.198895e+00  1.535916e-04
3.715352e+00  1.242462e-04
4.365158e+00  9.966468e-05
5.128614e+00  8.054444e-05
6.165950e+00  6.365927e-05
7.413102e+00  5.066891e-05
9.225714e+00  3.897162e-05
1.161449e+01  2.980958e-05
1.500000e+01  2.231500e-05
2.000000e+01  1.624600e-05
2.691535e+01  1.179529e-05
3.845918e+01  8.086276e-06
6.456542e+01  4.720784e-06
1.258925e+02  2.386874e-06
2.511886e+02  1.187288e-06
1.000000e+03  2.965000e-07
6.309573e+04  4.689197e-09
1.000000e+05  2.959600e-09
-1  -1
5.419000e-05  0.000000e+00
5.419000e-05  1.270300e+06
5.450000e-05  1.269670e+06
5.505000e-05  1.260816e+06
5.560000e-05  1.245130e+06
5.630000e-05  1.217944e+06
5.700000e-05  1.185932e+06
5.780000e-05  1.144964e+06
5.888437e-05  1.085881e+06
6.025596e-05  1.009887e+06
6.165950e-05  9.334122e+05
6.350000e-05  8.383160e+05
6.580000e-05  7.306080e+05
6.900000e-05  6.028480e+05
7.673615e-05  3.874823e+05
8.000000e-05  3.275700e+05
8.300000e-05  2.842880e+05
8.570000e-05  2.530640e+05
8.810489e-05  2.302550e+05
9.070000e-05  2.099520e+05
9.332543e-05  1.931180e+05
9.580000e-05  1.800248e+05
9.800000e-05  1.702370e+05
1.010000e-04  1.591806e+05
1.040000e-04  1.502570e+05
1.071519e-04  1.426970e+05
1.100000e-04  1.371412e+05
1.135011e-04  1.316267e+05
1.174898e-04  1.267247e+05
1.220000e-04  1.225166e+05
1.273503e-04  1.188508e+05
1.333521e-04  1.159119e+05
1.412538e-04  1.132278e+05
1.757924e-04  1.063071e+05
1.927525e-04  1.029372e+05
2.089296e-04  9.944501e+04
2.264644e-04  9.540127e+04
2.454709e-04  9.084411e+04
2.660725e-04  8.582957e+04
2.900000e-04  8.009880e+04
3.162278e-04  7.416876e+04
3.467369e-04  6.782847e+04
3.801894e-04  6.156709e+04
4.168694e-04  5.543476e+04
4.600000e-04  4.917040e+04
5.150000e-04  4.249880e+04
5.688529e-04  3.709730e+04
6.309573e-04  3.195876e+04
7.079458e-04  2.688226e+04
7.943282e-04  2.243497e+04
9.015711e-04  1.823125e+04
1.011579e-03  1.499127e+04
1.150000e-03  1.195682e+04
1.288250e-03  9.721710e+03
1.450000e-03  7.782040e+03
1.621810e-03  6.262776e+03
1.819701e-03  4.974800e+03
2.041738e-03  3.924593e+03
2.290868e-03  3.073040e+03
2.570396e-03  2.389009e+03
2.884032e-03  1.844048e+03
3.235937e-03  1.413239e+03
3.630781e-03  1.075589e+03
4.120975e-03  7.904500e+02
4.677351e-03  5.763669e+02
5.308844e-03  4.170533e+02
6.025596e-03  2.994914e+02
6.839116e-03  2.134294e+02
7.762471e-03  1.509989e+02
8.810489e-03  1.060551e+02
1.000000e-02  7.395700e+01
1.148154e-02  4.953117e+01
1.318257e-02  3.291974e+01
1.513561e-02  2.171924e+01
1.757924e-02  1.373188e+01
2.041738e-02  8.614212e+00
2.398833e-02  5.171943e+00
2.818383e-02  3.083529e+00
3.311311e-02  1.824796e+00
3.981072e-02  9.938621e-01
4.897788e-02  4.976876e-01
6.382635e-02  2.037746e-01
1.188502e-01  2.476690e-02
1.479108e-01  1.187739e-02
1.757924e-01  6.692228e-03
2.065380e-01  3.946359e-03
2.371374e-01  2.527025e-03
2.691535e-01  1.690583e-03
3.054921e-01  1.139186e-03
3.427678e-01  8.012241e-04
3.845918e-01  5.676932e-04
4.265795e-01  4.192428e-04
4.731513e-01  3.117634e-04
5.248075e-01  2.334948e-04
5.821032e-01  1.761831e-04
6.382635e-01  1.380805e-04
6.998420e-01  1.089176e-04
7.673615e-01  8.647598e-05
8.609938e-01  6.519462e-05
9.225714e-01  5.537817e-05
9.772372e-01  4.862716e-05
1.047129e+00  4.194454e-05
1.122018e+00  3.641992e-05
1.202264e+00  3.184115e-05
1.348963e+00  2.574616e-05
1.603245e+00  1.892399e-05
1.798871e+00  1.550153e-05
1.995262e+00  1.304810e-05
2.317395e+00  1.028082e-05
2.691535e+00  8.161259e-06
3.054921e+00  6.757008e-06
3.548134e+00  5.453073e-06
4.168694e+00  4.364540e-06
4.897788e+00  3.519806e-06
5.821032e+00  2.817341e-06
7.079458e+00  2.205882e-06
8.709636e+00  1.717051e-06
1.083927e+01  1.328405e-06
1.380384e+01  1.007984e-06
1.819701e+01  7.413647e-07
2.483133e+01  5.290411e-07
3.630781e+01  3.534890e-07
6.095369e+01  2.061201e-07
1.188502e+02  1.041374e-07
2.371374e+02  5.177688e-08
9.440609e+02  1.292542e-08
5.956621e+04  2.043990e-10
1.000000e+05  1.217900e-10
-1  -1
5.066000e-05  0.000000e+00
5.066000e-05  2.715408e+06
5.120000e-05  2.686476e+06
5.188000e-05  2.630169e+06
5.270000e-05  2.542636e+06
5.370318e-05  2.420182e+06
5.450000e-05  2.317444e+06
5.580000e-05  2.148312e+06
5.754399e-05  1.929498e+06
5.956621e-05  1.696773e+06
6.237348e-05  1.417758e+06
6.918310e-05  9.357138e+05
7.244360e-05  7.823938e+05
7.500000e-05  6.881640e+05
7.737400e-05  6.171477e+05
7.943282e-05  5.661643e+05
8.150000e-05  5.232160e+05
8.400000e-05  4.803840e+05
8.650000e-05  4.456560e+05
8.912509e-05  4.161399e+05
9.150000e-05  3.943392e+05
9.440609e-05  3.726760e+05
9.660509e-05  3.592266e+05
1.000000e-04  3.423644e+05
1.035142e-04  3.287775e+05
1.071519e-04  3.178131e+05
1.109175e-04  3.089360e+05
1.161449e-04  2.995990e+05
1.230269e-04  2.908130e+05
1.318257e-04  2.829323e+05
1.584893e-04  2.659714e+05
1.737801e-04  2.562299e+05
1.900000e-04  2.452400e+05
2.080000e-04  2.327080e+05
2.264644e-04  2.198130e+05
2.454709e-04  2.067263e+05
2.660725e-04  1.930238e+05
2.900000e-04  1.779960e+05
3.200000e-04  1.609576e+05
3.507519e-04  1.455061e+05
3.850000e-04  1.304228e+05
4.216965e-04  1.163343e+05
4.677351e-04  1.013998e+05
5.248075e-04  8.637353e+04
5.821032e-04  7.418138e+04
6.531306e-04  6.214121e+04
7.300000e-04  5.201920e+04
8.128305e-04  4.351648e+04
9.225714e-04  3.500210e+04
1.030000e-03  2.877388e+04
1.161449e-03  2.308229e+04
1.300000e-03  1.865196e+04
1.479108e-03  1.450411e+04
1.678804e-03  1.123432e+04
1.905461e-03  8.633365e+03
2.137962e-03  6.744768e+03
2.398833e-03  5.230934e+03
2.691535e-03  4.028255e+03
3.019952e-03  3.080238e+03
3.388442e-03  2.338470e+03
3.845918e-03  1.713692e+03
4.315191e-03  1.282981e+03
4.897788e-03  9.260985e+02
5.559043e-03  6.633347e+02
6.309573e-03  4.714866e+02
7.161434e-03  3.325825e+02
8.128305e-03  2.328442e+02
9.225714e-03  1.618063e+02
1.047129e-02  1.116466e+02
1.188502e-02  7.651208e+01
1.364583e-02  5.028087e+01
1.566751e-02  3.279163e+01
1.798871e-02  2.122889e+01
2.065380e-02  1.364432e+01
2.371374e-02  8.705962e+00
2.754229e-02  5.310274e+00
3.273407e-02  2.977943e+00
3.935501e-02  1.593972e+00
4.786301e-02  8.139500e-01
5.821032e-02  4.123331e-01
7.852356e-02  1.443443e-01
1.273503e-01  2.635094e-02
1.566751e-01  1.280264e-02
1.840772e-01  7.352355e-03
2.113489e-01  4.602019e-03
2.398833e-01  3.015977e-03
2.691535e-01  2.068173e-03
3.000000e-01  1.459400e-03
3.311311e-01  1.069620e-03
3.672823e-01  7.776569e-04
4.027170e-01  5.898003e-04
4.415705e-01  4.505125e-04
4.841724e-01  3.465792e-04
5.308844e-01  2.686076e-04
5.821032e-01  2.097694e-04
6.309573e-01  1.700706e-04
6.918310e-01  1.348245e-04
7.585776e-01  1.077284e-04
8.511380e-01  8.213755e-05
9.120108e-01  7.022881e-05
9.772372e-01  6.044106e-05
1.059254e+00  5.117250e-05
1.161449e+00  4.260443e-05
1.273503e+00  3.572187e-05
1.412538e+00  2.952599e-05
1.659587e+00  2.217015e-05
1.840772e+00  1.856029e-05
2.018366e+00  1.594815e-05
2.371374e+00  1.235118e-05
2.754229e+00  9.815792e-06
3.126079e+00  8.136726e-06
3.630781e+00  6.574415e-06
4.265795e+00  5.267951e-06
5.011872e+00  4.252817e-06
6.025596e+00  3.358081e-06
7.244360e+00  2.670387e-06
9.015711e+00  2.052151e-06
1.122018e+01  1.589403e-06
1.428894e+01  1.207384e-06
1.883649e+01  8.888203e-07
2.570396e+01  6.348534e-07
3.758374e+01  4.244869e-07
6.309573e+01  2.476989e-07
1.230269e+02  1.251992e-07
2.454709e+02  6.226756e-08
9.772372e+02  1.554757e-08
6.165950e+04  2.458800e-10
1.000000e+05  1.516500e-10
-1  -1
9.150000e-06  0.000000e+00
9.150000e-06  3.696588e+06
9.549926e-06  3.875122e+06
1.023293e-05  4.217829e+06
1.333521e-05  5.958343e+06
1.531087e-05  7.082494e+06
1.778279e-05  8.480190e+06
1.972423e-05  9.550990e+06
2.162719e-05  1.054238e+07
2.300000e-05  1.119255e+07
2.426610e-05  1.171223e+07
2.540973e-05  1.210102e+07
2.650000e-05  1.238695e+07
2.754229e-05  1.257048e+07
2.851018e-05  1.265455e+07
2.951209e-05  1.264887e+07
3.040000e-05  1.256503e+07
3.126079e-05  1.241599e+07
3.230000e-05  1.215354e+07
3.330000e-05  1.182404e+07
3.427678e-05  1.143870e+07
3.507519e-05  1.108446e+07
3.610000e-05  1.058901e+07
3.715352e-05  1.004557e+07
3.801894e-05  9.583258e+06
3.900000e-05  9.051168e+06
4.027170e-05  8.361458e+06
4.150000e-05  7.707336e+06
4.265795e-05  7.110559e+06
4.410200e-05  6.402919e+06
4.518559e-05  5.903120e+06
4.677351e-05  5.222807e+06
4.841724e-05  4.584431e+06
5.011872e-05  3.992103e+06
5.188000e-05  3.448523e+06
5.370318e-05  2.955015e+06
5.527000e-05  2.582123e+06
5.688529e-05  2.242302e+06
5.850000e-05  1.943242e+06
6.025596e-05  1.659260e+06
6.220000e-05  1.389282e+06
6.400000e-05  1.175829e+06
6.580000e-05  9.929192e+05
6.760830e-05  8.359052e+05
6.950000e-05  6.965252e+05
7.150000e-05  5.730172e+05
7.350000e-05  4.704616e+05
7.500000e-05  4.053560e+05
7.730000e-05  3.222324e+05
7.943282e-05  2.604137e+05
8.400000e-05  1.662917e+05
8.650000e-05  1.316554e+05
8.850000e-05  1.104508e+05
9.000000e-05  9.769956e+04
9.120108e-05  8.917371e+04
9.240200e-05  8.197618e+04
9.350000e-05  7.643692e+04
9.450000e-05  7.217168e+04
9.549926e-05  6.858260e+04
9.660509e-05  6.532070e+04
9.760000e-05  6.296220e+04
9.850000e-05  6.125504e+04
9.950000e-05  5.978952e+04
1.005000e-04  5.873644e+04
1.015000e-04  5.805604e+04
1.025000e-04  5.771164e+04
1.037900e-04  5.771039e+04
1.050000e-04  5.810952e+04
1.065000e-04  5.907020e+04
1.080000e-04  6.047132e+04
1.096478e-04  6.243567e+04
1.110000e-04  6.432440e+04
1.135011e-04  6.833642e+04
1.240000e-04  8.878912e+04
1.280000e-04  9.688868e+04
1.318257e-04  1.043578e+05
1.350000e-04  1.102335e+05
1.390000e-04  1.171531e+05
1.430000e-04  1.234915e+05
1.465000e-04  1.285192e+05
1.513561e-04  1.346657e+05
1.566751e-04  1.403731e+05
1.621810e-04  1.452389e+05
1.678804e-04  1.491885e+05
1.740000e-04  1.523791e+05
1.800000e-04  1.546084e+05
1.862087e-04  1.560197e+05
1.950000e-04  1.567969e+05
2.030000e-04  1.564511e+05
2.113489e-04  1.551671e+05
2.213095e-04  1.527481e+05
2.317395e-04  1.492890e+05
2.426610e-04  1.450447e+05
2.550000e-04  1.396172e+05
2.691535e-04  1.330443e+05
2.851018e-04  1.254126e+05
3.019952e-04  1.174624e+05
3.198895e-04  1.093204e+05
3.388442e-04  1.011379e+05
3.630781e-04  9.144380e+04
3.890451e-04  8.205833e+04
4.168694e-04  7.314368e+04
4.466836e-04  6.478250e+04
4.841724e-04  5.579086e+04
5.248075e-04  4.768166e+04
5.688529e-04  4.045925e+04
6.165950e-04  3.410163e+04
6.760830e-04  2.783838e+04
7.413102e-04  2.255290e+04
8.222426e-04  1.764973e+04
9.015711e-04  1.409917e+04
1.000000e-03  1.086726e+04
1.109175e-03  8.312401e+03
1.230269e-03  6.308956e+03
1.364583e-03  4.751297e+03
1.513561e-03  3.548626e+03
1.678804e-03  2.630968e+03
1.862087e-03  1.937122e+03
2.137962e-03  1.276485e+03
2.371374e-03  9.267532e+02
2.600160e-03  6.923762e+02
2.884032e-03  4.935885e+02
3.273407e-03  3.235085e+02
3.715352e-03  2.107818e+02
4.120975e-03  1.475491e+02
4.623810e-03  9.853359e+01
5.188000e-03  6.533749e+01
5.888437e-03  4.125679e+01
6.683439e-03  2.585080e+01
7.585776e-03  1.607433e+01
8.609938e-03  9.920128e+00
9.772372e-03  6.078450e+00
1.122018e-02  3.535781e+00
1.288250e-02  2.041505e+00
1.496236e-02  1.117065e+00
1.737801e-02  6.062088e-01
2.041738e-02  3.114683e-01
2.426610e-02  1.514480e-01
2.985383e-02  6.322139e-02
3.845918e-02  2.154477e-02
7.244360e-02  1.441355e-03
9.120108e-02  5.424693e-04
1.096478e-01  2.500026e-04
1.288250e-01  1.278702e-04
1.496236e-01  6.913431e-05
1.698244e-01  4.135519e-05
1.927525e-01  2.491655e-05
2.162719e-01  1.583589e-05
2.426610e-01  1.014037e-05
2.691535e-01  6.834649e-06
3.000000e-01  4.554000e-06
3.311311e-01  3.166503e-06
3.630781e-01  2.270540e-06
4.000000e-01  1.612000e-06
4.415705e-01  1.146442e-06
4.841724e-01  8.405368e-07
5.370318e-01  5.973514e-07
5.888437e-01  4.441838e-07
6.456542e-01  3.328096e-07
6.998420e-01  2.602159e-07
7.585776e-01  2.047506e-07
8.035261e-01  1.731262e-07
8.511380e-01  1.460293e-07
9.015711e-01  1.240247e-07
9.440609e-01  1.095508e-07
9.885531e-01  9.746203e-08
1.035142e+00  8.741911e-08
1.083927e+00  7.896326e-08
1.135011e+00  7.177070e-08
1.202264e+00  6.419352e-08
1.303167e+00  5.549650e-08
1.513561e+00  4.296417e-08
1.778279e+00  3.242645e-08
1.949845e+00  2.776596e-08
2.238721e+00  2.224910e-08
2.600160e+00  1.763033e-08
3.000000e+00  1.422000e-08
3.467369e+00  1.154442e-08
4.027170e+00  9.375796e-09
4.731513e+00  7.549017e-09
5.623413e+00  6.033138e-09
6.839116e+00  4.717373e-09
8.413951e+00  3.667131e-09
1.047129e+01  2.833597e-09
1.333521e+01  2.147883e-09
1.757924e+01  1.578142e-09
2.400000e+01  1.124600e-09
3.507519e+01  7.512360e-10
5.688529e+01  4.537070e-10
1.000000e+02  2.544300e-10
1.995262e+02  1.263020e-10
3.981072e+02  6.299650e-11
1.584893e+03  1.576660e-11
1.000000e+05  2.495900e-13
-1  -1
8.790000e-06  0.000000e+00
8.790000e-06  5.775420e+06
9.120108e-06  6.026771e+06
1.000000e-05  6.769644e+06
1.174898e-05  8.323390e+06
1.333521e-05  9.717582e+06
1.531087e-05  1.141196e+07
1.757924e-05  1.330412e+07
1.972423e-05  1.502311e+07
2.137962e-05  1.625298e+07
2.290868e-05  1.726627e+07
2.400000e-05  1.788772e+07
2.511886e-05  1.840721e+07
2.610000e-05  1.875124e+07
2.710800e-05  1.898042e+07
2.800000e-05  1.906981e+07
2.900000e-05  1.904078e+07
3.000000e-05  1.887593e+07
3.090295e-05  1.861328e+07
3.190000e-05  1.820427e+07
3.273407e-05  1.777473e+07
3.350000e-05  1.731891e+07
3.450000e-05  1.665040e+07
3.548134e-05  1.593122e+07
3.650000e-05  1.513751e+07
3.758374e-05  1.425976e+07
3.850000e-05  1.350455e+07
3.950000e-05  1.267942e+07
4.073803e-05  1.167372e+07
4.180000e-05  1.083755e+07
4.315191e-05  9.821405e+06
4.450000e-05  8.870442e+06
4.570882e-05  8.074434e+06
4.720000e-05  7.168098e+06
4.850000e-05  6.446202e+06
5.011872e-05  5.633630e+06
5.188000e-05  4.851665e+06
5.370318e-05  4.144116e+06
5.527000e-05  3.610513e+06
5.688529e-05  3.125466e+06
5.850000e-05  2.700256e+06
6.025596e-05  2.298207e+06
6.165950e-05  2.016978e+06
6.350000e-05  1.695691e+06
6.531306e-05  1.425593e+06
6.683439e-05  1.230188e+06
6.850000e-05  1.045019e+06
7.000000e-05  9.009588e+05
7.161434e-05  7.669353e+05
7.350000e-05  6.343512e+05
7.500000e-05  5.449080e+05
7.737400e-05  4.280585e+05
8.035261e-05  3.167793e+05
8.450000e-05  2.112646e+05
8.650000e-05  1.759300e+05
8.810489e-05  1.533272e+05
8.950000e-05  1.372417e+05
9.070000e-05  1.257278e+05
9.190000e-05  1.161170e+05
9.300000e-05  1.088002e+05
9.400000e-05  1.032620e+05
9.500000e-05  9.868152e+04
9.610000e-05  9.464112e+04
9.680000e-05  9.256590e+04
9.772372e-05  9.036532e+04
9.850000e-05  8.895306e+04
9.950000e-05  8.766912e+04
1.005000e-04  8.693328e+04
1.015000e-04  8.669136e+04
1.025700e-04  8.692385e+04
1.040000e-04  8.793414e+04
1.055000e-04  8.973636e+04
1.071519e-04  9.245787e+04
1.090000e-04  9.624678e+04
1.110000e-04  1.010402e+05
1.150000e-04  1.121106e+05
1.205000e-04  1.290223e+05
1.244515e-04  1.414173e+05
1.280000e-04  1.522597e+05
1.318257e-04  1.634221e+05
1.350000e-04  1.721609e+05
1.390000e-04  1.823459e+05
1.430000e-04  1.915213e+05
1.479108e-04  2.014586e+05
1.531087e-04  2.104284e+05
1.584893e-04  2.180159e+05
1.640590e-04  2.242754e+05
1.705000e-04  2.297707e+05
1.760000e-04  2.330349e+05
1.840772e-04  2.359324e+05
1.905461e-04  2.368815e+05
1.995262e-04  2.363713e+05
2.089296e-04  2.342097e+05
2.190000e-04  2.302163e+05
2.300000e-04  2.245723e+05
2.426610e-04  2.166772e+05
2.540973e-04  2.088854e+05
2.691535e-04  1.979506e+05
2.851018e-04  1.862909e+05
3.019952e-04  1.741706e+05
3.198895e-04  1.618097e+05
3.388442e-04  1.494362e+05
3.630781e-04  1.348369e+05
3.890451e-04  1.207621e+05
4.168694e-04  1.074519e+05
4.466836e-04  9.501539e+04
4.841724e-04  8.168576e+04
5.248075e-04  6.969175e+04
5.688529e-04  5.903630e+04
6.165950e-04  4.967898e+04
6.760830e-04  4.048556e+04
7.413102e-04  3.275322e+04
8.128305e-04  2.631255e+04
9.000000e-04  2.049666e+04
9.885530e-04  1.616981e+04
1.096478e-03  1.235563e+04
1.216186e-03  9.368532e+03
1.348963e-03  7.048891e+03
1.496236e-03  5.259562e+03
1.659587e-03  3.895273e+03
1.840772e-03  2.864631e+03
2.113489e-03  1.883924e+03
2.344229e-03  1.365967e+03
2.570396e-03  1.019426e+03
2.818383e-03  7.546057e+02
3.126079e-03  5.338517e+02
3.548134e-03  3.469083e+02
4.000000e-03  2.289297e+02
4.518559e-03  1.489016e+02
5.128614e-03  9.454371e+01
5.821032e-03  5.959998e+01
6.531306e-03  3.889579e+01
7.413102e-03  2.413311e+01
8.413951e-03  1.485750e+01
9.549926e-03  9.079634e+00
1.096478e-02  5.264419e+00
1.258925e-02  3.028740e+00
1.445440e-02  1.729538e+00
1.659587e-02  9.802621e-01
1.927525e-02  5.259715e-01
2.264644e-02  2.670128e-01
2.722701e-02  1.220393e-01
3.349654e-02  5.016908e-02
4.315191e-02  1.678834e-02
7.328245e-02  1.687521e-03
9.225714e-02  6.253969e-04
1.096478e-01  2.990950e-04
1.273503e-01  1.589354e-04
1.445440e-01  9.370551e-05
1.640590e-01  5.564617e-05
1.840772e-01  3.490647e-05
2.041738e-01  2.310255e-05
2.264644e-01  1.540411e-05
2.483133e-01  1.081614e-05
2.722701e-01  7.646157e-06
2.985383e-01  5.444352e-06
3.273407e-01  3.906361e-06
3.548134e-01  2.941209e-06
3.845918e-01  2.229223e-06
4.168694e-01  1.701720e-06
4.518559e-01  1.308605e-06
4.897788e-01  1.013649e-06
5.308844e-01  7.910706e-07
5.754399e-01  6.219762e-07
6.237348e-01  4.926475e-07
6.760830e-01  3.931001e-07
7.328245e-01  3.160084e-07
7.943282e-01  2.559393e-07
8.609938e-01  2.080777e-07
9.120108e-01  1.805992e-07
9.660509e-01  1.578004e-07
1.023293e+00  1.389516e-07
1.096478e+00  1.202063e-07
1.174898e+00  1.047860e-07
1.273503e+00  9.015181e-08
1.428894e+00  7.327128e-08
1.717908e+00  5.298565e-08
1.905461e+00  4.444512e-08
2.113489e+00  3.757242e-08
2.454709e+00  2.968902e-08
2.851018e+00  2.363790e-08
3.198895e+00  1.996198e-08
3.715352e+00  1.614830e-08
4.365158e+00  1.295331e-08
5.128614e+00  1.046814e-08
6.165950e+00  8.273812e-09
7.413102e+00  6.585411e-09
9.225714e+00  5.065184e-09
1.161449e+01  3.874291e-09
1.500000e+01  2.900300e-09
2.000000e+01  2.111500e-09
2.691535e+01  1.533011e-09
3.935501e+01  1.025912e-09
6.531306e+01  6.063270e-10
1.288250e+02  3.030550e-10
2.570396e+02  1.507720e-10
1.023293e+03  3.765710e-11
6.456542e+04  5.955840e-13
1.000000e+05  3.846500e-13
-1  -1
6.380000e-06  0.000000e+00
6.380000e-06  1.463880e+06
6.531306e-06  1.299632e+06
6.839116e-06  1.018567e+06
7.100000e-06  8.312630e+05
7.413102e-06  6.535414e+05
7.700000e-06  5.254210e+05
8.000000e-06  4.190640e+05
8.317638e-06  3.301801e+05
8.609938e-06  2.653101e+05
8.850000e-06  2.216930e+05
9.120108e-06  1.810342e+05
9.350000e-06  1.522410e+05
9.600000e-06  1.259550e+05
9.850000e-06  1.040390e+05
1.011579e-05  8.472255e+04
1.035142e-05  7.046223e+04
1.060000e-05  5.786180e+04
1.085000e-05  4.731600e+04
1.109175e-05  3.882574e+04
1.127000e-05  3.348670e+04
1.150000e-05  2.759350e+04
1.174898e-05  2.230446e+04
1.200000e-05  1.794540e+04
1.230269e-05  1.377487e+04
1.290000e-05  8.246790e+03
1.310000e-05  7.020650e+03
1.325000e-05  6.266220e+03
1.340000e-05  5.638150e+03
1.353000e-05  5.186460e+03
1.365000e-05  4.839170e+03
1.376000e-05  4.574900e+03
1.385000e-05  4.394390e+03
1.395000e-05  4.228980e+03
1.405000e-05  4.098150e+03
1.415000e-05  3.999540e+03
1.425000e-05  3.930930e+03
1.435000e-05  3.890260e+03
1.445440e-05  3.875480e+03
1.455000e-05  3.885010e+03
1.465000e-05  3.916890e+03
1.475000e-05  3.969590e+03
1.485000e-05  4.041590e+03
1.500000e-05  4.182720e+03
1.515000e-05  4.359670e+03
1.531087e-05  4.584709e+03
1.554900e-05  4.975501e+03
1.590000e-05  5.653250e+03
1.650000e-05  7.007910e+03
1.690000e-05  7.996230e+03
1.720000e-05  8.762000e+03
1.757924e-05  9.744453e+03
1.785000e-05  1.044820e+04
1.819701e-05  1.134502e+04
1.862087e-05  1.242314e+04
1.905461e-05  1.349818e+04
1.950000e-05  1.456400e+04
2.000000e-05  1.570770e+04
2.055000e-05  1.689590e+04
2.113489e-05  1.807607e+04
2.170000e-05  1.913440e+04
2.238721e-05  2.031524e+04
2.317395e-05  2.153037e+04
2.400000e-05  2.265940e+04
2.483133e-05  2.365618e+04
2.580000e-05  2.465840e+04
2.691535e-05  2.562496e+04
2.818383e-05  2.651446e+04
2.951209e-05  2.724229e+04
3.090295e-05  2.781611e+04
3.273407e-05  2.833275e+04
3.467369e-05  2.865013e+04
3.672823e-05  2.879227e+04
3.935501e-05  2.875753e+04
4.216965e-05  2.852786e+04
4.518559e-05  2.812171e+04
4.900000e-05  2.744830e+04
5.308844e-05  2.660907e+04
5.754399e-05  2.561072e+04
6.237348e-05  2.447068e+04
6.800000e-05  2.311850e+04
7.328245e-05  2.185872e+04
7.943282e-05  2.043233e+04
8.609938e-05  1.895460e+04
9.332543e-05  1.746432e+04
1.011579e-04  1.598746e+04
1.122018e-04  1.415124e+04
1.260000e-04  1.223800e+04
1.445440e-04  1.021475e+04
1.717908e-04  8.065434e+03
2.818383e-04  4.035083e+03
3.126079e-04  3.475410e+03
3.630781e-04  2.779233e+03
4.073803e-04  2.325834e+03
4.841724e-04  1.761169e+03
6.918310e-04  9.822067e+02
8.035261e-04  7.627337e+02
1.071519e-03  4.626194e+02
1.380384e-03  2.960537e+02
1.698244e-03  2.041099e+02
2.065380e-03  1.426628e+02
2.511886e-03  9.893702e+01
3.090295e-03  6.658239e+01
3.672823e-03  4.752400e+01
4.365158e-03  3.367977e+01
5.308844e-03  2.261099e+01
6.309573e-03  1.579667e+01
7.498942e-03  1.095436e+01
8.810489e-03  7.729278e+00
1.035142e-02  5.415647e+00
1.216186e-02  3.767510e+00
1.428894e-02  2.601990e+00
1.678804e-02  1.783693e+00
1.972423e-02  1.213666e+00
2.317395e-02  8.196898e-01
2.722701e-02  5.495052e-01
3.198895e-02  3.656505e-01
3.758374e-02  2.415139e-01
4.466836e-02  1.536780e-01
5.248075e-02  1.000789e-01
6.309573e-02  6.082120e-02
7.673615e-02  3.555501e-02
9.225714e-02  2.128162e-02
1.202264e-01  1.008420e-02
2.264644e-01  1.673012e-03
2.722701e-01  9.982086e-04
3.198895e-01  6.398884e-04
3.672823e-01  4.402124e-04
4.168694e-01  3.147464e-04
4.677351e-01  2.336776e-04
5.188000e-01  1.799077e-04
5.754399e-01  1.394535e-04
6.382635e-01  1.088876e-04
7.079458e-01  8.567339e-05
7.852356e-01  6.793594e-05
8.709636e-01  5.429050e-05
9.549926e-01  4.480058e-05
1.083927e+00  3.474575e-05
1.188600e+00  2.900200e-05
1.380384e+00  2.188868e-05
1.548817e+00  1.774175e-05
1.717908e+00  1.478720e-05
1.905461e+00  1.241306e-05
2.137962e+00  1.030770e-05
2.511886e+00  8.006499e-06
2.884032e+00  6.491935e-06
3.273407e+00  5.395408e-06
3.801894e+00  4.369621e-06
4.466836e+00  3.508930e-06
5.248075e+00  2.838711e-06
6.382635e+00  2.213475e-06
7.673615e+00  1.764219e-06
9.440609e+00  1.377207e-06
1.202264e+01  1.040454e-06
1.548817e+01  7.818461e-07
2.065380e+01  5.696140e-07
2.818383e+01  4.077783e-07
4.120975e+01  2.731615e-07
6.683439e+01  1.654410e-07
1.303167e+02  8.368677e-08
2.600160e+02  4.163778e-08
1.035142e+03  1.039981e-08
6.531306e+04  1.644970e-10
1.000000e+05  1.074700e-10
-1  -1
-2  0.0
-2  -2
